iteration;fitness;hashCode;viable;numPass;numFail;passing;failing;time;now
NaN;0.0035994427202612617;84532493;true;0;1;;"test0";3891;1691579812503
0;472661207;false;-1;0;1;;"test0";NaN;41957
0;-1408758424;false;-1;0;1;;"test0";NaN;41957
0;-90874999;true;0.002574370709382151;0;1;;"test0";3331;41957
0;-1825222022;true;0.002574370709382151;0;1;;"test0";5432;41957
0;-1062602059;true;0.002574370709382151;0;1;;"test0";6463;41957
0;1306097597;true;0.0028643572950366922;0;1;;"test0";5500;41957
0;-610131166;true;0.003003432494279176;0;1;;"test0";5301;41957
0;935040400;true;0.003003432494279176;0;1;;"test0";6363;41957
0;-1555057587;true;0.0034349401486804335;0;1;;"test0";5122;41957
0;-393926988;true;0.0034350027518015;0;1;;"test0";6053;41957
0;1109510651;true;0.0035994427202612617;0;1;;"test0";5369;41957
0;1671097726;true;0.0035994427202612617;0;1;;"test0";6466;41957
0;84532493;true;0.0035994427202612617;0;1;;"test0";6460;41957
0;-119981499;true;0.0035994427202612617;0;1;;"test0";5523;41957
0;1645075069;true;0.0035994427202612617;0;1;;"test0";6253;41957
0;-1724762560;true;0.0035994427202612617;0;1;;"test0";5976;41957
0;355187664;true;0.0035994427202612617;0;1;;"test0";5792;41957
0;-34014820;true;0.0035994427202612617;0;1;;"test0";6250;41957
0;1625243771;true;0.0035994427202612617;0;1;;"test0";5452;41957
0;-102738111;true;0.0035994427202612617;0;1;;"test0";5438;41957
0;-1698505562;true;0.0035994427202612617;0;1;;"test0";5480;41957
0;84532493;true;0.0035994427202612617;0;1;;"test0";5558;41957
0;1774223356;true;0.0035994427202612617;0;1;;"test0";5467;41957
0;-1063729645;true;0.0035994427202612617;0;1;;"test0";5937;41957
0;1354149583;true;0.0035994427202612617;0;1;;"test0";6171;41957
0;-742778373;true;0.0035994427202612617;0;1;;"test0";4628;41957
0;-1240099088;true;0.0035994427202612617;0;1;;"test0";5880;41957
0;-435242324;true;0.0035994427202612617;0;1;;"test0";5388;41957
0;1790898687;true;0.0035994427202612617;0;1;;"test0";5528;41957
0;84532493;true;0.0035994427202612617;0;1;;"test0";5327;41957
0;211856180;true;0.0035994427202612617;0;1;;"test0";5841;41957
0;-673675856;true;0.0035994427202612617;0;1;;"test0";5407;41957
0;1513692388;true;0.0035994427202612617;0;1;;"test0";5472;41957
0;84532493;true;0.0035994427202612617;0;1;;"test0";5495;41957
0;1817405484;true;0.0035994427202612617;0;1;;"test0";5469;41957
0;543646844;true;0.0035994427202612617;0;1;;"test0";5214;41957
0;-1467011065;true;0.0035994427202612617;0;1;;"test0";5599;41957
0;-1763772377;true;0.0035994427202612617;0;1;;"test0";5774;41957
0;-1847029882;true;0.0035994427202612617;0;1;;"test0";5369;41957
0;1396720184;true;0.0035994427202612617;0;1;;"test0";6475;41957
0;1140297472;true;0.0035994427202612617;0;1;;"test0";6057;41957
0;373539590;true;0.0035994427202612617;0;1;;"test0";6470;41957
0;84532493;true;0.0035994427202612617;0;1;;"test0";5350;41957
0;207904160;true;0.0035994427202612617;0;1;;"test0";5704;41957
0;84532493;true;0.0035994427202612617;0;1;;"test0";3;41957
0;1190412107;true;0.0035994427202612617;0;1;;"test0";5943;41957
0;-1249518841;true;0.003796113882157877;0;1;;"test0";3554;41957
0;-393926988;false;-1;0;1;;"test0";NaN;86014
0;-633679852;true;0.002479023646071701;0;1;;"test0";5703;86014
0;-534664445;true;0.002574370709382151;0;1;;"test0";5935;86014
0;1503570149;true;0.002574370709382151;0;1;;"test0";6067;86014
0;1930102026;true;0.002574370709382151;0;1;;"test0";6585;86014
0;1306097597;true;0.0028643572950366922;0;1;;"test0";6098;86014
0;1306097597;true;0.0028643572950366922;0;1;;"test0";5727;86014
0;-1995908159;true;0.0028643572950366922;0;1;;"test0";6178;86014
0;1306097597;true;0.0028643572950366922;0;1;;"test0";6377;86014
0;-128566120;true;0.002955758962623951;0;1;;"test0";6278;86014
0;935040400;true;0.003003432494279176;0;1;;"test0";6467;86014
0;803805646;true;0.003003432494279176;0;1;;"test0";6362;86014
0;1096644110;true;0.003003432494279176;0;1;;"test0";3453;86014
0;868274406;true;0.0034349401486804335;0;1;;"test0";5840;86014
0;290172432;true;0.0034349401486804335;0;1;;"test0";6338;86014
0;-1555057587;true;0.0034349401486804335;0;1;;"test0";5684;86014
0;1368958838;true;0.0034349401486804335;0;1;;"test0";6373;86014
0;-1555057587;true;0.0034349401486804335;0;1;;"test0";6002;86014
0;-1555057587;true;0.0034349401486804335;0;1;;"test0";6368;86014
0;1565128833;true;0.0034349401486804335;0;1;;"test0";5843;86014
0;1436477545;true;0.0034349401486804335;0;1;;"test0";5481;86014
0;-1340112599;true;0.0034349401486804335;0;1;;"test0";5236;86014
0;-1129273768;true;0.0034349763887790603;0;1;;"test0";6538;86014
0;-1873023330;true;0.0034350027518015;0;1;;"test0";6387;86014
0;-393926988;true;0.0034350027518015;0;1;;"test0";5390;86014
0;-393926988;true;0.0034350027518015;0;1;;"test0";5476;86014
0;-393926988;true;0.0034350027518015;0;1;;"test0";5954;86014
0;769421403;true;0.0034350027518015;0;1;;"test0";6508;86014
0;-2040416860;true;0.0034350027518015;0;1;;"test0";5682;86014
0;-34287935;true;0.0034350027518015;0;1;;"test0";6503;86014
0;516776976;true;0.0034350027518015;0;1;;"test0";6220;86014
0;680867616;true;0.0034350027518015;0;1;;"test0";3640;86014
0;1230644064;true;0.0034350027518015;0;1;;"test0";6275;86014
0;799606429;true;0.003435613140154093;0;1;;"test0";6355;86014
0;39317984;true;0.0035994427202612617;0;1;;"test0";6388;86014
0;204608027;true;0.0035994427202612617;0;1;;"test0";6064;86014
0;-256887683;true;0.0035994427202612617;0;1;;"test0";5899;86014
0;1190412107;true;0.0035994427202612617;0;1;;"test0";11;86014
0;1354149583;true;0.0035994427202612617;0;1;;"test0";6524;86014
0;1675939445;true;0.0035994427202612617;0;1;;"test0";5487;86014
0;65002265;true;0.0035994427202612617;0;1;;"test0";5823;86014
0;-1980565425;true;0.0035994427202612617;0;1;;"test0";6345;86014
0;-1236685998;true;0.0035994427202612617;0;1;;"test0";5997;86014
0;722021649;true;0.003796113882157877;0;1;;"test0";6207;86014
0;1657359222;true;0.003796113882157877;0;1;;"test0";6533;86014
0;-1249518841;true;0.003796113882157877;0;1;;"test0";5872;86014
0;-319849611;true;0.003796113882157877;0;1;;"test0";6123;86014
0;576459241;true;0.003796113882157877;0;1;;"test0";5900;86014
0;-1740371846;true;0.003796113882157877;0;1;;"test0";5395;86014
1;-359625757;false;-1;0;1;;"test0";NaN;140663
1;29682675;false;-1;0;1;;"test0";NaN;140663
1;1784886644;true;0.0028643572950366922;0;1;;"test0";6604;140663
1;293850653;true;0.0028643572950366922;0;1;;"test0";6621;140663
1;284932526;true;0.0028643572950366922;0;1;;"test0";6322;140663
1;-2076421284;true;0.002955758962623951;0;1;;"test0";5723;140663
1;-128566120;true;0.002955758962623951;0;1;;"test0";6186;140663
1;-128566120;true;0.002955758962623951;0;1;;"test0";6013;140663
1;-323823051;true;0.003003432494279176;0;1;;"test0";6433;140663
1;1945184017;true;0.0034348363921578653;0;1;;"test0";5546;140663
1;1436477545;true;0.0034349401486804335;0;1;;"test0";6123;140663
1;-2059497293;true;0.0034349401486804335;0;1;;"test0";6459;140663
1;-1266071634;true;0.0034349692524766754;0;1;;"test0";6441;140663
1;-1961151190;true;0.0034349763887790603;0;1;;"test0";6375;140663
1;1582485538;true;0.0034350027518015;0;1;;"test0";6390;140663
1;462150671;true;0.0034350027518015;0;1;;"test0";6087;140663
1;38194019;true;0.0034350027518015;0;1;;"test0";6268;140663
1;1123941350;true;0.0034350027518015;0;1;;"test0";2977;140663
1;703550036;true;0.0034350479609103956;0;1;;"test0";5901;140663
1;799606429;true;0.003435613140154093;0;1;;"test0";6764;140663
1;799606429;true;0.003435613140154093;0;1;;"test0";6299;140663
1;-835133728;true;0.003435613140154093;0;1;;"test0";5439;140663
1;-57407573;true;0.003435613140154093;0;1;;"test0";6338;140663
1;-104830594;true;0.003435613140154093;0;1;;"test0";6391;140663
1;-1397441366;true;0.003435613140154093;0;1;;"test0";6401;140663
1;107332324;true;0.0035215107722845126;0;1;;"test0";5641;140663
1;1068127422;true;0.0035994427202612617;0;1;;"test0";5797;140663
1;1448342433;true;0.0035994427202612617;0;1;;"test0";6741;140663
1;522515415;true;0.0035994427202612617;0;1;;"test0";6896;140663
1;-895203016;true;0.0035994427202612617;0;1;;"test0";6381;140663
1;2042611684;true;0.0035994427202612617;0;1;;"test0";5956;140663
1;-1975787658;true;0.0035994427202612617;0;1;;"test0";6177;140663
1;1354149583;true;0.0035994427202612617;0;1;;"test0";5516;140663
1;792205527;true;0.0035994427202612617;0;1;;"test0";6192;140663
1;629998874;true;0.0035994427202612617;0;1;;"test0";6469;140663
1;-64320045;true;0.0035994427202612617;0;1;;"test0";6872;140663
1;-1358783655;true;0.0035994427202612617;0;1;;"test0";5939;140663
1;-1540963059;true;0.0035994427202612617;0;1;;"test0";5461;140663
1;1344359374;true;0.0035994427202612617;0;1;;"test0";6297;140663
1;65002265;true;0.0035994427202612617;0;1;;"test0";6321;140663
1;-1616735246;true;0.0035994427202612617;0;1;;"test0";6260;140663
1;1626618162;true;0.0035994427202612617;0;1;;"test0";5476;140663
1;65002265;true;0.0035994427202612617;0;1;;"test0";6239;140663
1;-1333472368;true;0.003796113882157877;0;1;;"test0";6470;140663
1;1501263339;true;0.003796113882157877;0;1;;"test0";5987;140663
1;576459241;true;0.003796113882157877;0;1;;"test0";2;140663
1;-1740371846;true;0.003796113882157877;0;1;;"test0";2;140663
1;1449051832;true;0.003796113882157877;0;1;;"test0";5994;140663
1;-771721128;true;0.003796113882157877;0;1;;"test0";6442;140663
1;354824462;true;0.003796113882157877;0;1;;"test0";6237;140663
2;1243752314;true;0.002574370709382151;0;1;;"test0";6542;181682
2;-1551975801;true;0.002574370709382151;0;1;;"test0";6730;181682
2;-1584273304;true;0.0028643572950366922;0;1;;"test0";6858;181682
2;609006836;true;0.002955758962623951;0;1;;"test0";6481;181682
2;208446846;true;0.002955758962623951;0;1;;"test0";6737;181682
2;-275837967;true;0.003003432494279176;0;1;;"test0";6553;181682
2;2067000007;true;0.003003432494279176;0;1;;"test0";6571;181682
2;-555722123;true;0.003003432494279176;0;1;;"test0";6697;181682
2;2005843544;true;0.003003432494279176;0;1;;"test0";6532;181682
2;-777281137;true;0.003003432494279176;0;1;;"test0";6232;181682
2;-323823051;true;0.003003432494279176;0;1;;"test0";6688;181682
2;-985254331;true;0.0034348363921578653;0;1;;"test0";6101;181682
2;1436477545;true;0.0034349401486804335;0;1;;"test0";6486;181682
2;-1266071634;true;0.0034349692524766754;0;1;;"test0";6662;181682
2;1147794678;true;0.0034349763887790603;0;1;;"test0";6458;181682
2;-1961151190;true;0.0034349763887790603;0;1;;"test0";6305;181682
2;-448519586;true;0.0034349763887790603;0;1;;"test0";6544;181682
2;343442605;true;0.003434987726325005;0;1;;"test0";6419;181682
2;2104350731;true;0.0034350027518015;0;1;;"test0";6519;181682
2;38194019;true;0.0034350027518015;0;1;;"test0";6788;181682
2;720695017;true;0.0034350027518015;0;1;;"test0";6493;181682
2;1697745824;true;0.0034350102139809376;0;1;;"test0";6516;181682
2;703550036;true;0.0034350479609103956;0;1;;"test0";6819;181682
2;703550036;true;0.0034350479609103956;0;1;;"test0";6674;181682
2;1216355714;true;0.0034350479609103956;0;1;;"test0";6701;181682
2;-1097163508;true;0.0034350479609103956;0;1;;"test0";6388;181682
2;-1397441366;true;0.003435613140154093;0;1;;"test0";6670;181682
2;-873472085;true;0.003435613140154093;0;1;;"test0";6615;181682
2;-104830594;true;0.003435613140154093;0;1;;"test0";6620;181682
2;132904783;true;0.003435613140154093;0;1;;"test0";6779;181682
2;530167270;true;0.00345049114166193;0;1;;"test0";6669;181682
2;107332324;true;0.0035215107722845126;0;1;;"test0";6665;181682
2;327917201;true;0.0035215107722845126;0;1;;"test0";6455;181682
2;1228013387;true;0.0035215107722845126;0;1;;"test0";6487;181682
2;-1609593060;true;0.0035215107722845126;0;1;;"test0";6669;181682
2;144243940;true;0.0035215107722845126;0;1;;"test0";6612;181682
2;-478689746;true;0.0035215107722845126;0;1;;"test0";6460;181682
2;-697755456;true;0.0035215107722845126;0;1;;"test0";6536;181682
2;107332324;true;0.0035215107722845126;0;1;;"test0";6563;181682
2;107332324;true;0.0035215107722845126;0;1;;"test0";6741;181682
2;1622822979;true;0.0035994427202612617;0;1;;"test0";6420;181682
2;1352996849;true;0.0035994427202612617;0;1;;"test0";6404;181682
2;-581340114;true;0.0035994427202612617;0;1;;"test0";6902;181682
2;1444298741;true;0.0035994427202612617;0;1;;"test0";6399;181682
2;434689611;true;0.003796113882157877;0;1;;"test0";6234;181682
2;1501263339;true;0.003796113882157877;0;1;;"test0";6254;181682
2;-1469747080;true;0.003796113882157877;0;1;;"test0";6375;181682
2;354824462;true;0.003796113882157877;0;1;;"test0";2;181682
2;1501263339;true;0.003796113882157877;0;1;;"test0";6534;181682
2;-771721128;true;0.003796113882157877;0;1;;"test0";8;181682
3;1403590803;false;-1;0;1;;"test0";NaN;227514
3;1507371135;true;0.001906941266209001;0;1;;"test0";6628;227514
3;558433792;true;0.001906941266209001;0;1;;"test0";5843;227514
3;1288054907;true;0.002574370709382151;0;1;;"test0";6600;227514
3;-1947147001;true;0.002574370709382151;0;1;;"test0";5788;227514
3;-939467244;true;0.002574370709382151;0;1;;"test0";3509;227514
3;-735699905;true;0.002574370709382151;0;1;;"test0";6549;227514
3;-2120567380;true;0.00286427732079906;0;1;;"test0";5624;227514
3;1249513093;true;0.0028643572950366922;0;1;;"test0";6506;227514
3;912512505;true;0.0028643572950366922;0;1;;"test0";5672;227514
3;825324958;true;0.0028643572950366922;0;1;;"test0";6273;227514
3;1231921051;true;0.003003432494279176;0;1;;"test0";6967;227514
3;494444608;true;0.003434903068906938;0;1;;"test0";6174;227514
3;829736800;true;0.0034349401486804335;0;1;;"test0";6699;227514
3;-1266071634;true;0.0034349692524766754;0;1;;"test0";5981;227514
3;-1266071634;true;0.0034349692524766754;0;1;;"test0";6566;227514
3;-389579608;true;0.0034349763887790603;0;1;;"test0";5777;227514
3;-909800041;true;0.0034349763887790603;0;1;;"test0";6406;227514
3;1087679568;true;0.003434987726325005;0;1;;"test0";6544;227514
3;-1470574088;true;0.003434987726325005;0;1;;"test0";6609;227514
3;720695017;true;0.0034350027518015;0;1;;"test0";6717;227514
3;1697745824;true;0.0034350102139809376;0;1;;"test0";6441;227514
3;1697745824;true;0.0034350102139809376;0;1;;"test0";6701;227514
3;132904783;true;0.003435613140154093;0;1;;"test0";6773;227514
3;-873472085;true;0.003435613140154093;0;1;;"test0";5791;227514
3;1892833665;true;0.003435613140154093;0;1;;"test0";6792;227514
3;-873472085;true;0.003435613140154093;0;1;;"test0";6440;227514
3;-984562283;true;0.003435613140154093;0;1;;"test0";6646;227514
3;1384716279;true;0.0034361912887494457;0;1;;"test0";3759;227514
3;421671780;true;0.003446444680280546;0;1;;"test0";5913;227514
3;867879858;true;0.00345049114166193;0;1;;"test0";6747;227514
3;-1220055145;true;0.00345049114166193;0;1;;"test0";5457;227514
3;1352996849;true;0.0035994427202612617;0;1;;"test0";6306;227514
3;1622822979;true;0.0035994427202612617;0;1;;"test0";5729;227514
3;967749621;true;0.0035994427202612617;0;1;;"test0";6758;227514
3;-245342317;true;0.0035994427202612617;0;1;;"test0";6483;227514
3;52717200;true;0.0035994427202612617;0;1;;"test0";5774;227514
3;1352996849;true;0.0035994427202612617;0;1;;"test0";5829;227514
3;906885059;true;0.0035994427202612617;0;1;;"test0";7062;227514
3;235280324;true;0.0035994427202612617;0;1;;"test0";6522;227514
3;1501263339;true;0.003796113882157877;0;1;;"test0";2;227514
3;434689611;true;0.003796113882157877;0;1;;"test0";6430;227514
3;-771721128;true;0.003796113882157877;0;1;;"test0";6167;227514
3;-771721128;true;0.003796113882157877;0;1;;"test0";5974;227514
3;-224196177;true;0.003796113882157877;0;1;;"test0";6466;227514
3;-591919343;true;0.003796113882157877;0;1;;"test0";6424;227514
3;-278917965;true;0.003796113882157877;0;1;;"test0";7059;227514
3;1118362390;true;0.003796113882157877;0;1;;"test0";6549;227514
3;-1617225381;true;0.003796113882157877;0;1;;"test0";6493;227514
4;-999060390;false;-1;0;1;;"test0";NaN;272679
4;818855731;true;0.001906941266209001;0;1;;"test0";7044;272679
4;1627644320;true;0.001906941266209001;0;1;;"test0";6732;272679
4;1291064998;true;0.002479023646071701;0;1;;"test0";5591;272679
4;1148527232;true;0.002574370709382151;0;1;;"test0";5948;272679
4;-917953506;true;0.002574370709382151;0;1;;"test0";6904;272679
4;1852527265;true;0.002574370709382151;0;1;;"test0";6217;272679
4;-176211693;true;0.00286427732079906;0;1;;"test0";6665;272679
4;-248296698;true;0.00286427732079906;0;1;;"test0";6296;272679
4;1409781085;true;0.0028643572950366922;0;1;;"test0";6015;272679
4;2058172665;true;0.0028643572950366922;0;1;;"test0";6724;272679
4;-1089702423;true;0.002864440648467464;0;1;;"test0";5893;272679
4;1609874208;true;0.003003432494279176;0;1;;"test0";6902;272679
4;-1316820751;true;0.003434903068906938;0;1;;"test0";4139;272679
4;829736800;true;0.0034349401486804335;0;1;;"test0";6775;272679
4;1552173705;true;0.0034349401486804335;0;1;;"test0";6625;272679
4;953634038;true;0.0034349583014711246;0;1;;"test0";6881;272679
4;1050965579;true;0.0034349763887790603;0;1;;"test0";3984;272679
4;-909800041;true;0.0034349763887790603;0;1;;"test0";5598;272679
4;-1470574088;true;0.003434987726325005;0;1;;"test0";5286;272679
4;1402215716;true;0.003434987726325005;0;1;;"test0";6807;272679
4;-1470574088;true;0.003434987726325005;0;1;;"test0";6342;272679
4;-1470574088;true;0.003434987726325005;0;1;;"test0";5569;272679
4;1087679568;true;0.003434987726325005;0;1;;"test0";5747;272679
4;720695017;true;0.0034350027518015;0;1;;"test0";6196;272679
4;-1403959413;true;0.0034350027518015;0;1;;"test0";7091;272679
4;720695017;true;0.0034350027518015;0;1;;"test0";6494;272679
4;-984562283;true;0.003435613140154093;0;1;;"test0";6887;272679
4;-984562283;true;0.003435613140154093;0;1;;"test0";6805;272679
4;421671780;true;0.003446444680280546;0;1;;"test0";5216;272679
4;-580432025;true;0.003446444680280546;0;1;;"test0";5673;272679
4;-439983648;true;0.0034489391481584406;0;1;;"test0";6631;272679
4;-1220055145;true;0.00345049114166193;0;1;;"test0";6614;272679
4;-1220055145;true;0.00345049114166193;0;1;;"test0";5679;272679
4;-1220055145;true;0.00345049114166193;0;1;;"test0";6175;272679
4;1912914157;true;0.00345049114166193;0;1;;"test0";6509;272679
4;-1220055145;true;0.00345049114166193;0;1;;"test0";6802;272679
4;-1715970420;true;0.00345049114166193;0;1;;"test0";6332;272679
4;-1507579351;true;0.0035215107722845126;0;1;;"test0";5552;272679
4;2083928668;true;0.0035994427202612617;0;1;;"test0";5862;272679
4;1638361143;true;0.0035994427202612617;0;1;;"test0";6306;272679
4;1517261972;true;0.0035994427202612617;0;1;;"test0";5813;272679
4;825046553;true;0.0035994427202612617;0;1;;"test0";6291;272679
4;231814242;true;0.0035994427202612617;0;1;;"test0";6927;272679
4;-1665919052;true;0.0035994427202612617;0;1;;"test0";6666;272679
4;169811601;true;0.0035994427202612617;0;1;;"test0";6915;272679
4;1118362390;true;0.003796113882157877;0;1;;"test0";1;272679
4;1781799193;true;0.003796113882157877;0;1;;"test0";5567;272679
4;-1617225381;true;0.003796113882157877;0;1;;"test0";5764;272679
5;-1442073705;true;0.002479023646071701;0;1;;"test0";6448;314451
5;1852527265;true;0.002574370709382151;0;1;;"test0";6710;314451
5;31263882;true;0.002574370709382151;0;1;;"test0";6839;314451
5;1148527232;true;0.002574370709382151;0;1;;"test0";6764;314451
5;-1344598145;true;0.002574370709382151;0;1;;"test0";6646;314451
5;1148527232;true;0.002574370709382151;0;1;;"test0";6240;314451
5;1277080327;true;0.002574370709382151;0;1;;"test0";6692;314451
5;1715120845;true;0.00286427732079906;0;1;;"test0";6584;314451
5;-1939381281;true;0.0028643572950366922;0;1;;"test0";6745;314451
5;-1089702423;true;0.002864440648467464;0;1;;"test0";6647;314451
5;-1089702423;true;0.002864440648467464;0;1;;"test0";6696;314451
5;615560350;true;0.003003432494279176;0;1;;"test0";6784;314451
5;413961127;true;0.003003432494279176;0;1;;"test0";6717;314451
5;-572811509;true;0.003003432494279176;0;1;;"test0";6378;314451
5;-1316820751;true;0.003434903068906938;0;1;;"test0";6668;314451
5;-1316820751;true;0.003434903068906938;0;1;;"test0";6684;314451
5;-376080432;true;0.003434903068906938;0;1;;"test0";6664;314451
5;-1229403446;true;0.003434903068906938;0;1;;"test0";6463;314451
5;-1316820751;true;0.003434903068906938;0;1;;"test0";6896;314451
5;-1441063046;true;0.0034349401486804335;0;1;;"test0";6809;314451
5;829736800;true;0.0034349401486804335;0;1;;"test0";6818;314451
5;-2039846982;true;0.0034349401486804335;0;1;;"test0";6698;314451
5;1090963558;true;0.0034349692524766754;0;1;;"test0";6055;314451
5;610583219;true;0.003435613140154093;0;1;;"test0";6585;314451
5;-817842708;true;0.003435613140154093;0;1;;"test0";5887;314451
5;196693228;true;0.003435613140154093;0;1;;"test0";6552;314451
5;-984562283;true;0.003435613140154093;0;1;;"test0";6722;314451
5;1725643601;true;0.003435613140154093;0;1;;"test0";6527;314451
5;-1487080029;true;0.003435613140154093;0;1;;"test0";6641;314451
5;-984562283;true;0.003435613140154093;0;1;;"test0";6334;314451
5;1599961284;true;0.003446444680280546;0;1;;"test0";6827;314451
5;-580432025;true;0.003446444680280546;0;1;;"test0";5671;314451
5;421671780;true;0.003446444680280546;0;1;;"test0";6703;314451
5;-879747468;true;0.00345049114166193;0;1;;"test0";7068;314451
5;159654927;true;0.00345049114166193;0;1;;"test0";6929;314451
5;1655695439;true;0.00345049114166193;0;1;;"test0";7128;314451
5;-683519369;true;0.0035215107722845126;0;1;;"test0";6635;314451
5;-275316938;true;0.0035215107722845126;0;1;;"test0";6806;314451
5;-1507579351;true;0.0035215107722845126;0;1;;"test0";6753;314451
5;-1507579351;true;0.0035215107722845126;0;1;;"test0";6693;314451
5;278047429;true;0.0035215107722845126;0;1;;"test0";6571;314451
5;-283039681;true;0.0035215107722845126;0;1;;"test0";6668;314451
5;-1932794830;true;0.0035215107722845126;0;1;;"test0";6635;314451
5;1537060928;true;0.0035994427202612617;0;1;;"test0";7545;314451
5;1572028806;true;0.0035994427202612617;0;1;;"test0";6051;314451
5;1781799193;true;0.003796113882157877;0;1;;"test0";14;314451
5;-2012912686;true;0.003796113882157877;0;1;;"test0";6466;314451
5;-1617225381;true;0.003796113882157877;0;1;;"test0";6443;314451
5;766471300;true;0.003796113882157877;0;1;;"test0";6709;314451
6;141421964;true;0.002574370709382151;0;1;;"test0";6585;356328
6;-1546174710;true;0.00286427732079906;0;1;;"test0";6600;356328
6;1986702217;true;0.0028643572950366922;0;1;;"test0";7114;356328
6;-1089702423;true;0.002864440648467464;0;1;;"test0";6570;356328
6;-893837649;true;0.003003432494279176;0;1;;"test0";6689;356328
6;413961127;true;0.003003432494279176;0;1;;"test0";6786;356328
6;-76514000;true;0.003003432494279176;0;1;;"test0";6409;356328
6;352322020;true;0.003003432494279176;0;1;;"test0";6528;356328
6;831881998;true;0.003434903068906938;0;1;;"test0";6921;356328
6;-1841615431;true;0.003434903068906938;0;1;;"test0";5910;356328
6;-1086437420;true;0.003434903068906938;0;1;;"test0";6386;356328
6;-1042092004;true;0.0034349401486804335;0;1;;"test0";6435;356328
6;-2039846982;true;0.0034349401486804335;0;1;;"test0";6835;356328
6;-334223474;true;0.0034349692524766754;0;1;;"test0";6631;356328
6;-1544544828;true;0.0034349692524766754;0;1;;"test0";6955;356328
6;1090963558;true;0.0034349692524766754;0;1;;"test0";6794;356328
6;-817842708;true;0.003435613140154093;0;1;;"test0";6338;356328
6;435974574;true;0.003435613140154093;0;1;;"test0";6914;356328
6;-902857719;true;0.003435613140154093;0;1;;"test0";6704;356328
6;196693228;true;0.003435613140154093;0;1;;"test0";6539;356328
6;1584928905;true;0.003446444680280546;0;1;;"test0";6881;356328
6;-580432025;true;0.003446444680280546;0;1;;"test0";6840;356328
6;-518246786;true;0.003446444680280546;0;1;;"test0";6790;356328
6;1167530454;true;0.003446730426075875;0;1;;"test0";6129;356328
6;-879747468;true;0.00345049114166193;0;1;;"test0";6757;356328
6;1855325656;true;0.00345049114166193;0;1;;"test0";6761;356328
6;-1780065354;true;0.0035215107722845126;0;1;;"test0";6306;356328
6;-1352107006;true;0.0035215107722845126;0;1;;"test0";6634;356328
6;-1932794830;true;0.0035215107722845126;0;1;;"test0";6695;356328
6;-1507579351;true;0.0035215107722845126;0;1;;"test0";6583;356328
6;1906465960;true;0.0035215107722845126;0;1;;"test0";6504;356328
6;1398069192;true;0.0035215107722845126;0;1;;"test0";6562;356328
6;-1727423371;true;0.0035994427202612617;0;1;;"test0";6644;356328
6;1572028806;true;0.0035994427202612617;0;1;;"test0";6719;356328
6;1572028806;true;0.0035994427202612617;0;1;;"test0";6433;356328
6;1537060928;true;0.0035994427202612617;0;1;;"test0";6987;356328
6;1459288044;true;0.0035994427202612617;0;1;;"test0";6812;356328
6;1537060928;true;0.0035994427202612617;0;1;;"test0";6702;356328
6;454817349;true;0.0035994427202612617;0;1;;"test0";6948;356328
6;95545351;true;0.0035994427202612617;0;1;;"test0";6739;356328
6;1537060928;true;0.0035994427202612617;0;1;;"test0";6814;356328
6;-1617225381;true;0.003796113882157877;0;1;;"test0";11;356328
6;321875631;true;0.003796113882157877;0;1;;"test0";6641;356328
6;-362117557;true;0.003796113882157877;0;1;;"test0";6935;356328
6;766471300;true;0.003796113882157877;0;1;;"test0";6642;356328
6;-2012912686;true;0.003796113882157877;0;1;;"test0";6744;356328
6;1781799193;true;0.003796113882157877;0;1;;"test0";6202;356328
6;-2108094096;true;0.003796113882157877;0;1;;"test0";6436;356328
6;1924173018;true;0.003796113882157877;0;1;;"test0";6460;356328
7;2083317651;false;-1;0;1;;"test0";NaN;406090
7;1415997106;false;-1;0;1;;"test0";NaN;406090
7;-1683388877;true;0.002402745995423341;0;1;;"test0";7012;406090
7;36070357;true;0.002574370709382151;0;1;;"test0";6186;406090
7;-813173628;true;0.0028643572950366922;0;1;;"test0";6378;406090
7;-1521285098;true;0.0028643572950366922;0;1;;"test0";6422;406090
7;819620334;true;0.0028643572950366922;0;1;;"test0";5800;406090
7;-181422775;true;0.0028643572950366922;0;1;;"test0";5762;406090
7;1986702217;true;0.0028643572950366922;0;1;;"test0";5921;406090
7;832670301;true;0.003003432494279176;0;1;;"test0";6702;406090
7;-523169547;true;0.003003432494279176;0;1;;"test0";6006;406090
7;-893837649;true;0.003003432494279176;0;1;;"test0";6873;406090
7;-1841615431;true;0.003434903068906938;0;1;;"test0";6029;406090
7;-1448385749;true;0.003434903068906938;0;1;;"test0";3805;406090
7;-1841615431;true;0.003434903068906938;0;1;;"test0";6701;406090
7;15494922;true;0.0034349692524766754;0;1;;"test0";5637;406090
7;-7476800;true;0.0034349692524766754;0;1;;"test0";6510;406090
7;1850942023;true;0.0034349692524766754;0;1;;"test0";6382;406090
7;2079614242;true;0.0034351954835067735;0;1;;"test0";6136;406090
7;862692167;true;0.003435613140154093;0;1;;"test0";5804;406090
7;1101683914;true;0.003446444680280546;0;1;;"test0";6330;406090
7;1014949602;true;0.003446444680280546;0;1;;"test0";6713;406090
7;-1727381779;true;0.003446444680280546;0;1;;"test0";6857;406090
7;1167530454;true;0.003446730426075875;0;1;;"test0";3814;406090
7;771917616;true;0.003446730426075875;0;1;;"test0";6693;406090
7;-1383536495;true;0.003446730426075875;0;1;;"test0";6318;406090
7;1167530454;true;0.003446730426075875;0;1;;"test0";5296;406090
7;1167530454;true;0.003446730426075875;0;1;;"test0";6089;406090
7;181051788;true;0.003446730426075875;0;1;;"test0";6319;406090
7;-1848519851;true;0.003446730426075875;0;1;;"test0";5700;406090
7;1791412974;true;0.00345049114166193;0;1;;"test0";5959;406090
7;-472249155;true;0.00345049114166193;0;1;;"test0";6301;406090
7;-1782853913;true;0.00345049114166193;0;1;;"test0";6181;406090
7;-1215736754;true;0.00345049114166193;0;1;;"test0";6674;406090
7;223730227;true;0.0035215107722845126;0;1;;"test0";6148;406090
7;1906465960;true;0.0035215107722845126;0;1;;"test0";5939;406090
7;-1352107006;true;0.0035215107722845126;0;1;;"test0";6190;406090
7;454817349;true;0.0035994427202612617;0;1;;"test0";5532;406090
7;-265242911;true;0.0035994427202612617;0;1;;"test0";5952;406090
7;454817349;true;0.0035994427202612617;0;1;;"test0";5802;406090
7;1645657855;true;0.0035994427202612617;0;1;;"test0";5789;406090
7;-1927826864;true;0.0035994427202612617;0;1;;"test0";3998;406090
7;1068663458;true;0.0035994427202612617;0;1;;"test0";6154;406090
7;-1451558963;true;0.0035994427202612617;0;1;;"test0";6502;406090
7;-194106730;true;0.0035994427202612617;0;1;;"test0";6723;406090
7;-1771482549;true;0.003796113882157877;0;1;;"test0";6323;406090
7;1874146877;true;0.003796113882157877;0;1;;"test0";5927;406090
7;1924173018;true;0.003796113882157877;0;1;;"test0";1;406090
7;-2108094096;true;0.003796113882157877;0;1;;"test0";1;406090
7;-1086063384;true;0.003796113882157877;0;1;;"test0";6621;406090
8;114574556;true;0.002370055573716901;0;1;;"test0";6903;447333
8;866635834;true;0.002402745995423341;0;1;;"test0";7205;447333
8;-1683388877;true;0.002402745995423341;0;1;;"test0";6586;447333
8;-1683388877;true;0.002402745995423341;0;1;;"test0";6709;447333
8;-1683388877;true;0.002402745995423341;0;1;;"test0";6456;447333
8;611917531;true;0.002431350114416476;0;1;;"test0";6468;447333
8;-1241718675;true;0.002574370709382151;0;1;;"test0";6837;447333
8;759163970;true;0.002574370709382151;0;1;;"test0";6546;447333
8;2055767080;true;0.002574370709382151;0;1;;"test0";7136;447333
8;-1115325319;true;0.0028643572950366922;0;1;;"test0";6805;447333
8;294491641;true;0.0028643572950366922;0;1;;"test0";6452;447333
8;-1841615431;true;0.003434903068906938;0;1;;"test0";6861;447333
8;-901968786;true;0.0034349401486804335;0;1;;"test0";6880;447333
8;2079614242;true;0.0034351954835067735;0;1;;"test0";6333;447333
8;2079614242;true;0.0034351954835067735;0;1;;"test0";6881;447333
8;862692167;true;0.003435613140154093;0;1;;"test0";6746;447333
8;-126703107;true;0.003435613140154093;0;1;;"test0";6488;447333
8;-1727381779;true;0.003446444680280546;0;1;;"test0";7082;447333
8;-1727381779;true;0.003446444680280546;0;1;;"test0";6466;447333
8;-1803258301;true;0.003446730426075875;0;1;;"test0";6952;447333
8;1796870444;true;0.003446730426075875;0;1;;"test0";6807;447333
8;1866615007;true;0.00345049114166193;0;1;;"test0";6075;447333
8;273232068;true;0.00345049114166193;0;1;;"test0";5900;447333
8;225639507;true;0.00345049114166193;0;1;;"test0";6812;447333
8;1791412974;true;0.00345049114166193;0;1;;"test0";6885;447333
8;-406847866;true;0.00345049114166193;0;1;;"test0";7071;447333
8;-472249155;true;0.00345049114166193;0;1;;"test0";6966;447333
8;-1453423474;true;0.00345049114166193;0;1;;"test0";6817;447333
8;-1507985959;true;0.0035215107722845126;0;1;;"test0";6760;447333
8;-25132274;true;0.0035994427202612617;0;1;;"test0";6292;447333
8;-411062712;true;0.0035994427202612617;0;1;;"test0";6854;447333
8;-265242911;true;0.0035994427202612617;0;1;;"test0";6906;447333
8;454817349;true;0.0035994427202612617;0;1;;"test0";6799;447333
8;-848044186;true;0.0035994427202612617;0;1;;"test0";6796;447333
8;-1564413725;true;0.0035994427202612617;0;1;;"test0";6794;447333
8;-265242911;true;0.0035994427202612617;0;1;;"test0";6349;447333
8;1485562772;true;0.0035994427202612617;0;1;;"test0";6453;447333
8;-1927826864;true;0.0035994427202612617;0;1;;"test0";6590;447333
8;832778072;true;0.0035994427202612617;0;1;;"test0";6644;447333
8;454817349;true;0.0035994427202612617;0;1;;"test0";6644;447333
8;-501758293;true;0.003796113882157877;0;1;;"test0";6814;447333
8;1874146877;true;0.003796113882157877;0;1;;"test0";6470;447333
8;-1086063384;true;0.003796113882157877;0;1;;"test0";1;447333
8;723914100;true;0.003796113882157877;0;1;;"test0";6790;447333
8;1924173018;true;0.003796113882157877;0;1;;"test0";6744;447333
8;-2035886221;true;0.003796113882157877;0;1;;"test0";6587;447333
8;1685867569;true;0.003796113882157877;0;1;;"test0";6408;447333
8;-2108094096;true;0.003796113882157877;0;1;;"test0";6382;447333
8;1924173018;true;0.003796113882157877;0;1;;"test0";6523;447333
9;866543744;false;-1;0;1;;"test0";NaN;494306
9;-1946744932;true;0.002002288329519451;0;1;;"test0";6847;494306
9;1401325673;true;0.002431350114416476;0;1;;"test0";5912;494306
9;611917531;true;0.002431350114416476;0;1;;"test0";6011;494306
9;935574077;true;0.002574370709382151;0;1;;"test0";5837;494306
9;-934731132;true;0.002574370709382151;0;1;;"test0";5871;494306
9;-1510926691;true;0.002574370709382151;0;1;;"test0";5393;494306
9;1781316919;true;0.003434903068906938;0;1;;"test0";6656;494306
9;-1841615431;true;0.003434903068906938;0;1;;"test0";6776;494306
9;96844263;true;0.0034349401486804335;0;1;;"test0";5713;494306
9;-901968786;true;0.0034349401486804335;0;1;;"test0";5690;494306
9;-1471722948;true;0.0034349401486804335;0;1;;"test0";6115;494306
9;-2012692212;true;0.003435235949048002;0;1;;"test0";3543;494306
9;-1159442736;true;0.003435613140154093;0;1;;"test0";6422;494306
9;862692167;true;0.003435613140154093;0;1;;"test0";6482;494306
9;466475228;true;0.003435613140154093;0;1;;"test0";6913;494306
9;248281925;true;0.003435613140154093;0;1;;"test0";6206;494306
9;702796919;true;0.003446444680280546;0;1;;"test0";6514;494306
9;-1727381779;true;0.003446444680280546;0;1;;"test0";6554;494306
9;683031359;true;0.003446730426075875;0;1;;"test0";6427;494306
9;-1136242874;true;0.003446730426075875;0;1;;"test0";6823;494306
9;-2004629586;true;0.003446730426075875;0;1;;"test0";6120;494306
9;-1803258301;true;0.003446730426075875;0;1;;"test0";6983;494306
9;1796870444;true;0.003446730426075875;0;1;;"test0";6957;494306
9;-1292120013;true;0.0034467989845210164;0;1;;"test0";5822;494306
9;1650800933;true;0.0034489391481584406;0;1;;"test0";6143;494306
9;-1453423474;true;0.00345049114166193;0;1;;"test0";5943;494306
9;1090653980;true;0.00345049114166193;0;1;;"test0";4292;494306
9;-314032800;true;0.00345049114166193;0;1;;"test0";5878;494306
9;196242699;true;0.00345049114166193;0;1;;"test0";6864;494306
9;743700010;true;0.00345049114166193;0;1;;"test0";6792;494306
9;-1507985959;true;0.0035215107722845126;0;1;;"test0";7187;494306
9;-1302999510;true;0.0035215107722845126;0;1;;"test0";6545;494306
9;1114450337;true;0.0035215107722845126;0;1;;"test0";6788;494306
9;-265242911;true;0.0035994427202612617;0;1;;"test0";6752;494306
9;-1564413725;true;0.0035994427202612617;0;1;;"test0";6838;494306
9;1922624333;true;0.0035994427202612617;0;1;;"test0";6917;494306
9;-1927826864;true;0.0035994427202612617;0;1;;"test0";6860;494306
9;-824287254;true;0.0035994427202612617;0;1;;"test0";5552;494306
9;1373019953;true;0.0035994427202612617;0;1;;"test0";6563;494306
9;-1927826864;true;0.0035994427202612617;0;1;;"test0";6833;494306
9;397974016;true;0.0035994427202612617;0;1;;"test0";6753;494306
9;-861467179;true;0.003796113882157877;0;1;;"test0";6017;494306
9;1935422014;true;0.003796113882157877;0;1;;"test0";6633;494306
9;-501758293;true;0.003796113882157877;0;1;;"test0";7199;494306
9;-2097366113;true;0.003796113882157877;0;1;;"test0";6770;494306
9;-2108094096;true;0.003796113882157877;0;1;;"test0";6127;494306
9;1924173018;true;0.003796113882157877;0;1;;"test0";2;494306
9;1190881258;true;0.003796113882157877;0;1;;"test0";5458;494306
10;-55588781;false;-1;0;1;;"test0";NaN;546531
10;-1510926691;true;0.002574370709382151;0;1;;"test0";6541;546531
10;-111480605;true;0.002574370709382151;0;1;;"test0";6343;546531
10;760898158;true;0.002574370709382151;0;1;;"test0";6650;546531
10;1220301848;true;0.003434903068906938;0;1;;"test0";6450;546531
10;-1471722948;true;0.0034349401486804335;0;1;;"test0";7009;546531
10;278417502;true;0.0034349401486804335;0;1;;"test0";6623;546531
10;-917442327;true;0.003435235949048002;0;1;;"test0";5482;546531
10;-897103985;true;0.003435235949048002;0;1;;"test0";6895;546531
10;1973690669;true;0.003435235949048002;0;1;;"test0";5848;546531
10;-2012692212;true;0.003435235949048002;0;1;;"test0";6799;546531
10;248281925;true;0.003435613140154093;0;1;;"test0";7116;546531
10;248281925;true;0.003435613140154093;0;1;;"test0";6961;546531
10;-1608789133;true;0.003435613140154093;0;1;;"test0";6459;546531
10;683031359;true;0.003446730426075875;0;1;;"test0";6983;546531
10;1190965724;true;0.003446730426075875;0;1;;"test0";6974;546531
10;683031359;true;0.003446730426075875;0;1;;"test0";6711;546531
10;212289491;true;0.003446730426075875;0;1;;"test0";6705;546531
10;778327649;true;0.00345049114166193;0;1;;"test0";6466;546531
10;-1453423474;true;0.00345049114166193;0;1;;"test0";5698;546531
10;-916616399;true;0.00345049114166193;0;1;;"test0";7006;546531
10;-438492102;true;0.00345049114166193;0;1;;"test0";6946;546531
10;-1453423474;true;0.00345049114166193;0;1;;"test0";5925;546531
10;1019902620;true;0.00345049114166193;0;1;;"test0";6672;546531
10;142085066;true;0.00345049114166193;0;1;;"test0";6872;546531
10;-314032800;true;0.00345049114166193;0;1;;"test0";6875;546531
10;-1134867430;true;0.00345049114166193;0;1;;"test0";6957;546531
10;152447007;true;0.0034523666030999104;0;1;;"test0";7395;546531
10;278374298;true;0.0035215107722845126;0;1;;"test0";6859;546531
10;1588060731;true;0.0035215107722845126;0;1;;"test0";6639;546531
10;2009790151;true;0.0035215107722845126;0;1;;"test0";6658;546531
10;-1507985959;true;0.0035215107722845126;0;1;;"test0";7008;546531
10;486494515;true;0.0035215107722845126;0;1;;"test0";6727;546531
10;2125040506;true;0.0035215107722845126;0;1;;"test0";6938;546531
10;808992917;true;0.003557586116000347;0;1;;"test0";3532;546531
10;-824287254;true;0.0035994427202612617;0;1;;"test0";5898;546531
10;-824287254;true;0.0035994427202612617;0;1;;"test0";5660;546531
10;1363556888;true;0.0035994427202612617;0;1;;"test0";6880;546531
10;-1792330359;true;0.0035994427202612617;0;1;;"test0";5624;546531
10;1190881258;true;0.003796113882157877;0;1;;"test0";6534;546531
10;555910273;true;0.003796113882157877;0;1;;"test0";6961;546531
10;1571282304;true;0.003796113882157877;0;1;;"test0";6270;546531
10;163350706;true;0.003796113882157877;0;1;;"test0";6643;546531
10;-1366504654;true;0.003796113882157877;0;1;;"test0";6455;546531
10;1924173018;true;0.003796113882157877;0;1;;"test0";2;546531
10;-21842410;true;0.003796113882157877;0;1;;"test0";6788;546531
10;1391387025;true;0.003796113882157877;0;1;;"test0";6734;546531
10;-861467179;true;0.003796113882157877;0;1;;"test0";6595;546531
10;1198520284;true;0.003796113882157877;0;1;;"test0";6972;546531
11;886499065;true;0.002574370709382151;0;1;;"test0";6930;589735
11;-111480605;true;0.002574370709382151;0;1;;"test0";6699;589735
11;675438409;true;0.002574370709382151;0;1;;"test0";6688;589735
11;-280743302;true;0.002574370709382151;0;1;;"test0";7039;589735
11;316299343;true;0.002574370709382151;0;1;;"test0";6907;589735
11;-1740280141;true;0.002574370709382151;0;1;;"test0";6635;589735
11;811800111;true;0.00286427732079906;0;1;;"test0";7034;589735
11;1370381897;true;0.0028643572950366922;0;1;;"test0";6337;589735
11;-533162742;true;0.003003432494279176;0;1;;"test0";6690;589735
11;-898677832;true;0.0034349692524766754;0;1;;"test0";7018;589735
11;-1489128508;true;0.0034351954835067735;0;1;;"test0";6857;589735
11;-222305162;true;0.003435235949048002;0;1;;"test0";6903;589735
11;212289491;true;0.003446730426075875;0;1;;"test0";6713;589735
11;-687129428;true;0.003446730426075875;0;1;;"test0";6645;589735
11;142085066;true;0.00345049114166193;0;1;;"test0";6991;589735
11;1382185996;true;0.00345049114166193;0;1;;"test0";7096;589735
11;-314032800;true;0.00345049114166193;0;1;;"test0";7150;589735
11;-221950456;true;0.00345049114166193;0;1;;"test0";6390;589735
11;1740259411;true;0.00345049114166193;0;1;;"test0";6918;589735
11;-314032800;true;0.00345049114166193;0;1;;"test0";7313;589735
11;-1693584499;true;0.00345049114166193;0;1;;"test0";6788;589735
11;-105458830;true;0.0034523666030999104;0;1;;"test0";6958;589735
11;1796086175;true;0.0034523666030999104;0;1;;"test0";7879;589735
11;-1752992818;true;0.0034523666030999104;0;1;;"test0";6461;589735
11;-964085129;true;0.0034523666030999104;0;1;;"test0";6688;589735
11;152447007;true;0.0034523666030999104;0;1;;"test0";7522;589735
11;-1278952554;true;0.0035215107722845126;0;1;;"test0";6697;589735
11;2009790151;true;0.0035215107722845126;0;1;;"test0";6841;589735
11;195901184;true;0.003557586116000347;0;1;;"test0";6222;589735
11;808992917;true;0.003557586116000347;0;1;;"test0";6857;589735
11;1210909855;true;0.003557586116000347;0;1;;"test0";7084;589735
11;-870985495;true;0.0035994427202612617;0;1;;"test0";6875;589735
11;1164155379;true;0.0035994427202612617;0;1;;"test0";6844;589735
11;-824287254;true;0.0035994427202612617;0;1;;"test0";6420;589735
11;898974258;true;0.0035994427202612617;0;1;;"test0";6506;589735
11;169268957;true;0.0035994427202612617;0;1;;"test0";6546;589735
11;-970283003;true;0.0035994427202612617;0;1;;"test0";6824;589735
11;761988700;true;0.003796113882157877;0;1;;"test0";7004;589735
11;-861467179;true;0.003796113882157877;0;1;;"test0";7253;589735
11;1346463985;true;0.003796113882157877;0;1;;"test0";6798;589735
11;-1579237923;true;0.003796113882157877;0;1;;"test0";6759;589735
11;-616509360;true;0.003796113882157877;0;1;;"test0";7024;589735
11;664838537;true;0.003796113882157877;0;1;;"test0";6723;589735
11;-749749445;true;0.003796113882157877;0;1;;"test0";6625;589735
11;1763965574;true;0.003796113882157877;0;1;;"test0";7135;589735
11;1198520284;true;0.003796113882157877;0;1;;"test0";2;589735
11;-2136310872;true;0.003796113882157877;0;1;;"test0";6694;589735
11;-2098537905;true;0.003796113882157877;0;1;;"test0";6442;589735
11;-119069952;true;0.003796113882157877;0;1;;"test0";7290;589735
12;1729194825;true;0.002574370709382151;0;1;;"test0";5885;633506
12;1357667527;true;0.00286427732079906;0;1;;"test0";7275;633506
12;240666491;true;0.0028643572950366922;0;1;;"test0";7082;633506
12;1370381897;true;0.0028643572950366922;0;1;;"test0";7032;633506
12;737667329;true;0.0028643572950366922;0;1;;"test0";7015;633506
12;1083042599;true;0.003003432494279176;0;1;;"test0";6716;633506
12;-1806284193;true;0.003003432494279176;0;1;;"test0";6892;633506
12;-805802167;true;0.003003432494279176;0;1;;"test0";6732;633506
12;62395574;true;0.0034349692524766754;0;1;;"test0";7167;633506
12;773402816;true;0.003435235949048002;0;1;;"test0";6651;633506
12;978743648;true;0.003435235949048002;0;1;;"test0";7084;633506
12;1470899713;true;0.003446730426075875;0;1;;"test0";6783;633506
12;-687129428;true;0.003446730426075875;0;1;;"test0";6809;633506
12;-314032800;true;0.00345049114166193;0;1;;"test0";7172;633506
12;-1044677309;true;0.00345049114166193;0;1;;"test0";6368;633506
12;-614743534;true;0.00345049114166193;0;1;;"test0";6671;633506
12;1740259411;true;0.00345049114166193;0;1;;"test0";7162;633506
12;-314032800;true;0.00345049114166193;0;1;;"test0";7546;633506
12;1740259411;true;0.00345049114166193;0;1;;"test0";7323;633506
12;1889873002;true;0.00345049114166193;0;1;;"test0";6936;633506
12;152447007;true;0.0034523666030999104;0;1;;"test0";7165;633506
12;152447007;true;0.0034523666030999104;0;1;;"test0";7223;633506
12;152447007;true;0.0034523666030999104;0;1;;"test0";6820;633506
12;152447007;true;0.0034523666030999104;0;1;;"test0";7153;633506
12;-260051704;true;0.0035215107722845126;0;1;;"test0";7153;633506
12;-1038313581;true;0.0035215107722845126;0;1;;"test0";6977;633506
12;1210909855;true;0.003557586116000347;0;1;;"test0";6348;633506
12;-1391445248;true;0.003557586116000347;0;1;;"test0";7119;633506
12;24717860;true;0.003557586116000347;0;1;;"test0";6261;633506
12;195901184;true;0.003557586116000347;0;1;;"test0";6873;633506
12;-1819351808;true;0.003557586116000347;0;1;;"test0";6884;633506
12;427903965;true;0.0035994427202612617;0;1;;"test0";6685;633506
12;1691684723;true;0.0035994427202612617;0;1;;"test0";6688;633506
12;-2131281041;true;0.0035994427202612617;0;1;;"test0";7119;633506
12;866056597;true;0.0035994427202612617;0;1;;"test0";6784;633506
12;470979892;true;0.0035994427202612617;0;1;;"test0";6992;633506
12;1188791471;true;0.0035994427202612617;0;1;;"test0";6980;633506
12;1134451682;true;0.0035994427202612617;0;1;;"test0";6318;633506
12;-106200519;true;0.0035994427202612617;0;1;;"test0";6718;633506
12;-1908339113;true;0.0035994427202612617;0;1;;"test0";6468;633506
12;-586807254;true;0.0035994427202612617;0;1;;"test0";6879;633506
12;928562340;true;0.003796113882157877;0;1;;"test0";6245;633506
12;546386239;true;0.003796113882157877;0;1;;"test0";6857;633506
12;-2098537905;true;0.003796113882157877;0;1;;"test0";2;633506
12;-749749445;true;0.003796113882157877;0;1;;"test0";6244;633506
12;-1656067788;true;0.003796113882157877;0;1;;"test0";6257;633506
12;1198520284;true;0.003796113882157877;0;1;;"test0";6182;633506
12;-119069952;true;0.003796113882157877;0;1;;"test0";2;633506
12;-2606659;true;0.003796113882157877;0;1;;"test0";7180;633506
12;229542726;true;0.003796113882157877;0;1;;"test0";7193;633506
13;-1636114232;false;-1;0;1;;"test0";NaN;681585
13;385787712;true;0.002574370709382151;0;1;;"test0";6877;681585
13;432374503;true;0.002574370709382151;0;1;;"test0";5959;681585
13;1918863518;true;0.002574370709382151;0;1;;"test0";6352;681585
13;703061196;true;0.00286427732079906;0;1;;"test0";6539;681585
13;-1003697574;true;0.00286427732079906;0;1;;"test0";6346;681585
13;1041237290;true;0.003003432494279176;0;1;;"test0";6129;681585
13;185863445;true;0.003446730426075875;0;1;;"test0";6778;681585
13;-687129428;true;0.003446730426075875;0;1;;"test0";6965;681585
13;1470899713;true;0.003446730426075875;0;1;;"test0";6096;681585
13;-1452515437;true;0.003446730426075875;0;1;;"test0";6809;681585
13;1607839571;true;0.003446730426075875;0;1;;"test0";3669;681585
13;1470899713;true;0.003446730426075875;0;1;;"test0";6797;681585
13;-450101753;true;0.00345049114166193;0;1;;"test0";3559;681585
13;1475157116;true;0.00345049114166193;0;1;;"test0";6148;681585
13;152447007;true;0.0034523666030999104;0;1;;"test0";6723;681585
13;152447007;true;0.0034523666030999104;0;1;;"test0";7147;681585
13;546466998;true;0.0034523666030999104;0;1;;"test0";7359;681585
13;1707362541;true;0.0034523666030999104;0;1;;"test0";6560;681585
13;152447007;true;0.0034523666030999104;0;1;;"test0";7042;681585
13;-1158740005;true;0.0034523666030999104;0;1;;"test0";7043;681585
13;152447007;true;0.0034523666030999104;0;1;;"test0";7167;681585
13;-2050062378;true;0.0034523666030999104;0;1;;"test0";6798;681585
13;-1038313581;true;0.0035215107722845126;0;1;;"test0";6167;681585
13;1583410051;true;0.0035215107722845126;0;1;;"test0";6980;681585
13;-1470883922;true;0.0035215107722845126;0;1;;"test0";6414;681585
13;195901184;true;0.003557586116000347;0;1;;"test0";5571;681585
13;-1391445248;true;0.003557586116000347;0;1;;"test0";7000;681585
13;-2005386682;true;0.003557586116000347;0;1;;"test0";5891;681585
13;195901184;true;0.003557586116000347;0;1;;"test0";5606;681585
13;-1391445248;true;0.003557586116000347;0;1;;"test0";7764;681585
13;1905686015;true;0.003557586116000347;0;1;;"test0";6789;681585
13;728957367;true;0.0035994427202612617;0;1;;"test0";7128;681585
13;1134451682;true;0.0035994427202612617;0;1;;"test0";6826;681585
13;412272557;true;0.0035994427202612617;0;1;;"test0";6864;681585
13;-1051362859;true;0.0035994427202612617;0;1;;"test0";7505;681585
13;-1052347946;true;0.0035994427202612617;0;1;;"test0";6704;681585
13;-2131281041;true;0.0035994427202612617;0;1;;"test0";6861;681585
13;-1873204922;true;0.0035994427202612617;0;1;;"test0";7557;681585
13;2074195369;true;0.0035994427202612617;0;1;;"test0";7135;681585
13;127049984;true;0.0035994427202612617;0;1;;"test0";6829;681585
13;-1588277083;true;0.003796113882157877;0;1;;"test0";6406;681585
13;229542726;true;0.003796113882157877;0;1;;"test0";6534;681585
13;-119069952;true;0.003796113882157877;0;1;;"test0";6564;681585
13;1892138176;true;0.003796113882157877;0;1;;"test0";6460;681585
13;-119069952;true;0.003796113882157877;0;1;;"test0";6006;681585
13;-2606659;true;0.003796113882157877;0;1;;"test0";2;681585
13;928562340;true;0.003796113882157877;0;1;;"test0";6301;681585
13;1837061654;true;0.003796113882157877;0;1;;"test0";6312;681585
14;875413496;true;0.002574370709382151;0;1;;"test0";7047;725895
14;1053095013;true;0.002574370709382151;0;1;;"test0";7122;725895
14;-700715581;true;0.002574370709382151;0;1;;"test0";7292;725895
14;1095569145;true;0.002574370709382151;0;1;;"test0";6261;725895
14;-2066350282;true;0.0028643572950366922;0;1;;"test0";6984;725895
14;1616843825;true;0.003003432494279176;0;1;;"test0";7038;725895
14;1097418884;true;0.003003432494279176;0;1;;"test0";7105;725895
14;-718776670;true;0.0034523666030999104;0;1;;"test0";7031;725895
14;-340846344;true;0.0034523666030999104;0;1;;"test0";7249;725895
14;-1024106874;true;0.0034523666030999104;0;1;;"test0";7082;725895
14;152447007;true;0.0034523666030999104;0;1;;"test0";6246;725895
14;1737684230;true;0.0034523666030999104;0;1;;"test0";7877;725895
14;-1802135737;true;0.0034523666030999104;0;1;;"test0";7104;725895
14;1457035840;true;0.0034523666030999104;0;1;;"test0";6996;725895
14;-908355109;true;0.0034523666030999104;0;1;;"test0";7146;725895
14;-1850964739;true;0.0034523666030999104;0;1;;"test0";7266;725895
14;152447007;true;0.0034523666030999104;0;1;;"test0";6571;725895
14;-1038313581;true;0.0035215107722845126;0;1;;"test0";6952;725895
14;-1038313581;true;0.0035215107722845126;0;1;;"test0";6074;725895
14;-1769444240;true;0.0035215107722845126;0;1;;"test0";6448;725895
14;-143706864;true;0.0035215107722845126;0;1;;"test0";6264;725895
14;1469462038;true;0.0035215107722845126;0;1;;"test0";6535;725895
14;2013221424;true;0.0035215107722845126;0;1;;"test0";6963;725895
14;-1391445248;true;0.003557586116000347;0;1;;"test0";6968;725895
14;195901184;true;0.003557586116000347;0;1;;"test0";6350;725895
14;-1391445248;true;0.003557586116000347;0;1;;"test0";5657;725895
14;1906056683;true;0.003557586116000347;0;1;;"test0";6619;725895
14;-1337686348;true;0.003557586116000347;0;1;;"test0";7010;725895
14;1216918737;true;0.003557586116000347;0;1;;"test0";6520;725895
14;-1398507879;true;0.003557586116000347;0;1;;"test0";7245;725895
14;-1391445248;true;0.003557586116000347;0;1;;"test0";6744;725895
14;-1862306328;true;0.003557586116000347;0;1;;"test0";6307;725895
14;650749104;true;0.003557586116000347;0;1;;"test0";5584;725895
14;971521728;true;0.003557586116000347;0;1;;"test0";7147;725895
14;195901184;true;0.003557586116000347;0;1;;"test0";6155;725895
14;1505827864;true;0.0035994427202612617;0;1;;"test0";5589;725895
14;1134451682;true;0.0035994427202612617;0;1;;"test0";5884;725895
14;127049984;true;0.0035994427202612617;0;1;;"test0";7119;725895
14;-1851440654;true;0.0035994427202612617;0;1;;"test0";6595;725895
14;-1166265727;true;0.0035994427202612617;0;1;;"test0";7090;725895
14;-119569240;true;0.0035994427202612617;0;1;;"test0";6635;725895
14;1500427195;true;0.0035994427202612617;0;1;;"test0";7255;725895
14;-770724348;true;0.0035994427202612617;0;1;;"test0";5886;725895
14;1134451682;true;0.0035994427202612617;0;1;;"test0";5891;725895
14;974573677;true;0.0035994427202612617;0;1;;"test0";7074;725895
14;1093578939;true;0.003796113882157877;0;1;;"test0";5934;725895
14;-1588277083;true;0.003796113882157877;0;1;;"test0";7146;725895
14;928562340;true;0.003796113882157877;0;1;;"test0";2;725895
14;1837061654;true;0.003796113882157877;0;1;;"test0";2;725895
14;-1340725935;true;0.003796113882157877;0;1;;"test0";7349;725895
15;-1935274880;false;-1;0;1;;"test0";NaN;785239
15;1906912375;true;0.0028643036161833156;0;1;;"test0";7230;785239
15;1176665769;true;0.0028643572950366922;0;1;;"test0";7487;785239
15;493836440;true;0.003003432494279176;0;1;;"test0";6962;785239
15;152447007;true;0.0034523666030999104;0;1;;"test0";6479;785239
15;-647652097;true;0.0034523666030999104;0;1;;"test0";7501;785239
15;262272867;true;0.0034523666030999104;0;1;;"test0";7408;785239
15;-1160120144;true;0.0034523666030999104;0;1;;"test0";7787;785239
15;1820051985;true;0.0034523666030999104;0;1;;"test0";7126;785239
15;-1850964739;true;0.0034523666030999104;0;1;;"test0";7263;785239
15;88913127;true;0.0035215107722845126;0;1;;"test0";6763;785239
15;-143706864;true;0.0035215107722845126;0;1;;"test0";7730;785239
15;2121387710;true;0.0035215107722845126;0;1;;"test0";7294;785239
15;2013221424;true;0.0035215107722845126;0;1;;"test0";6520;785239
15;1461736993;true;0.003557586116000347;0;1;;"test0";6204;785239
15;-892452028;true;0.003557586116000347;0;1;;"test0";7166;785239
15;-1391445248;true;0.003557586116000347;0;1;;"test0";6169;785239
15;292130567;true;0.003557586116000347;0;1;;"test0";6685;785239
15;-1814396221;true;0.003557586116000347;0;1;;"test0";7017;785239
15;358334278;true;0.003557586116000347;0;1;;"test0";6802;785239
15;570057707;true;0.003557586116000347;0;1;;"test0";6448;785239
15;-985856589;true;0.0035994427202612617;0;1;;"test0";6409;785239
15;432992321;true;0.0035994427202612617;0;1;;"test0";6923;785239
15;2095175003;true;0.0035994427202612617;0;1;;"test0";7115;785239
15;-1441584309;true;0.0035994427202612617;0;1;;"test0";6403;785239
15;-213624059;true;0.0035994427202612617;0;1;;"test0";7177;785239
15;-2028901879;true;0.0035994427202612617;0;1;;"test0";5989;785239
15;-874677064;true;0.0035994427202612617;0;1;;"test0";7048;785239
15;-877724485;true;0.0035994427202612617;0;1;;"test0";5934;785239
15;1405090184;true;0.0035994427202612617;0;1;;"test0";6735;785239
15;-2129736834;true;0.0035994427202612617;0;1;;"test0";7080;785239
15;1134451682;true;0.0035994427202612617;0;1;;"test0";7098;785239
15;105555566;true;0.0035994427202612617;0;1;;"test0";6383;785239
15;2115509986;true;0.0035994427202612617;0;1;;"test0";6222;785239
15;694071020;true;0.0035994427202612617;0;1;;"test0";6199;785239
15;1837061654;true;0.003796113882157877;0;1;;"test0";1;785239
15;-1340725935;true;0.003796113882157877;0;1;;"test0";7378;785239
15;1093578939;true;0.003796113882157877;0;1;;"test0";6799;785239
15;-1834115030;true;0.003796113882157877;0;1;;"test0";7082;785239
15;83369529;true;0.003796113882157877;0;1;;"test0";6732;785239
15;-485139529;true;0.003796113882157877;0;1;;"test0";6403;785239
15;1328881994;true;0.003796113882157877;0;1;;"test0";7016;785239
15;-1078569843;true;0.003796113882157877;0;1;;"test0";6891;785239
15;928562340;true;0.003796113882157877;0;1;;"test0";7043;785239
15;1950773777;true;0.003796113882157877;0;1;;"test0";6904;785239
15;-1952162772;true;0.003796113882157877;0;1;;"test0";7280;785239
15;1280415055;true;0.003796113882157877;0;1;;"test0";7107;785239
15;403081545;true;0.003796113882157877;0;1;;"test0";7064;785239
15;928562340;true;0.003796113882157877;0;1;;"test0";6968;785239
16;2061120372;true;0.002002288329519451;0;1;;"test0";6878;828937
16;-1447598675;true;0.002574370709382151;0;1;;"test0";6507;828937
16;161125795;true;0.00286427732079906;0;1;;"test0";6303;828937
16;1765232035;true;0.00286427732079906;0;1;;"test0";7054;828937
16;1312924007;true;0.00286427732079906;0;1;;"test0";6678;828937
16;1102723591;true;0.0028643036161833156;0;1;;"test0";6960;828937
16;1511450180;true;0.0028643036161833156;0;1;;"test0";7021;828937
16;-86607180;true;0.0028643572950366922;0;1;;"test0";6801;828937
16;-305621871;true;0.0028643572950366922;0;1;;"test0";6020;828937
16;-1359384821;true;0.0028643572950366922;0;1;;"test0";6916;828937
16;67591457;true;0.0028643572950366922;0;1;;"test0";7066;828937
16;-136727650;true;0.0028643572950366922;0;1;;"test0";6899;828937
16;-442307475;true;0.00345049114166193;0;1;;"test0";7272;828937
16;247327751;true;0.0034523666030999104;0;1;;"test0";7177;828937
16;-1547051309;true;0.0034523666030999104;0;1;;"test0";6768;828937
16;-1643078458;true;0.0034523666030999104;0;1;;"test0";6535;828937
16;-1370501921;true;0.0034523666030999104;0;1;;"test0";7407;828937
16;-849898871;true;0.0034523666030999104;0;1;;"test0";6887;828937
16;938800100;true;0.0035215107722845126;0;1;;"test0";7265;828937
16;-110923814;true;0.0035215107722845126;0;1;;"test0";7266;828937
16;1408900956;true;0.003557586116000347;0;1;;"test0";6482;828937
16;358334278;true;0.003557586116000347;0;1;;"test0";6720;828937
16;937290575;true;0.003557586116000347;0;1;;"test0";6409;828937
16;-1459225608;true;0.003557586116000347;0;1;;"test0";6910;828937
16;1654540429;true;0.003557586116000347;0;1;;"test0";6856;828937
16;-2098432136;true;0.003557586116000347;0;1;;"test0";6497;828937
16;358334278;true;0.003557586116000347;0;1;;"test0";7191;828937
16;2115509986;true;0.0035994427202612617;0;1;;"test0";7086;828937
16;1241911845;true;0.0035994427202612617;0;1;;"test0";6487;828937
16;1405090184;true;0.0035994427202612617;0;1;;"test0";7856;828937
16;-1926524332;true;0.0035994427202612617;0;1;;"test0";6962;828937
16;278331584;true;0.0035994427202612617;0;1;;"test0";6998;828937
16;1666316092;true;0.0035994427202612617;0;1;;"test0";7020;828937
16;-272154310;true;0.003796113882157877;0;1;;"test0";6827;828937
16;928562340;true;0.003796113882157877;0;1;;"test0";2;828937
16;-485139529;true;0.003796113882157877;0;1;;"test0";6623;828937
16;704799328;true;0.003796113882157877;0;1;;"test0";6974;828937
16;-485139529;true;0.003796113882157877;0;1;;"test0";7032;828937
16;-644369511;true;0.003796113882157877;0;1;;"test0";6714;828937
16;1061376688;true;0.003796113882157877;0;1;;"test0";6252;828937
16;-1946234946;true;0.003796113882157877;0;1;;"test0";7236;828937
16;2029504288;true;0.003796113882157877;0;1;;"test0";6624;828937
16;1328881994;true;0.003796113882157877;0;1;;"test0";6797;828937
16;-987802317;true;0.003796113882157877;0;1;;"test0";6926;828937
16;403081545;true;0.003796113882157877;0;1;;"test0";3;828937
16;156119300;true;0.003796113882157877;0;1;;"test0";6931;828937
16;-1690162590;true;0.003796113882157877;0;1;;"test0";7189;828937
16;-1495455563;true;0.003796113882157877;0;1;;"test0";6776;828937
16;1946108632;true;0.003796113882157877;0;1;;"test0";6858;828937
16;-1834115030;true;0.003796113882157877;0;1;;"test0";6566;828937
17;-584793990;true;0.00286427732079906;0;1;;"test0";6474;872562
17;1863837504;true;0.00286427732079906;0;1;;"test0";6357;872562
17;-400066460;true;0.0028643572950366922;0;1;;"test0";6868;872562
17;-1889632456;true;0.003003432494279176;0;1;;"test0";6840;872562
17;-442307475;true;0.00345049114166193;0;1;;"test0";6090;872562
17;1796773562;true;0.00345049114166193;0;1;;"test0";7256;872562
17;-442307475;true;0.00345049114166193;0;1;;"test0";6736;872562
17;300930686;true;0.00345049114166193;0;1;;"test0";6730;872562
17;-1769727970;true;0.00345049114166193;0;1;;"test0";7256;872562
17;-867309542;true;0.00345049114166193;0;1;;"test0";6020;872562
17;671757632;true;0.0034523666030999104;0;1;;"test0";7670;872562
17;-1547051309;true;0.0034523666030999104;0;1;;"test0";7251;872562
17;-849898871;true;0.0034523666030999104;0;1;;"test0";5910;872562
17;247327751;true;0.0034523666030999104;0;1;;"test0";6308;872562
17;-849898871;true;0.0034523666030999104;0;1;;"test0";6050;872562
17;866250291;true;0.0034523666030999104;0;1;;"test0";6427;872562
17;-1618633501;true;0.0035215107722845126;0;1;;"test0";6874;872562
17;-1233005334;true;0.0035215107722845126;0;1;;"test0";7321;872562
17;-110923814;true;0.0035215107722845126;0;1;;"test0";7103;872562
17;-110923814;true;0.0035215107722845126;0;1;;"test0";7274;872562
17;-110923814;true;0.0035215107722845126;0;1;;"test0";7210;872562
17;-2011248288;true;0.0035215107722845126;0;1;;"test0";7179;872562
17;-2049605953;true;0.003557586116000347;0;1;;"test0";7092;872562
17;-217264761;true;0.003557586116000347;0;1;;"test0";6673;872562
17;1654540429;true;0.003557586116000347;0;1;;"test0";6077;872562
17;1241911845;true;0.0035994427202612617;0;1;;"test0";6512;872562
17;136388398;true;0.0035994427202612617;0;1;;"test0";6980;872562
17;-3849283;true;0.0035994427202612617;0;1;;"test0";7025;872562
17;439127959;true;0.0035994427202612617;0;1;;"test0";7204;872562
17;1405090184;true;0.0035994427202612617;0;1;;"test0";7107;872562
17;759808050;true;0.0035994427202612617;0;1;;"test0";7403;872562
17;-996650559;true;0.0035994427202612617;0;1;;"test0";5894;872562
17;-1653348754;true;0.0035994427202612617;0;1;;"test0";6538;872562
17;-1339346295;true;0.0035994427202612617;0;1;;"test0";7311;872562
17;575185934;true;0.003796113882157877;0;1;;"test0";6992;872562
17;32845216;true;0.003796113882157877;0;1;;"test0";6990;872562
17;-516155804;true;0.003796113882157877;0;1;;"test0";7076;872562
17;-321734227;true;0.003796113882157877;0;1;;"test0";6605;872562
17;1328881994;true;0.003796113882157877;0;1;;"test0";7271;872562
17;-1946234946;true;0.003796113882157877;0;1;;"test0";6984;872562
17;-1202317616;true;0.003796113882157877;0;1;;"test0";6090;872562
17;-1834115030;true;0.003796113882157877;0;1;;"test0";3;872562
17;2029504288;true;0.003796113882157877;0;1;;"test0";6969;872562
17;1775448438;true;0.003796113882157877;0;1;;"test0";7130;872562
17;471272102;true;0.003796113882157877;0;1;;"test0";7202;872562
17;-2142199935;true;0.003796113882157877;0;1;;"test0";7023;872562
17;-272154310;true;0.003796113882157877;0;1;;"test0";7113;872562
17;2084998611;true;0.003796113882157877;0;1;;"test0";7216;872562
17;1946108632;true;0.003796113882157877;0;1;;"test0";2;872562
17;-2057161534;true;0.003796113882157877;0;1;;"test0";7001;872562
18;1311692158;true;0.002574370709382151;0;1;;"test0";6377;915375
18;-1695528332;true;0.00286427732079906;0;1;;"test0";7488;915375
18;1869158128;true;0.00286427732079906;0;1;;"test0";6879;915375
18;-400066460;true;0.0028643572950366922;0;1;;"test0";6649;915375
18;-400066460;true;0.0028643572950366922;0;1;;"test0";6205;915375
18;-1084492545;true;0.003003432494279176;0;1;;"test0";7004;915375
18;-181744092;true;0.003003432494279176;0;1;;"test0";6668;915375
18;-1469205488;true;0.003003432494279176;0;1;;"test0";6728;915375
18;492921964;true;0.003003432494279176;0;1;;"test0";7086;915375
18;-1889632456;true;0.003003432494279176;0;1;;"test0";6554;915375
18;-1889632456;true;0.003003432494279176;0;1;;"test0";6062;915375
18;-1889632456;true;0.003003432494279176;0;1;;"test0";6719;915375
18;-1769727970;true;0.00345049114166193;0;1;;"test0";6772;915375
18;-442307475;true;0.00345049114166193;0;1;;"test0";7045;915375
18;-1769727970;true;0.00345049114166193;0;1;;"test0";7335;915375
18;-1769727970;true;0.00345049114166193;0;1;;"test0";6885;915375
18;-867309542;true;0.00345049114166193;0;1;;"test0";7715;915375
18;-1834834439;true;0.00345049114166193;0;1;;"test0";6985;915375
18;-442307475;true;0.00345049114166193;0;1;;"test0";7099;915375
18;48463466;true;0.00345049114166193;0;1;;"test0";6769;915375
18;1407468873;true;0.0034523666030999104;0;1;;"test0";6657;915375
18;1720802747;true;0.0034523666030999104;0;1;;"test0";6837;915375
18;-849898871;true;0.0034523666030999104;0;1;;"test0";6862;915375
18;-463351659;true;0.0034523666030999104;0;1;;"test0";7190;915375
18;-762398374;true;0.0035215107722845126;0;1;;"test0";7435;915375
18;-1736398216;true;0.003557586116000347;0;1;;"test0";6418;915375
18;119767629;true;0.003557586116000347;0;1;;"test0";6616;915375
18;-217264761;true;0.003557586116000347;0;1;;"test0";6747;915375
18;-217264761;true;0.003557586116000347;0;1;;"test0";6433;915375
18;-217264761;true;0.003557586116000347;0;1;;"test0";6744;915375
18;-996650559;true;0.0035994427202612617;0;1;;"test0";6643;915375
18;1405090184;true;0.0035994427202612617;0;1;;"test0";6113;915375
18;300478462;true;0.0035994427202612617;0;1;;"test0";7116;915375
18;-664784191;true;0.0035994427202612617;0;1;;"test0";6241;915375
18;428072172;true;0.0035994427202612617;0;1;;"test0";7024;915375
18;-1703622883;true;0.0035994427202612617;0;1;;"test0";7370;915375
18;1847716767;true;0.0035994427202612617;0;1;;"test0";6902;915375
18;-1107378786;true;0.0035994427202612617;0;1;;"test0";6076;915375
18;-1597409573;true;0.0035994427202612617;0;1;;"test0";6790;915375
18;-1799974538;true;0.0035994427202612617;0;1;;"test0";6850;915375
18;1946108632;true;0.003796113882157877;0;1;;"test0";3;915375
18;-2057161534;true;0.003796113882157877;0;1;;"test0";5;915375
18;-136122057;true;0.003796113882157877;0;1;;"test0";6449;915375
18;32845216;true;0.003796113882157877;0;1;;"test0";5889;915375
18;-2142199935;true;0.003796113882157877;0;1;;"test0";6907;915375
18;-1930621360;true;0.003796113882157877;0;1;;"test0";6927;915375
18;54773620;true;0.003796113882157877;0;1;;"test0";7400;915375
18;-1216399475;true;0.003796113882157877;0;1;;"test0";7472;915375
18;-1897110969;true;0.003796113882157877;0;1;;"test0";6794;915375
18;-146473662;true;0.003796113882157877;0;1;;"test0";6749;915375
19;-1411233596;true;0.002479023646071701;0;1;;"test0";7181;958806
19;1869158128;true;0.00286427732079906;0;1;;"test0";6836;958806
19;1869158128;true;0.00286427732079906;0;1;;"test0";6836;958806
19;345894216;true;0.003003432494279176;0;1;;"test0";7173;958806
19;1151233536;true;0.003003432494279176;0;1;;"test0";7179;958806
19;-1769727970;true;0.00345049114166193;0;1;;"test0";6852;958806
19;-442307475;true;0.00345049114166193;0;1;;"test0";6463;958806
19;1883223004;true;0.00345049114166193;0;1;;"test0";6641;958806
19;1902089098;true;0.00345049114166193;0;1;;"test0";7007;958806
19;-1769727970;true;0.00345049114166193;0;1;;"test0";6757;958806
19;-1674490091;true;0.0035215107722845126;0;1;;"test0";6726;958806
19;195969553;true;0.0035215107722845126;0;1;;"test0";7184;958806
19;396268872;true;0.0035215107722845126;0;1;;"test0";7109;958806
19;-762398374;true;0.0035215107722845126;0;1;;"test0";7260;958806
19;-762398374;true;0.0035215107722845126;0;1;;"test0";7162;958806
19;-762398374;true;0.0035215107722845126;0;1;;"test0";7239;958806
19;-1566541743;true;0.003557586116000347;0;1;;"test0";6709;958806
19;104438078;true;0.003557586116000347;0;1;;"test0";7001;958806
19;952802184;true;0.003557586116000347;0;1;;"test0";6659;958806
19;-217264761;true;0.003557586116000347;0;1;;"test0";6902;958806
19;-217264761;true;0.003557586116000347;0;1;;"test0";7125;958806
19;-217264761;true;0.003557586116000347;0;1;;"test0";6811;958806
19;-217264761;true;0.003557586116000347;0;1;;"test0";6991;958806
19;548290725;true;0.003557586116000347;0;1;;"test0";7093;958806
19;-1123172675;true;0.003557586116000347;0;1;;"test0";6681;958806
19;1405090184;true;0.0035994427202612617;0;1;;"test0";7121;958806
19;104483678;true;0.0035994427202612617;0;1;;"test0";7154;958806
19;1847716767;true;0.0035994427202612617;0;1;;"test0";7087;958806
19;-1175843934;true;0.0035994427202612617;0;1;;"test0";6579;958806
19;428072172;true;0.0035994427202612617;0;1;;"test0";6866;958806
19;-1703622883;true;0.0035994427202612617;0;1;;"test0";6389;958806
19;2107610287;true;0.0035994427202612617;0;1;;"test0";6935;958806
19;1405090184;true;0.0035994427202612617;0;1;;"test0";7138;958806
19;-988664518;true;0.0035994427202612617;0;1;;"test0";7059;958806
19;2112615198;true;0.0035994427202612617;0;1;;"test0";7184;958806
19;226707731;true;0.0035994427202612617;0;1;;"test0";7059;958806
19;1995596566;true;0.0035994427202612617;0;1;;"test0";6482;958806
19;1506237924;true;0.0035994427202612617;0;1;;"test0";7139;958806
19;-166161454;true;0.003796113882157877;0;1;;"test0";7102;958806
19;295366926;true;0.003796113882157877;0;1;;"test0";6768;958806
19;-1930621360;true;0.003796113882157877;0;1;;"test0";7052;958806
19;1441180145;true;0.003796113882157877;0;1;;"test0";7141;958806
19;-2142199935;true;0.003796113882157877;0;1;;"test0";7057;958806
19;811618251;true;0.003796113882157877;0;1;;"test0";6833;958806
19;713423601;true;0.003796113882157877;0;1;;"test0";7043;958806
19;740710639;true;0.003796113882157877;0;1;;"test0";7144;958806
19;-146473662;true;0.003796113882157877;0;1;;"test0";7265;958806
19;-1897110969;true;0.003796113882157877;0;1;;"test0";2;958806
19;1978231082;true;0.003796113882157877;0;1;;"test0";7058;958806
20;2112615198;false;-1;0;1;;"test0";NaN;1007475
20;-1584357285;true;0.003003432494279176;0;1;;"test0";6438;1007475
20;-1246924729;true;0.003003432494279176;0;1;;"test0";6291;1007475
20;-67597056;true;0.003003432494279176;0;1;;"test0";7166;1007475
20;-782992287;true;0.00345049114166193;0;1;;"test0";6917;1007475
20;1382528527;true;0.00345049114166193;0;1;;"test0";6445;1007475
20;1013190964;true;0.00345049114166193;0;1;;"test0";6288;1007475
20;1883223004;true;0.00345049114166193;0;1;;"test0";5978;1007475
20;59927834;true;0.00345049114166193;0;1;;"test0";6984;1007475
20;-675136757;true;0.00345049114166193;0;1;;"test0";6594;1007475
20;1348846525;true;0.00345049114166193;0;1;;"test0";6908;1007475
20;1902089098;true;0.00345049114166193;0;1;;"test0";7124;1007475
20;1522517936;true;0.00345049114166193;0;1;;"test0";7018;1007475
20;-762398374;true;0.0035215107722845126;0;1;;"test0";6915;1007475
20;-677841867;true;0.0035215107722845126;0;1;;"test0";6811;1007475
20;-1052662316;true;0.0035215107722845126;0;1;;"test0";6778;1007475
20;-217264761;true;0.003557586116000347;0;1;;"test0";5570;1007475
20;852731307;true;0.003557586116000347;0;1;;"test0";6749;1007475
20;1219461002;true;0.003557586116000347;0;1;;"test0";5747;1007475
20;-1123172675;true;0.003557586116000347;0;1;;"test0";6115;1007475
20;-1103930429;true;0.003557586116000347;0;1;;"test0";7182;1007475
20;64175199;true;0.003557586116000347;0;1;;"test0";7212;1007475
20;513147104;true;0.003557586116000347;0;1;;"test0";6062;1007475
20;1820340192;true;0.003557586116000347;0;1;;"test0";6724;1007475
20;-2005292068;true;0.003557586116000347;0;1;;"test0";7227;1007475
20;1522224467;true;0.003557586116000347;0;1;;"test0";6481;1007475
20;1697646084;true;0.0035994427202612617;0;1;;"test0";6068;1007475
20;1725066815;true;0.0035994427202612617;0;1;;"test0";6332;1007475
20;226707731;true;0.0035994427202612617;0;1;;"test0";6038;1007475
20;881629272;true;0.0035994427202612617;0;1;;"test0";6514;1007475
20;2112615198;true;0.0035994427202612617;0;1;;"test0";7196;1007475
20;504470407;true;0.0035994427202612617;0;1;;"test0";5916;1007475
20;1177517507;true;0.0035994427202612617;0;1;;"test0";6997;1007475
20;1405090184;true;0.0035994427202612617;0;1;;"test0";6797;1007475
20;986674871;true;0.003796113882157877;0;1;;"test0";5519;1007475
20;300411371;true;0.003796113882157877;0;1;;"test0";6894;1007475
20;1876382001;true;0.003796113882157877;0;1;;"test0";7371;1007475
20;1175316160;true;0.003796113882157877;0;1;;"test0";4427;1007475
20;-1493705370;true;0.003796113882157877;0;1;;"test0";3930;1007475
20;-1409717228;true;0.003796113882157877;0;1;;"test0";7414;1007475
20;1028330317;true;0.003796113882157877;0;1;;"test0";6417;1007475
20;-1770022910;true;0.003796113882157877;0;1;;"test0";7174;1007475
20;-728584152;true;0.003796113882157877;0;1;;"test0";6833;1007475
20;1978231082;true;0.003796113882157877;0;1;;"test0";14;1007475
20;-1897110969;true;0.003796113882157877;0;1;;"test0";11;1007475
20;713423601;true;0.003796113882157877;0;1;;"test0";5641;1007475
20;1109548653;true;0.003796113882157877;0;1;;"test0";7197;1007475
20;295366926;true;0.003796113882157877;0;1;;"test0";6712;1007475
20;1603213602;true;0.003796113882157877;0;1;;"test0";6634;1007475
20;-602799550;true;0.003796113882157877;0;1;;"test0";6385;1007475
21;-217264761;false;-1;0;1;;"test0";NaN;1056402
21;-814678137;true;0.002574370709382151;0;1;;"test0";6884;1056402
21;778166308;true;0.00286427732079906;0;1;;"test0";6869;1056402
21;1214616549;true;0.002864527599888053;0;1;;"test0";6526;1056402
21;-1959007210;true;0.003003432494279176;0;1;;"test0";6046;1056402
21;-1931481176;true;0.003003432494279176;0;1;;"test0";5920;1056402
21;-67597056;true;0.003003432494279176;0;1;;"test0";5946;1056402
21;1382528527;true;0.00345049114166193;0;1;;"test0";6689;1056402
21;1382528527;true;0.00345049114166193;0;1;;"test0";6880;1056402
21;1522517936;true;0.00345049114166193;0;1;;"test0";6644;1056402
21;-675136757;true;0.00345049114166193;0;1;;"test0";6328;1056402
21;-123940118;true;0.00345049114166193;0;1;;"test0";6133;1056402
21;-1631055971;true;0.00345049114166193;0;1;;"test0";5941;1056402
21;761191733;true;0.0034523666030999104;0;1;;"test0";4269;1056402
21;-980397071;true;0.0035215107722845126;0;1;;"test0";6817;1056402
21;-677841867;true;0.0035215107722845126;0;1;;"test0";6718;1056402
21;1608727793;true;0.0035215107722845126;0;1;;"test0";6499;1056402
21;-1737019251;true;0.003557586116000347;0;1;;"test0";6137;1056402
21;-1053681441;true;0.003557586116000347;0;1;;"test0";6451;1056402
21;-1823600835;true;0.003557586116000347;0;1;;"test0";5935;1056402
21;-217264761;true;0.003557586116000347;0;1;;"test0";6466;1056402
21;-424808195;true;0.003557586116000347;0;1;;"test0";6467;1056402
21;1761712213;true;0.003557586116000347;0;1;;"test0";6733;1056402
21;-230304443;true;0.003557586116000347;0;1;;"test0";6899;1056402
21;357548609;true;0.003557586116000347;0;1;;"test0";6656;1056402
21;1500558348;true;0.0035994427202612617;0;1;;"test0";6906;1056402
21;1465180962;true;0.0035994427202612617;0;1;;"test0";6605;1056402
21;-793158973;true;0.0035994427202612617;0;1;;"test0";7027;1056402
21;222452603;true;0.0035994427202612617;0;1;;"test0";7042;1056402
21;-2045673907;true;0.0035994427202612617;0;1;;"test0";3829;1056402
21;1177517507;true;0.0035994427202612617;0;1;;"test0";6814;1056402
21;-1632627531;true;0.0035994427202612617;0;1;;"test0";6913;1056402
21;2019801025;true;0.0035994427202612617;0;1;;"test0";7628;1056402
21;-1746280737;true;0.003796113882157877;0;1;;"test0";6725;1056402
21;-287024223;true;0.003796113882157877;0;1;;"test0";6475;1056402
21;-1103554817;true;0.003796113882157877;0;1;;"test0";6327;1056402
21;-686446576;true;0.003796113882157877;0;1;;"test0";6533;1056402
21;1603213602;true;0.003796113882157877;0;1;;"test0";1;1056402
21;1435403458;true;0.003796113882157877;0;1;;"test0";6971;1056402
21;772073239;true;0.003796113882157877;0;1;;"test0";7270;1056402
21;-1897110969;true;0.003796113882157877;0;1;;"test0";6167;1056402
21;-445789091;true;0.003796113882157877;0;1;;"test0";7043;1056402
21;874075643;true;0.003796113882157877;0;1;;"test0";6774;1056402
21;-602799550;true;0.003796113882157877;0;1;;"test0";1;1056402
21;-1921963239;true;0.003796113882157877;0;1;;"test0";7230;1056402
21;1109548653;true;0.003796113882157877;0;1;;"test0";6370;1056402
21;824847099;true;0.003796113882157877;0;1;;"test0";6487;1056402
21;1058402229;true;0.003796113882157877;0;1;;"test0";6571;1056402
21;-893302058;true;0.003796113882157877;0;1;;"test0";7253;1056402
21;1879972433;true;0.003796113882157877;0;1;;"test0";6353;1056402
22;1341845231;true;0.002574370709382151;0;1;;"test0";6696;1100358
22;592407887;true;0.002574370709382151;0;1;;"test0";6880;1100358
22;2124283526;true;0.00286427732079906;0;1;;"test0";7345;1100358
22;1895900400;true;0.00286427732079906;0;1;;"test0";6705;1100358
22;1214616549;true;0.002864527599888053;0;1;;"test0";7204;1100358
22;1214616549;true;0.002864527599888053;0;1;;"test0";7755;1100358
22;-1892608384;true;0.002942137953579601;0;1;;"test0";6909;1100358
22;-921813750;true;0.003003432494279176;0;1;;"test0";6592;1100358
22;1758052509;true;0.003003432494279176;0;1;;"test0";7036;1100358
22;-67597056;true;0.003003432494279176;0;1;;"test0";6883;1100358
22;-1252993193;true;0.003003432494279176;0;1;;"test0";7009;1100358
22;-1984448255;true;0.003003432494279176;0;1;;"test0";7159;1100358
22;-626553859;true;0.003003432494279176;0;1;;"test0";6168;1100358
22;-884732311;true;0.003003432494279176;0;1;;"test0";7058;1100358
22;838899114;true;0.003003432494279176;0;1;;"test0";6885;1100358
22;-617777558;true;0.003003432494279176;0;1;;"test0";6968;1100358
22;1374702904;true;0.0034489391481584406;0;1;;"test0";6691;1100358
22;-675136757;true;0.00345049114166193;0;1;;"test0";6923;1100358
22;503312825;true;0.00345049114166193;0;1;;"test0";6401;1100358
22;761191733;true;0.0034523666030999104;0;1;;"test0";6784;1100358
22;761191733;true;0.0034523666030999104;0;1;;"test0";7377;1100358
22;-251365762;true;0.0034523666030999104;0;1;;"test0";6772;1100358
22;-490142688;true;0.0035215107722845126;0;1;;"test0";7423;1100358
22;1608727793;true;0.0035215107722845126;0;1;;"test0";8012;1100358
22;491214835;true;0.0035215107722845126;0;1;;"test0";6983;1100358
22;1608727793;true;0.0035215107722845126;0;1;;"test0";6914;1100358
22;357548609;true;0.003557586116000347;0;1;;"test0";6607;1100358
22;-424808195;true;0.003557586116000347;0;1;;"test0";7418;1100358
22;-2035380797;true;0.003557586116000347;0;1;;"test0";6783;1100358
22;557923605;true;0.003557586116000347;0;1;;"test0";7184;1100358
22;-1053681441;true;0.003557586116000347;0;1;;"test0";6838;1100358
22;-735356913;true;0.003557586116000347;0;1;;"test0";6863;1100358
22;1444704478;true;0.0035994427202612617;0;1;;"test0";6860;1100358
22;240377787;true;0.0035994427202612617;0;1;;"test0";6729;1100358
22;532022121;true;0.0035994427202612617;0;1;;"test0";6603;1100358
22;2024238519;true;0.0035994427202612617;0;1;;"test0";6546;1100358
22;-517655388;true;0.0035994427202612617;0;1;;"test0";7367;1100358
22;-2098447901;true;0.0035994427202612617;0;1;;"test0";7265;1100358
22;2019801025;true;0.0035994427202612617;0;1;;"test0";7957;1100358
22;-389358125;true;0.0035994427202612617;0;1;;"test0";6598;1100358
22;892106697;true;0.0035994427202612617;0;1;;"test0";7185;1100358
22;-83060496;true;0.0035994427202612617;0;1;;"test0";7942;1100358
22;1177517507;true;0.0035994427202612617;0;1;;"test0";6370;1100358
22;1879972433;true;0.003796113882157877;0;1;;"test0";2;1100358
22;-893302058;true;0.003796113882157877;0;1;;"test0";2;1100358
22;-1629175001;true;0.003796113882157877;0;1;;"test0";6838;1100358
22;45833698;true;0.003796113882157877;0;1;;"test0";6868;1100358
22;-1595383134;true;0.003796113882157877;0;1;;"test0";6880;1100358
22;-1897206495;true;0.003796113882157877;0;1;;"test0";6891;1100358
22;-1302861833;true;0.003796113882157877;0;1;;"test0";6532;1100358
23;1485343737;false;-1;0;1;;"test0";NaN;1147857
23;1955705230;true;0.002002288329519451;0;1;;"test0";6267;1147857
23;-1357329226;true;0.00286427732079906;0;1;;"test0";6347;1147857
23;1895900400;true;0.00286427732079906;0;1;;"test0";6611;1147857
23;-475573653;true;0.00286427732079906;0;1;;"test0";6155;1147857
23;-336811223;true;0.00286427732079906;0;1;;"test0";6862;1147857
23;-1952560137;true;0.002864527599888053;0;1;;"test0";7237;1147857
23;2042639522;true;0.002864527599888053;0;1;;"test0";6505;1147857
23;-1892608384;true;0.002942137953579601;0;1;;"test0";6233;1147857
23;-884732311;true;0.003003432494279176;0;1;;"test0";5825;1147857
23;-8911912;true;0.003003432494279176;0;1;;"test0";6227;1147857
23;-807197567;true;0.003003432494279176;0;1;;"test0";6146;1147857
23;-123886799;true;0.003003432494279176;0;1;;"test0";6853;1147857
23;1813202863;true;0.003003432494279176;0;1;;"test0";6890;1147857
23;-64214844;true;0.003434984224173274;0;1;;"test0";6689;1147857
23;1374702904;true;0.0034489391481584406;0;1;;"test0";6296;1147857
23;-1639057376;true;0.0034489391481584406;0;1;;"test0";6626;1147857
23;29938464;true;0.0034489391481584406;0;1;;"test0";6336;1147857
23;1771793708;true;0.00345049114166193;0;1;;"test0";6427;1147857
23;884383114;true;0.00345049114166193;0;1;;"test0";6221;1147857
23;-675136757;true;0.00345049114166193;0;1;;"test0";6184;1147857
23;491214835;true;0.0035215107722845126;0;1;;"test0";6839;1147857
23;491214835;true;0.0035215107722845126;0;1;;"test0";7027;1147857
23;-2114647606;true;0.0035215107722845126;0;1;;"test0";7116;1147857
23;-951035972;true;0.0035215107722845126;0;1;;"test0";5896;1147857
23;424898920;true;0.0035215107722845126;0;1;;"test0";6838;1147857
23;2006653975;true;0.003557586116000347;0;1;;"test0";6667;1147857
23;-424808195;true;0.003557586116000347;0;1;;"test0";7130;1147857
23;-735356913;true;0.003557586116000347;0;1;;"test0";6836;1147857
23;-735356913;true;0.003557586116000347;0;1;;"test0";7029;1147857
23;-424808195;true;0.003557586116000347;0;1;;"test0";6613;1147857
23;337412003;true;0.003557586116000347;0;1;;"test0";4129;1147857
23;1964838339;true;0.0035994427202612617;0;1;;"test0";5840;1147857
23;-521341587;true;0.0035994427202612617;0;1;;"test0";6868;1147857
23;1578866550;true;0.0035994427202612617;0;1;;"test0";7096;1147857
23;-517655388;true;0.0035994427202612617;0;1;;"test0";7119;1147857
23;1587174706;true;0.0035994427202612617;0;1;;"test0";6428;1147857
23;1444704478;true;0.0035994427202612617;0;1;;"test0";5859;1147857
23;-314659368;true;0.0035994427202612617;0;1;;"test0";6161;1147857
23;-83060496;true;0.0035994427202612617;0;1;;"test0";7140;1147857
23;400427070;true;0.0035994427202612617;0;1;;"test0";6161;1147857
23;-1302861833;true;0.003796113882157877;0;1;;"test0";5;1147857
23;-1897206495;true;0.003796113882157877;0;1;;"test0";2;1147857
23;1042991759;true;0.003796113882157877;0;1;;"test0";6403;1147857
23;1685239947;true;0.003796113882157877;0;1;;"test0";6442;1147857
23;-893302058;true;0.003796113882157877;0;1;;"test0";6456;1147857
23;-915905449;true;0.003796113882157877;0;1;;"test0";5982;1147857
23;-696569975;true;0.003796113882157877;0;1;;"test0";4497;1147857
23;-249795343;true;0.003796113882157877;0;1;;"test0";6489;1147857
23;-323751745;true;0.003796113882157877;0;1;;"test0";6141;1147857
24;157637361;false;-1;0;1;;"test0";NaN;1196285
24;-854496628;true;0.002002288329519451;0;1;;"test0";6747;1196285
24;287957134;true;0.00286427732079906;0;1;;"test0";6118;1196285
24;1744717443;true;0.003003432494279176;0;1;;"test0";7116;1196285
24;516922686;true;0.003003432494279176;0;1;;"test0";7086;1196285
24;-64214844;true;0.003434984224173274;0;1;;"test0";7038;1196285
24;-64214844;true;0.003434984224173274;0;1;;"test0";6353;1196285
24;-64214844;true;0.003434984224173274;0;1;;"test0";6867;1196285
24;1632361520;true;0.003434984224173274;0;1;;"test0";7228;1196285
24;349158718;true;0.003434984224173274;0;1;;"test0";7010;1196285
24;175972298;true;0.003434984224173274;0;1;;"test0";6337;1196285
24;446099585;true;0.003434984224173274;0;1;;"test0";6874;1196285
24;513534740;true;0.0034465641754433864;0;1;;"test0";7064;1196285
24;887325512;true;0.003446636520491078;0;1;;"test0";5983;1196285
24;-1639057376;true;0.0034489391481584406;0;1;;"test0";5995;1196285
24;-1168825319;true;0.0034489391481584406;0;1;;"test0";5800;1196285
24;884383114;true;0.00345049114166193;0;1;;"test0";6962;1196285
24;1554986768;true;0.00345049114166193;0;1;;"test0";6347;1196285
24;530881997;true;0.00345049114166193;0;1;;"test0";6093;1196285
24;831263863;true;0.00345049114166193;0;1;;"test0";3634;1196285
24;1685828148;true;0.00345049114166193;0;1;;"test0";7008;1196285
24;-1530251622;true;0.00345049114166193;0;1;;"test0";6318;1196285
24;68457691;true;0.00345049114166193;0;1;;"test0";7280;1196285
24;1360216369;true;0.0034523666030999104;0;1;;"test0";6719;1196285
24;-492836071;true;0.0034523666030999104;0;1;;"test0";7657;1196285
24;-1666689573;true;0.0035215107722845126;0;1;;"test0";6796;1196285
24;-796112121;true;0.0035215107722845126;0;1;;"test0";7323;1196285
24;1889053960;true;0.003557586116000347;0;1;;"test0";7122;1196285
24;1173592512;true;0.003557586116000347;0;1;;"test0";3854;1196285
24;-424808195;true;0.003557586116000347;0;1;;"test0";5798;1196285
24;1391952748;true;0.003557586116000347;0;1;;"test0";6705;1196285
24;-1100315222;true;0.003557586116000347;0;1;;"test0";5937;1196285
24;-735356913;true;0.003557586116000347;0;1;;"test0";6883;1196285
24;-988856197;true;0.003557586116000347;0;1;;"test0";6344;1196285
24;-424808195;true;0.003557586116000347;0;1;;"test0";6360;1196285
24;-1643471824;true;0.0035994427202612617;0;1;;"test0";6663;1196285
24;-466244738;true;0.0035994427202612617;0;1;;"test0";7066;1196285
24;462840221;true;0.0035994427202612617;0;1;;"test0";5680;1196285
24;-1850137948;true;0.0035994427202612617;0;1;;"test0";6764;1196285
24;-1543825409;true;0.003796113882157877;0;1;;"test0";5745;1196285
24;-323751745;true;0.003796113882157877;0;1;;"test0";1;1196285
24;-1327893569;true;0.003796113882157877;0;1;;"test0";7051;1196285
24;-1940378813;true;0.003796113882157877;0;1;;"test0";6533;1196285
24;1745083055;true;0.003796113882157877;0;1;;"test0";7143;1196285
24;-249795343;true;0.003796113882157877;0;1;;"test0";1;1196285
24;921990940;true;0.003796113882157877;0;1;;"test0";6583;1196285
24;2022959324;true;0.003796113882157877;0;1;;"test0";6639;1196285
24;-915905449;true;0.003796113882157877;0;1;;"test0";7131;1196285
24;-1106136379;true;0.003796113882157877;0;1;;"test0";5966;1196285
24;2022048123;true;0.003796113882157877;0;1;;"test0";6767;1196285
25;1571207510;true;0.002574370709382151;0;1;;"test0";7067;1240139
25;287957134;true;0.00286427732079906;0;1;;"test0";6330;1240139
25;-440192259;true;0.00286427732079906;0;1;;"test0";6930;1240139
25;1960604718;true;0.00286427732079906;0;1;;"test0";6925;1240139
25;1660268309;true;0.00286427732079906;0;1;;"test0";6302;1240139
25;-1764700925;true;0.002864440648467464;0;1;;"test0";7435;1240139
25;1024353259;true;0.003003432494279176;0;1;;"test0";6946;1240139
25;1489802499;true;0.003003432494279176;0;1;;"test0";7192;1240139
25;213618199;true;0.003434984224173274;0;1;;"test0";6744;1240139
25;-379815430;true;0.003434984224173274;0;1;;"test0";6431;1240139
25;-64214844;true;0.003434984224173274;0;1;;"test0";6430;1240139
25;-1864449801;true;0.003434984224173274;0;1;;"test0";6872;1240139
25;-1576916027;true;0.0034354446994883914;0;1;;"test0";6751;1240139
25;76991250;true;0.0034465641754433864;0;1;;"test0";7297;1240139
25;513534740;true;0.0034465641754433864;0;1;;"test0";7016;1240139
25;-383897954;true;0.003446636520491078;0;1;;"test0";6629;1240139
25;-2024376476;true;0.003446636520491078;0;1;;"test0";7187;1240139
25;-400701158;true;0.003446636520491078;0;1;;"test0";6967;1240139
25;-1784226952;true;0.00345049114166193;0;1;;"test0";6778;1240139
25;68457691;true;0.00345049114166193;0;1;;"test0";6051;1240139
25;-604567192;true;0.0034523666030999104;0;1;;"test0";7319;1240139
25;959213949;true;0.0034523666030999104;0;1;;"test0";6582;1240139
25;-492836071;true;0.0034523666030999104;0;1;;"test0";7664;1240139
25;-1276964363;true;0.0035215107722845126;0;1;;"test0";7183;1240139
25;1833411413;true;0.0035215107722845126;0;1;;"test0";7490;1240139
25;-201518113;true;0.0035215107722845126;0;1;;"test0";7336;1240139
25;-796112121;true;0.0035215107722845126;0;1;;"test0";8145;1240139
25;-1643471824;true;0.0035994427202612617;0;1;;"test0";6454;1240139
25;-409912365;true;0.0035994427202612617;0;1;;"test0";6760;1240139
25;-1850137948;true;0.0035994427202612617;0;1;;"test0";7042;1240139
25;1562883993;true;0.0035994427202612617;0;1;;"test0";7270;1240139
25;487119547;true;0.0035994427202612617;0;1;;"test0";6999;1240139
25;-731284881;true;0.0035994427202612617;0;1;;"test0";7108;1240139
25;-1349084770;true;0.0035994427202612617;0;1;;"test0";6522;1240139
25;1303069721;true;0.0035994427202612617;0;1;;"test0";6979;1240139
25;-1850137948;true;0.0035994427202612617;0;1;;"test0";7085;1240139
25;1646824598;true;0.0035994427202612617;0;1;;"test0";7080;1240139
25;311577354;true;0.003796113882157877;0;1;;"test0";6762;1240139
25;214967936;true;0.003796113882157877;0;1;;"test0";7007;1240139
25;283819396;true;0.003796113882157877;0;1;;"test0";7331;1240139
25;698717137;true;0.003796113882157877;0;1;;"test0";6842;1240139
25;44416102;true;0.003796113882157877;0;1;;"test0";6952;1240139
25;210176666;true;0.003796113882157877;0;1;;"test0";7320;1240139
25;1745083055;true;0.003796113882157877;0;1;;"test0";7252;1240139
25;-1543825409;true;0.003796113882157877;0;1;;"test0";6437;1240139
25;-1106136379;true;0.003796113882157877;0;1;;"test0";2;1240139
25;1425666752;true;0.003796113882157877;0;1;;"test0";6491;1240139
25;-1369722508;true;0.003796113882157877;0;1;;"test0";6933;1240139
25;-249795343;true;0.003796113882157877;0;1;;"test0";7044;1240139
25;2022048123;true;0.003796113882157877;0;1;;"test0";2;1240139
26;1457544727;true;0.002002288329519451;0;1;;"test0";7624;1284064
26;993371988;true;0.00286427732079906;0;1;;"test0";7605;1284064
26;-1651735633;true;0.002864440648467464;0;1;;"test0";7177;1284064
26;-1764700925;true;0.002864440648467464;0;1;;"test0";7713;1284064
26;-1864449801;true;0.003434984224173274;0;1;;"test0";6131;1284064
26;-1864449801;true;0.003434984224173274;0;1;;"test0";7300;1284064
26;1135296313;true;0.0034354446994883914;0;1;;"test0";6969;1284064
26;-1576916027;true;0.0034354446994883914;0;1;;"test0";6808;1284064
26;230636445;true;0.003443327480241909;0;1;;"test0";6875;1284064
26;-1596280944;true;0.0034465641754433864;0;1;;"test0";6605;1284064
26;-1935516805;true;0.003446636520491078;0;1;;"test0";6884;1284064
26;788793925;true;0.003446636520491078;0;1;;"test0";7123;1284064
26;-400701158;true;0.003446636520491078;0;1;;"test0";6944;1284064
26;-1334927896;true;0.003446636520491078;0;1;;"test0";7379;1284064
26;-400701158;true;0.003446636520491078;0;1;;"test0";7144;1284064
26;-400701158;true;0.003446636520491078;0;1;;"test0";6596;1284064
26;-1298102925;true;0.003446636520491078;0;1;;"test0";6094;1284064
26;602870622;true;0.003446636520491078;0;1;;"test0";6957;1284064
26;-1239581942;true;0.003446636520491078;0;1;;"test0";6227;1284064
26;188873339;true;0.003446636520491078;0;1;;"test0";6614;1284064
26;68457691;true;0.00345049114166193;0;1;;"test0";6501;1284064
26;399759216;true;0.00345049114166193;0;1;;"test0";5764;1284064
26;-778139429;true;0.00345049114166193;0;1;;"test0";6206;1284064
26;259047600;true;0.00345049114166193;0;1;;"test0";5685;1284064
26;-251743610;true;0.0034523666030999104;0;1;;"test0";7060;1284064
26;1032848518;true;0.0034523666030999104;0;1;;"test0";6661;1284064
26;959213949;true;0.0034523666030999104;0;1;;"test0";7246;1284064
26;69863471;true;0.0035215107722845126;0;1;;"test0";6244;1284064
26;-201518113;true;0.0035215107722845126;0;1;;"test0";6006;1284064
26;1833411413;true;0.0035215107722845126;0;1;;"test0";7113;1284064
26;1245678193;true;0.0035215107722845126;0;1;;"test0";6146;1284064
26;-300048446;true;0.0035215107722845126;0;1;;"test0";6882;1284064
26;1833411413;true;0.0035215107722845126;0;1;;"test0";7186;1284064
26;-201518113;true;0.0035215107722845126;0;1;;"test0";6165;1284064
26;1562883993;true;0.0035994427202612617;0;1;;"test0";6436;1284064
26;-409912365;true;0.0035994427202612617;0;1;;"test0";6734;1284064
26;-1570470724;true;0.0035994427202612617;0;1;;"test0";7833;1284064
26;1899413746;true;0.0035994427202612617;0;1;;"test0";7179;1284064
26;-1033054611;true;0.0035994427202612617;0;1;;"test0";7020;1284064
26;1398152001;true;0.003796113882157877;0;1;;"test0";7656;1284064
26;1837622900;true;0.003796113882157877;0;1;;"test0";6048;1284064
26;-1543825409;true;0.003796113882157877;0;1;;"test0";7015;1284064
26;-1410397277;true;0.003796113882157877;0;1;;"test0";6217;1284064
26;1090350468;true;0.003796113882157877;0;1;;"test0";7799;1284064
26;-249795343;true;0.003796113882157877;0;1;;"test0";7644;1284064
26;-1574873947;true;0.003796113882157877;0;1;;"test0";6812;1284064
26;2022048123;true;0.003796113882157877;0;1;;"test0";2;1284064
26;-774668384;true;0.003796113882157877;0;1;;"test0";7713;1284064
26;-100957658;true;0.003796113882157877;0;1;;"test0";7211;1284064
27;140632105;true;0.002574370709382151;0;1;;"test0";6281;1328379
27;-1853131809;true;0.002574370709382151;0;1;;"test0";7014;1328379
27;-1526712822;true;0.00286427732079906;0;1;;"test0";6756;1328379
27;369215754;true;0.00286427732079906;0;1;;"test0";6318;1328379
27;2023820480;true;0.002864527599888053;0;1;;"test0";7136;1328379
27;-1119361264;true;0.0034349565012537827;0;1;;"test0";7388;1328379
27;-744170967;true;0.0034465641754433864;0;1;;"test0";7117;1328379
27;-1596280944;true;0.0034465641754433864;0;1;;"test0";7423;1328379
27;457735365;true;0.0034465641754433864;0;1;;"test0";6828;1328379
27;1016918627;true;0.0034465641754433864;0;1;;"test0";7256;1328379
27;-341330986;true;0.003446636520491078;0;1;;"test0";6774;1328379
27;1612059595;true;0.003446636520491078;0;1;;"test0";7833;1328379
27;259047600;true;0.00345049114166193;0;1;;"test0";7103;1328379
27;-1646944560;true;0.00345049114166193;0;1;;"test0";7177;1328379
27;259047600;true;0.00345049114166193;0;1;;"test0";7172;1328379
27;1307373204;true;0.00345049114166193;0;1;;"test0";7095;1328379
27;259047600;true;0.00345049114166193;0;1;;"test0";6775;1328379
27;399759216;true;0.00345049114166193;0;1;;"test0";7315;1328379
27;-1057991314;true;0.00345049114166193;0;1;;"test0";7197;1328379
27;259047600;true;0.00345049114166193;0;1;;"test0";6621;1328379
27;259047600;true;0.00345049114166193;0;1;;"test0";7231;1328379
27;399759216;true;0.00345049114166193;0;1;;"test0";7501;1328379
27;-778139429;true;0.00345049114166193;0;1;;"test0";7171;1328379
27;259047600;true;0.00345049114166193;0;1;;"test0";6756;1328379
27;959213949;true;0.0034523666030999104;0;1;;"test0";7215;1328379
27;959213949;true;0.0034523666030999104;0;1;;"test0";7170;1328379
27;959213949;true;0.0034523666030999104;0;1;;"test0";7265;1328379
27;959213949;true;0.0034523666030999104;0;1;;"test0";7058;1328379
27;1843889369;true;0.0034523666030999104;0;1;;"test0";7619;1328379
27;-793140678;true;0.0034523666030999104;0;1;;"test0";6787;1328379
27;-1898592649;true;0.0034523666030999104;0;1;;"test0";7579;1328379
27;2132093147;true;0.0034523666030999104;0;1;;"test0";6297;1328379
27;-1925788283;true;0.0034523666030999104;0;1;;"test0";6912;1328379
27;-99117745;true;0.0034523666030999104;0;1;;"test0";6657;1328379
27;1271786568;true;0.0035215107722845126;0;1;;"test0";7210;1328379
27;659982022;true;0.0035215107722845126;0;1;;"test0";7091;1328379
27;-1021459542;true;0.0035215107722845126;0;1;;"test0";7663;1328379
27;1367164496;true;0.0035994427202612617;0;1;;"test0";6895;1328379
27;-1287366276;true;0.0035994427202612617;0;1;;"test0";6803;1328379
27;1562883993;true;0.0035994427202612617;0;1;;"test0";7312;1328379
27;1562883993;true;0.0035994427202612617;0;1;;"test0";7216;1328379
27;-1570470724;true;0.0035994427202612617;0;1;;"test0";7038;1328379
27;-890097968;true;0.0035994427202612617;0;1;;"test0";6593;1328379
27;1837622900;true;0.003796113882157877;0;1;;"test0";6836;1328379
27;-100957658;true;0.003796113882157877;0;1;;"test0";1;1328379
27;-1228603437;true;0.003796113882157877;0;1;;"test0";6500;1328379
27;-774668384;true;0.003796113882157877;0;1;;"test0";1;1328379
27;-1725951584;true;0.003796113882157877;0;1;;"test0";7250;1328379
27;-418206807;true;0.003796113882157877;0;1;;"test0";7286;1328379
27;-1000607521;true;0.003796113882157877;0;1;;"test0";7058;1328379
28;-1024151705;false;-1;0;1;;"test0";NaN;1377578
28;1195026226;true;0.002002288329519451;0;1;;"test0";7127;1377578
28;1597117570;true;0.002002288329519451;0;1;;"test0";7067;1377578
28;736027916;true;0.00286427732079906;0;1;;"test0";6972;1377578
28;-1526712822;true;0.00286427732079906;0;1;;"test0";7024;1377578
28;571262794;true;0.003003432494279176;0;1;;"test0";6061;1377578
28;-1570329086;true;0.0034349565012537827;0;1;;"test0";6693;1377578
28;1671959241;true;0.0034349565012537827;0;1;;"test0";6686;1377578
28;827838276;true;0.0034349565012537827;0;1;;"test0";6417;1377578
28;-122163254;true;0.003435070150748532;0;1;;"test0";7097;1377578
28;-61544961;true;0.003446636520491078;0;1;;"test0";5984;1377578
28;-974340854;true;0.003446636520491078;0;1;;"test0";7076;1377578
28;-341330986;true;0.003446636520491078;0;1;;"test0";7074;1377578
28;-1999375858;true;0.003446636520491078;0;1;;"test0";6665;1377578
28;13879019;true;0.003446636520491078;0;1;;"test0";6339;1377578
28;-341330986;true;0.003446636520491078;0;1;;"test0";5930;1377578
28;-341330986;true;0.003446636520491078;0;1;;"test0";7072;1377578
28;891785673;true;0.003446636520491078;0;1;;"test0";6242;1377578
28;1143125067;true;0.003446730426075875;0;1;;"test0";5957;1377578
28;-1170308958;true;0.003447769348889152;0;1;;"test0";5774;1377578
28;2132093147;true;0.0034523666030999104;0;1;;"test0";7236;1377578
28;959213949;true;0.0034523666030999104;0;1;;"test0";7200;1377578
28;1267028580;true;0.0034523666030999104;0;1;;"test0";6802;1377578
28;500688756;true;0.0034523666030999104;0;1;;"test0";7264;1377578
28;-1021459542;true;0.0035215107722845126;0;1;;"test0";7039;1377578
28;-1021459542;true;0.0035215107722845126;0;1;;"test0";7315;1377578
28;-1816643818;true;0.0035215107722845126;0;1;;"test0";6834;1377578
28;-1021459542;true;0.0035215107722845126;0;1;;"test0";7135;1377578
28;-392868720;true;0.0035215107722845126;0;1;;"test0";7334;1377578
28;548485494;true;0.0035903807733407653;0;1;;"test0";5951;1377578
28;-1184614330;true;0.0035994427202612617;0;1;;"test0";7142;1377578
28;-720749720;true;0.0035994427202612617;0;1;;"test0";6976;1377578
28;1562883993;true;0.0035994427202612617;0;1;;"test0";6298;1377578
28;1791062859;true;0.0035994427202612617;0;1;;"test0";7328;1377578
28;1922985164;true;0.0035994427202612617;0;1;;"test0";3378;1377578
28;1562883993;true;0.0035994427202612617;0;1;;"test0";5929;1377578
28;1052358576;true;0.0035994427202612617;0;1;;"test0";7380;1377578
28;-538143044;true;0.0035994427202612617;0;1;;"test0";7734;1377578
28;164622812;true;0.0035994427202612617;0;1;;"test0";6342;1377578
28;-1964631178;true;0.0035994427202612617;0;1;;"test0";7334;1377578
28;-418206807;true;0.003796113882157877;0;1;;"test0";1;1377578
28;-1153985173;true;0.003796113882157877;0;1;;"test0";7362;1377578
28;-1725951584;true;0.003796113882157877;0;1;;"test0";6453;1377578
28;-498848626;true;0.003796113882157877;0;1;;"test0";7228;1377578
28;1141700874;true;0.003796113882157877;0;1;;"test0";6464;1377578
28;-1000607521;true;0.003796113882157877;0;1;;"test0";6976;1377578
28;1473595729;true;0.003796113882157877;0;1;;"test0";6930;1377578
28;-1000607521;true;0.003796113882157877;0;1;;"test0";7743;1377578
28;-510789727;true;0.003796113882157877;0;1;;"test0";3913;1377578
29;1597117570;true;0.002002288329519451;0;1;;"test0";6323;1421629
29;277537213;true;0.002002288329519451;0;1;;"test0";6921;1421629
29;799281844;true;0.00286427732079906;0;1;;"test0";6874;1421629
29;-1526712822;true;0.00286427732079906;0;1;;"test0";6891;1421629
29;662603707;true;0.00286427732079906;0;1;;"test0";6834;1421629
29;571262794;true;0.003003432494279176;0;1;;"test0";7167;1421629
29;-1988029331;true;0.003003432494279176;0;1;;"test0";6827;1421629
29;-1333530974;true;0.003435070150748532;0;1;;"test0";6719;1421629
29;-122163254;true;0.003435070150748532;0;1;;"test0";7316;1421629
29;-122163254;true;0.003435070150748532;0;1;;"test0";6989;1421629
29;-837835649;true;0.003435070150748532;0;1;;"test0";7257;1421629
29;-122163254;true;0.003435070150748532;0;1;;"test0";7055;1421629
29;1364567537;true;0.003435070150748532;0;1;;"test0";7256;1421629
29;-1457946858;true;0.003435070150748532;0;1;;"test0";7238;1421629
29;2016143743;true;0.0034351054217239907;0;1;;"test0";7341;1421629
29;-1642090163;true;0.0034354996562430884;0;1;;"test0";7244;1421629
29;-1170308958;true;0.003447769348889152;0;1;;"test0";7798;1421629
29;-1170308958;true;0.003447769348889152;0;1;;"test0";7291;1421629
29;-1170308958;true;0.003447769348889152;0;1;;"test0";6934;1421629
29;-1326298401;true;0.0034478789594483486;0;1;;"test0";7764;1421629
29;1522559805;true;0.0034523666030999104;0;1;;"test0";7237;1421629
29;-1172200083;true;0.003493181722593896;0;1;;"test0";7208;1421629
29;-392868720;true;0.0035215107722845126;0;1;;"test0";6759;1421629
29;-1021459542;true;0.0035215107722845126;0;1;;"test0";7458;1421629
29;-2132312795;true;0.0035215107722845126;0;1;;"test0";7326;1421629
29;-690457317;true;0.0035215107722845126;0;1;;"test0";6908;1421629
29;-63337369;true;0.0035215107722845126;0;1;;"test0";7473;1421629
29;-722537319;true;0.0035215107722845126;0;1;;"test0";7476;1421629
29;-1611451835;true;0.0035215107722845126;0;1;;"test0";7882;1421629
29;1466485280;true;0.003570614376372784;0;1;;"test0";6466;1421629
29;-42369090;true;0.0035903807733407653;0;1;;"test0";6848;1421629
29;548485494;true;0.0035903807733407653;0;1;;"test0";7151;1421629
29;-1772275759;true;0.0035903807733407653;0;1;;"test0";7173;1421629
29;548485494;true;0.0035903807733407653;0;1;;"test0";6453;1421629
29;580209382;true;0.0035994427202612617;0;1;;"test0";7075;1421629
29;1052358576;true;0.0035994427202612617;0;1;;"test0";7100;1421629
29;1422285472;true;0.0035994427202612617;0;1;;"test0";6990;1421629
29;-1184614330;true;0.0035994427202612617;0;1;;"test0";7231;1421629
29;405487766;true;0.0035994427202612617;0;1;;"test0";6696;1421629
29;-535452306;true;0.0035994427202612617;0;1;;"test0";6712;1421629
29;1763930380;true;0.0035994427202612617;0;1;;"test0";6805;1421629
29;1922985164;true;0.0035994427202612617;0;1;;"test0";7035;1421629
29;-1184614330;true;0.0035994427202612617;0;1;;"test0";7610;1421629
29;-1540722862;true;0.0035994427202612617;0;1;;"test0";6884;1421629
29;-418206807;true;0.003796113882157877;0;1;;"test0";7180;1421629
29;1710461477;true;0.003796113882157877;0;1;;"test0";6904;1421629
29;-1365380447;true;0.003796113882157877;0;1;;"test0";7176;1421629
29;-510789727;true;0.003796113882157877;0;1;;"test0";2;1421629
29;1764614536;true;0.003796113882157877;0;1;;"test0";6579;1421629
29;-1000607521;true;0.003796113882157877;0;1;;"test0";2;1421629
30;1580218409;true;0.00286427732079906;0;1;;"test0";7128;1465396
30;-837835649;true;0.003435070150748532;0;1;;"test0";6839;1465396
30;704067178;true;0.003435070150748532;0;1;;"test0";6153;1465396
30;-1135016711;true;0.003435070150748532;0;1;;"test0";7573;1465396
30;-405339000;true;0.0034351054217239907;0;1;;"test0";7449;1465396
30;-440464393;true;0.0034354996562430884;0;1;;"test0";7233;1465396
30;-1642090163;true;0.0034354996562430884;0;1;;"test0";7307;1465396
30;-1170308958;true;0.003447769348889152;0;1;;"test0";6885;1465396
30;-63068654;true;0.003447769348889152;0;1;;"test0";7046;1465396
30;-1170308958;true;0.003447769348889152;0;1;;"test0";7028;1465396
30;-1170308958;true;0.003447769348889152;0;1;;"test0";6646;1465396
30;1085124654;true;0.0034478789594483486;0;1;;"test0";7309;1465396
30;1734248892;true;0.0034478789594483486;0;1;;"test0";7141;1465396
30;-1326298401;true;0.0034478789594483486;0;1;;"test0";7916;1465396
30;-1852827001;true;0.0034478789594483486;0;1;;"test0";7552;1465396
30;1821130060;true;0.0034478789594483486;0;1;;"test0";6925;1465396
30;-1886830929;true;0.0034478789594483486;0;1;;"test0";7529;1465396
30;826974627;true;0.0034523666030999104;0;1;;"test0";7463;1465396
30;-1665888457;true;0.003493181722593896;0;1;;"test0";6258;1465396
30;901548504;true;0.003493181722593896;0;1;;"test0";6500;1465396
30;-1172200083;true;0.003493181722593896;0;1;;"test0";6215;1465396
30;-1172200083;true;0.003493181722593896;0;1;;"test0";5949;1465396
30;554522282;true;0.0035215107722845126;0;1;;"test0";6822;1465396
30;-63337369;true;0.0035215107722845126;0;1;;"test0";8265;1465396
30;62227567;true;0.0035215107722845126;0;1;;"test0";7439;1465396
30;1466485280;true;0.003570614376372784;0;1;;"test0";6362;1465396
30;1319143979;true;0.003570614376372784;0;1;;"test0";5906;1465396
30;1466485280;true;0.003570614376372784;0;1;;"test0";6701;1465396
30;1635030601;true;0.003570614376372784;0;1;;"test0";6472;1465396
30;1466485280;true;0.003570614376372784;0;1;;"test0";7030;1465396
30;-1034100813;true;0.0035903807733407653;0;1;;"test0";7064;1465396
30;548485494;true;0.0035903807733407653;0;1;;"test0";6756;1465396
30;-362969470;true;0.0035994427202612617;0;1;;"test0";7420;1465396
30;1652671998;true;0.0035994427202612617;0;1;;"test0";7341;1465396
30;580209382;true;0.0035994427202612617;0;1;;"test0";6622;1465396
30;108253543;true;0.0035994427202612617;0;1;;"test0";6160;1465396
30;-535452306;true;0.0035994427202612617;0;1;;"test0";7307;1465396
30;-535452306;true;0.0035994427202612617;0;1;;"test0";6887;1465396
30;-535452306;true;0.0035994427202612617;0;1;;"test0";6760;1465396
30;1794794493;true;0.003796113882157877;0;1;;"test0";6992;1465396
30;-1000607521;true;0.003796113882157877;0;1;;"test0";1;1465396
30;1764614536;true;0.003796113882157877;0;1;;"test0";6084;1465396
30;1979900553;true;0.003796113882157877;0;1;;"test0";6598;1465396
30;-903329644;true;0.003796113882157877;0;1;;"test0";6423;1465396
30;-1775143940;true;0.003796113882157877;0;1;;"test0";6243;1465396
30;-92336982;true;0.003796113882157877;0;1;;"test0";6353;1465396
30;-845405421;true;0.003796113882157877;0;1;;"test0";7270;1465396
30;-151498956;true;0.003796113882157877;0;1;;"test0";7658;1465396
30;-1632116350;true;0.003796113882157877;0;1;;"test0";6571;1465396
31;579529680;true;0.00286427732079906;0;1;;"test0";7492;1511068
31;-166261108;true;0.0034349719273418845;0;1;;"test0";7067;1511068
31;-1135016711;true;0.003435070150748532;0;1;;"test0";6752;1511068
31;-1428163447;true;0.003435070150748532;0;1;;"test0";7842;1511068
31;-190170828;true;0.0034351054217239907;0;1;;"test0";6759;1511068
31;-440464393;true;0.0034354996562430884;0;1;;"test0";6328;1511068
31;2029780317;true;0.003443041114540441;0;1;;"test0";6996;1511068
31;-620995104;true;0.003443041114540441;0;1;;"test0";7149;1511068
31;-583647483;true;0.003446636520491078;0;1;;"test0";7146;1511068
31;-309918064;true;0.003446636520491078;0;1;;"test0";6856;1511068
31;-668582837;true;0.003447769348889152;0;1;;"test0";7005;1511068
31;1394857009;true;0.003447769348889152;0;1;;"test0";7004;1511068
31;-1326298401;true;0.0034478789594483486;0;1;;"test0";7213;1511068
31;-1326298401;true;0.0034478789594483486;0;1;;"test0";6949;1511068
31;-1566087703;true;0.0034523666030999104;0;1;;"test0";7069;1511068
31;1613871212;true;0.0034523666030999104;0;1;;"test0";7000;1511068
31;1546763297;true;0.0034523666030999104;0;1;;"test0";7454;1511068
31;826974627;true;0.0034523666030999104;0;1;;"test0";7183;1511068
31;-1517616402;true;0.003493181722593896;0;1;;"test0";6653;1511068
31;-1665888457;true;0.003493181722593896;0;1;;"test0";6932;1511068
31;-1665888457;true;0.003493181722593896;0;1;;"test0";6740;1511068
31;923827781;true;0.003493181722593896;0;1;;"test0";6684;1511068
31;-3480259;true;0.003493181722593896;0;1;;"test0";7239;1511068
31;64458903;true;0.003493181722593896;0;1;;"test0";7241;1511068
31;901548504;true;0.003493181722593896;0;1;;"test0";7534;1511068
31;-16935948;true;0.003493181722593896;0;1;;"test0";7555;1511068
31;62227567;true;0.0035215107722845126;0;1;;"test0";7381;1511068
31;62227567;true;0.0035215107722845126;0;1;;"test0";7099;1511068
31;-873456286;true;0.0035215107722845126;0;1;;"test0";7140;1511068
31;1387594680;true;0.0035617287559843885;0;1;;"test0";6526;1511068
31;1635030601;true;0.003570614376372784;0;1;;"test0";7119;1511068
31;96418371;true;0.0035863027921397206;0;1;;"test0";7050;1511068
31;1095805340;true;0.0035903807733407653;0;1;;"test0";7107;1511068
31;574851173;true;0.0035903807733407653;0;1;;"test0";7532;1511068
31;-118331330;true;0.0035903807733407653;0;1;;"test0";7501;1511068
31;-1034100813;true;0.0035903807733407653;0;1;;"test0";7039;1511068
31;-1528601598;true;0.0035903807733407653;0;1;;"test0";6605;1511068
31;-824170122;true;0.0035903807733407653;0;1;;"test0";6758;1511068
31;913555430;true;0.0035903807733407653;0;1;;"test0";7184;1511068
31;-1154658533;true;0.0035994427202612617;0;1;;"test0";7630;1511068
31;-535452306;true;0.0035994427202612617;0;1;;"test0";6713;1511068
31;-271078354;true;0.0035994427202612617;0;1;;"test0";7208;1511068
31;675579835;true;0.0035994427202612617;0;1;;"test0";7111;1511068
31;681133361;true;0.0035994427202612617;0;1;;"test0";6294;1511068
31;1380972990;true;0.0035994427202612617;0;1;;"test0";7589;1511068
31;580209382;true;0.0035994427202612617;0;1;;"test0";7430;1511068
31;-151498956;true;0.003796113882157877;0;1;;"test0";1;1511068
31;-1632116350;true;0.003796113882157877;0;1;;"test0";3;1511068
31;572261665;true;0.003796113882157877;0;1;;"test0";7511;1511068
31;-92336982;true;0.003796113882157877;0;1;;"test0";7644;1511068
32;-1588789757;true;0.00286427732079906;0;1;;"test0";7129;1555552
32;-1444354550;true;0.003003432494279176;0;1;;"test0";7466;1555552
32;-708425217;true;0.0034350818013868666;0;1;;"test0";6367;1555552
32;-78316730;true;0.0034351054217239907;0;1;;"test0";6886;1555552
32;-1521618516;true;0.003443041114540441;0;1;;"test0";7217;1555552
32;1410211547;true;0.003446324549790137;0;1;;"test0";6995;1555552
32;301639317;true;0.003446636520491078;0;1;;"test0";7000;1555552
32;-284500576;true;0.003446636520491078;0;1;;"test0";7254;1555552
32;480797191;true;0.003446636520491078;0;1;;"test0";6931;1555552
32;1266979661;true;0.003446636520491078;0;1;;"test0";6524;1555552
32;-668582837;true;0.003447769348889152;0;1;;"test0";6795;1555552
32;-668582837;true;0.003447769348889152;0;1;;"test0";7115;1555552
32;-967790238;true;0.0034523666030999104;0;1;;"test0";6737;1555552
32;-1538994827;true;0.0034523666030999104;0;1;;"test0";7680;1555552
32;-140252481;true;0.0034523666030999104;0;1;;"test0";7067;1555552
32;432509735;true;0.0035617287559843885;0;1;;"test0";6892;1555552
32;1387594680;true;0.0035617287559843885;0;1;;"test0";6908;1555552
32;1387594680;true;0.0035617287559843885;0;1;;"test0";7650;1555552
32;-1777199731;true;0.0035617287559843885;0;1;;"test0";7221;1555552
32;1969571269;true;0.0035617287559843885;0;1;;"test0";7202;1555552
32;1635030601;true;0.003570614376372784;0;1;;"test0";7196;1555552
32;1355339408;true;0.003570614376372784;0;1;;"test0";6786;1555552
32;-519997870;true;0.003570614376372784;0;1;;"test0";7031;1555552
32;972270385;true;0.003570614376372784;0;1;;"test0";7042;1555552
32;1185083269;true;0.003570614376372784;0;1;;"test0";7045;1555552
32;154121255;true;0.003570614376372784;0;1;;"test0";7827;1555552
32;96418371;true;0.0035863027921397206;0;1;;"test0";6999;1555552
32;96418371;true;0.0035863027921397206;0;1;;"test0";6963;1555552
32;1599542095;true;0.0035863027921397206;0;1;;"test0";7195;1555552
32;1636531523;true;0.0035863027921397206;0;1;;"test0";6928;1555552
32;96418371;true;0.0035863027921397206;0;1;;"test0";7164;1555552
32;-1710169991;true;0.0035863027921397206;0;1;;"test0";6982;1555552
32;-856649779;true;0.0035863027921397206;0;1;;"test0";6798;1555552
32;1396973495;true;0.0035903807733407653;0;1;;"test0";6997;1555552
32;-1539094845;true;0.0035968165749268245;0;1;;"test0";7124;1555552
32;580209382;true;0.0035994427202612617;0;1;;"test0";7020;1555552
32;-2058641615;true;0.0035994427202612617;0;1;;"test0";7063;1555552
32;1209550545;true;0.0035994427202612617;0;1;;"test0";6761;1555552
32;-1622737839;true;0.0035994427202612617;0;1;;"test0";7203;1555552
32;-1963946336;true;0.0035994427202612617;0;1;;"test0";7283;1555552
32;-850840813;true;0.0035994427202612617;0;1;;"test0";7200;1555552
32;1670690090;true;0.0035994427202612617;0;1;;"test0";6965;1555552
32;-92336982;true;0.003796113882157877;0;1;;"test0";1;1555552
32;-1632116350;true;0.003796113882157877;0;1;;"test0";8151;1555552
32;-1686507980;true;0.003796113882157877;0;1;;"test0";7059;1555552
32;1308124396;true;0.003796113882157877;0;1;;"test0";7124;1555552
32;-1124592595;true;0.003796113882157877;0;1;;"test0";7028;1555552
32;572261665;true;0.003796113882157877;0;1;;"test0";3;1555552
32;1331852541;true;0.003796113882157877;0;1;;"test0";7505;1555552
32;1923964899;true;0.003796113882157877;0;1;;"test0";7150;1555552
33;-2068158174;true;0.002002288329519451;0;1;;"test0";7350;1599874
33;-2110153741;true;0.003435070150748532;0;1;;"test0";6576;1599874
33;-2023393244;true;0.0034351054217239907;0;1;;"test0";7319;1599874
33;195883715;true;0.0034351054217239907;0;1;;"test0";6624;1599874
33;1945468940;true;0.0034351416720282833;0;1;;"test0";6991;1599874
33;422411821;true;0.003445660116781992;0;1;;"test0";6432;1599874
33;1943550535;true;0.003446636520491078;0;1;;"test0";7355;1599874
33;635059806;true;0.003446636520491078;0;1;;"test0";6728;1599874
33;301639317;true;0.003446636520491078;0;1;;"test0";7260;1599874
33;-2121005470;true;0.003446730426075875;0;1;;"test0";7070;1599874
33;-668582837;true;0.003447769348889152;0;1;;"test0";6668;1599874
33;1281698815;true;0.003447769348889152;0;1;;"test0";7462;1599874
33;556899471;true;0.003447769348889152;0;1;;"test0";6964;1599874
33;-668582837;true;0.003447769348889152;0;1;;"test0";7453;1599874
33;-994284430;true;0.003447850755482589;0;1;;"test0";7161;1599874
33;-140252481;true;0.0034523666030999104;0;1;;"test0";7750;1599874
33;-1538994827;true;0.0034523666030999104;0;1;;"test0";6198;1599874
33;-1364625126;true;0.0035215107722845126;0;1;;"test0";7376;1599874
33;1788817085;true;0.0035617287559843885;0;1;;"test0";7177;1599874
33;432509735;true;0.0035617287559843885;0;1;;"test0";7149;1599874
33;-325443710;true;0.003570614376372784;0;1;;"test0";7445;1599874
33;-2104910299;true;0.0035863027921397206;0;1;;"test0";6946;1599874
33;96418371;true;0.0035863027921397206;0;1;;"test0";6726;1599874
33;96418371;true;0.0035863027921397206;0;1;;"test0";6614;1599874
33;-590131644;true;0.0035863027921397206;0;1;;"test0";7038;1599874
33;853901258;true;0.0035903807733407653;0;1;;"test0";7087;1599874
33;846884673;true;0.0035903807733407653;0;1;;"test0";6789;1599874
33;1396973495;true;0.0035903807733407653;0;1;;"test0";6625;1599874
33;396888284;true;0.0035903807733407653;0;1;;"test0";7485;1599874
33;-1521391576;true;0.0035903807733407653;0;1;;"test0";7089;1599874
33;-673464995;true;0.0035903807733407653;0;1;;"test0";6754;1599874
33;1645304640;true;0.0035968165749268245;0;1;;"test0";7086;1599874
33;-1539094845;true;0.0035968165749268245;0;1;;"test0";7042;1599874
33;1200150012;true;0.0035968165749268245;0;1;;"test0";7445;1599874
33;-1539094845;true;0.0035968165749268245;0;1;;"test0";6435;1599874
33;-2088980787;true;0.0035994427202612617;0;1;;"test0";6944;1599874
33;1162057708;true;0.0035994427202612617;0;1;;"test0";6765;1599874
33;805516144;true;0.0035994427202612617;0;1;;"test0";6617;1599874
33;1241388125;true;0.0035994427202612617;0;1;;"test0";7300;1599874
33;1331852541;true;0.003796113882157877;0;1;;"test0";4;1599874
33;1839734743;true;0.003796113882157877;0;1;;"test0";7345;1599874
33;-1632116350;true;0.003796113882157877;0;1;;"test0";7338;1599874
33;-925446852;true;0.003796113882157877;0;1;;"test0";7356;1599874
33;-423516852;true;0.003796113882157877;0;1;;"test0";6913;1599874
33;1049927442;true;0.003796113882157877;0;1;;"test0";7041;1599874
33;-663105176;true;0.003796113882157877;0;1;;"test0";7321;1599874
33;1923964899;true;0.003796113882157877;0;1;;"test0";2;1599874
33;-474152241;true;0.003796113882157877;0;1;;"test0";7703;1599874
33;-1685125185;true;0.003796113882157877;0;1;;"test0";7092;1599874
33;645642396;true;0.003796113882157877;0;1;;"test0";7360;1599874
34;-511475819;false;-1;0;1;;"test0";NaN;1648114
34;1706011966;true;0.00286427732079906;0;1;;"test0";6296;1648114
34;-918278584;true;0.00286427732079906;0;1;;"test0";6692;1648114
34;-1274494203;true;0.003447850755482589;0;1;;"test0";6821;1648114
34;-994284430;true;0.003447850755482589;0;1;;"test0";6525;1648114
34;-994284430;true;0.003447850755482589;0;1;;"test0";6472;1648114
34;-251630644;true;0.003447850755482589;0;1;;"test0";6581;1648114
34;-994284430;true;0.003447850755482589;0;1;;"test0";6891;1648114
34;-1851835602;true;0.003447850755482589;0;1;;"test0";5929;1648114
34;-1364625126;true;0.0035215107722845126;0;1;;"test0";6571;1648114
34;-1354694085;true;0.0035215107722845126;0;1;;"test0";6631;1648114
34;-1657922218;true;0.0035617287559843885;0;1;;"test0";6549;1648114
34;432509735;true;0.0035617287559843885;0;1;;"test0";5990;1648114
34;918044108;true;0.003570614376372784;0;1;;"test0";6731;1648114
34;-325443710;true;0.003570614376372784;0;1;;"test0";7167;1648114
34;-2010667417;true;0.0035863027921397206;0;1;;"test0";7077;1648114
34;64594944;true;0.0035863027921397206;0;1;;"test0";7314;1648114
34;735997433;true;0.0035863027921397206;0;1;;"test0";6602;1648114
34;802967321;true;0.0035863027921397206;0;1;;"test0";6764;1648114
34;-546750625;true;0.0035863027921397206;0;1;;"test0";6688;1648114
34;-176919865;true;0.0035863027921397206;0;1;;"test0";6328;1648114
34;-590131644;true;0.0035863027921397206;0;1;;"test0";7017;1648114
34;1796201540;true;0.0035903807733407653;0;1;;"test0";6988;1648114
34;1602931939;true;0.0035903807733407653;0;1;;"test0";7271;1648114
34;-342555255;true;0.0035903807733407653;0;1;;"test0";7331;1648114
34;853901258;true;0.0035903807733407653;0;1;;"test0";6961;1648114
34;1710365779;true;0.0035903807733407653;0;1;;"test0";6301;1648114
34;1054292937;true;0.0035903807733407653;0;1;;"test0";6167;1648114
34;1954347922;true;0.0035903807733407653;0;1;;"test0";6173;1648114
34;-1601303516;true;0.0035903807733407653;0;1;;"test0";6621;1648114
34;-1163245135;true;0.0035903807733407653;0;1;;"test0";6230;1648114
34;-1073764696;true;0.0035903807733407653;0;1;;"test0";6352;1648114
34;641284455;true;0.0035968165749268245;0;1;;"test0";7250;1648114
34;666344592;true;0.0035968165749268245;0;1;;"test0";7274;1648114
34;-1539094845;true;0.0035968165749268245;0;1;;"test0";7315;1648114
34;-1539094845;true;0.0035968165749268245;0;1;;"test0";6761;1648114
34;805516144;true;0.0035994427202612617;0;1;;"test0";6835;1648114
34;1162057708;true;0.0035994427202612617;0;1;;"test0";6828;1648114
34;651938654;true;0.0035994427202612617;0;1;;"test0";3694;1648114
34;1622410800;true;0.0035994427202612617;0;1;;"test0";6661;1648114
34;-1891592993;true;0.0035994427202612617;0;1;;"test0";6713;1648114
34;-582135917;true;0.0035994427202612617;0;1;;"test0";4776;1648114
34;1241388125;true;0.0035994427202612617;0;1;;"test0";5910;1648114
34;-215354838;true;0.0035994427202612617;0;1;;"test0";6302;1648114
34;-2088980787;true;0.0035994427202612617;0;1;;"test0";7033;1648114
34;645642396;true;0.003796113882157877;0;1;;"test0";2;1648114
34;1530900273;true;0.003796113882157877;0;1;;"test0";6258;1648114
34;-663105176;true;0.003796113882157877;0;1;;"test0";7296;1648114
34;-1685125185;true;0.003796113882157877;0;1;;"test0";7078;1648114
35;999117127;true;0.002002288329519451;0;1;;"test0";6992;1692619
35;-1414478571;true;0.002002288329519451;0;1;;"test0";6941;1692619
35;-1439684105;true;0.0028642005243457043;0;1;;"test0";7353;1692619
35;-494886929;true;0.00286427732079906;0;1;;"test0";7177;1692619
35;-430516664;true;0.00286427732079906;0;1;;"test0";7201;1692619
35;-169651734;true;0.003443041114540441;0;1;;"test0";7275;1692619
35;2132111627;true;0.003443041114540441;0;1;;"test0";7055;1692619
35;-2070651242;true;0.003443041114540441;0;1;;"test0";6958;1692619
35;-436070395;true;0.0035215107722845126;0;1;;"test0";7051;1692619
35;-1364625126;true;0.0035215107722845126;0;1;;"test0";7076;1692619
35;-1765300702;true;0.0035617287559843885;0;1;;"test0";6718;1692619
35;2045542014;true;0.0035617287559843885;0;1;;"test0";7041;1692619
35;432509735;true;0.0035617287559843885;0;1;;"test0";7234;1692619
35;1810372835;true;0.0035617287559843885;0;1;;"test0";7158;1692619
35;708037705;true;0.003570614376372784;0;1;;"test0";7149;1692619
35;-325443710;true;0.003570614376372784;0;1;;"test0";7151;1692619
35;-808420053;true;0.003570614376372784;0;1;;"test0";6950;1692619
35;835664086;true;0.003570614376372784;0;1;;"test0";6274;1692619
35;1075122684;true;0.003570614376372784;0;1;;"test0";7547;1692619
35;-1320318060;true;0.0035774120306526374;0;1;;"test0";7757;1692619
35;-546750625;true;0.0035863027921397206;0;1;;"test0";7059;1692619
35;-590131644;true;0.0035863027921397206;0;1;;"test0";6936;1692619
35;-383008650;true;0.0035863027921397206;0;1;;"test0";6678;1692619
35;-176919865;true;0.0035863027921397206;0;1;;"test0";6775;1692619
35;743263363;true;0.003587659168457079;0;1;;"test0";6799;1692619
35;-1611013837;true;0.0035903807733407653;0;1;;"test0";7340;1692619
35;1340359676;true;0.0035903807733407653;0;1;;"test0";6739;1692619
35;-1163245135;true;0.0035903807733407653;0;1;;"test0";7363;1692619
35;1290745236;true;0.0035903807733407653;0;1;;"test0";7462;1692619
35;1029836361;true;0.0035903807733407653;0;1;;"test0";7342;1692619
35;-974768751;true;0.0035903807733407653;0;1;;"test0";7029;1692619
35;-215312809;true;0.0035968165749268245;0;1;;"test0";7202;1692619
35;641284455;true;0.0035968165749268245;0;1;;"test0";7147;1692619
35;-1728447154;true;0.0035994427202612617;0;1;;"test0";7390;1692619
35;-442911045;true;0.0035994427202612617;0;1;;"test0";6869;1692619
35;1935472770;true;0.0035994427202612617;0;1;;"test0";7053;1692619
35;-1474312875;true;0.0035994427202612617;0;1;;"test0";6573;1692619
35;-1291366923;true;0.0035994427202612617;0;1;;"test0";7146;1692619
35;-1891592993;true;0.0035994427202612617;0;1;;"test0";7323;1692619
35;-1534747647;true;0.0035994427202612617;0;1;;"test0";7392;1692619
35;67306564;true;0.0035994427202612617;0;1;;"test0";6666;1692619
35;-1377653387;true;0.0035994427202612617;0;1;;"test0";6417;1692619
35;-1685125185;true;0.003796113882157877;0;1;;"test0";7055;1692619
35;-663105176;true;0.003796113882157877;0;1;;"test0";2;1692619
35;1074602558;true;0.003796113882157877;0;1;;"test0";7246;1692619
35;1660224418;true;0.003796113882157877;0;1;;"test0";7297;1692619
35;-1685125185;true;0.003796113882157877;0;1;;"test0";7038;1692619
35;-1078329609;true;0.003796113882157877;0;1;;"test0";7378;1692619
35;1566481321;true;0.003796113882157877;0;1;;"test0";7745;1692619
36;-854722717;false;-1;0;1;;"test0";NaN;1741568
36;1834347079;true;0.00286427732079906;0;1;;"test0";7078;1741568
36;-494886929;true;0.00286427732079906;0;1;;"test0";6831;1741568
36;1486903707;true;0.00286427732079906;0;1;;"test0";6098;1741568
36;1745568815;true;0.00286427732079906;0;1;;"test0";6073;1741568
36;34897205;true;0.00286427732079906;0;1;;"test0";7261;1741568
36;701089669;true;0.00286427732079906;0;1;;"test0";3658;1741568
36;-196342314;true;0.0034354446994883914;0;1;;"test0";4004;1741568
36;-2111099250;true;0.003443041114540441;0;1;;"test0";7135;1741568
36;-2070651242;true;0.003443041114540441;0;1;;"test0";7489;1741568
36;936104460;true;0.0035215107722845126;0;1;;"test0";6484;1741568
36;1810372835;true;0.0035617287559843885;0;1;;"test0";6405;1741568
36;1810372835;true;0.0035617287559843885;0;1;;"test0";6198;1741568
36;835664086;true;0.003570614376372784;0;1;;"test0";5664;1741568
36;-969876921;true;0.003570614376372784;0;1;;"test0";6196;1741568
36;-407676854;true;0.003570614376372784;0;1;;"test0";6325;1741568
36;-980000729;true;0.0035863027921397206;0;1;;"test0";6318;1741568
36;1750369429;true;0.0035863027921397206;0;1;;"test0";6661;1741568
36;-291907716;true;0.0035863027921397206;0;1;;"test0";6833;1741568
36;-1201485202;true;0.0035863027921397206;0;1;;"test0";6291;1741568
36;-590131644;true;0.0035863027921397206;0;1;;"test0";6936;1741568
36;743263363;true;0.003587659168457079;0;1;;"test0";7270;1741568
36;743263363;true;0.003587659168457079;0;1;;"test0";6123;1741568
36;-1959255533;true;0.0035902104790816853;0;1;;"test0";6936;1741568
36;-974768751;true;0.0035903807733407653;0;1;;"test0";6241;1741568
36;1878820790;true;0.0035903807733407653;0;1;;"test0";6277;1741568
36;1582520030;true;0.0035903807733407653;0;1;;"test0";7331;1741568
36;1340359676;true;0.0035903807733407653;0;1;;"test0";7031;1741568
36;-974768751;true;0.0035903807733407653;0;1;;"test0";6136;1741568
36;1029836361;true;0.0035903807733407653;0;1;;"test0";6221;1741568
36;641284455;true;0.0035968165749268245;0;1;;"test0";7104;1741568
36;-1638668260;true;0.0035968165749268245;0;1;;"test0";7268;1741568
36;-743631996;true;0.0035968165749268245;0;1;;"test0";6930;1741568
36;641284455;true;0.0035968165749268245;0;1;;"test0";6942;1741568
36;-1635779084;true;0.0035968165749268245;0;1;;"test0";6930;1741568
36;-215312809;true;0.0035968165749268245;0;1;;"test0";7665;1741568
36;-2083248414;true;0.0035994427202612617;0;1;;"test0";7272;1741568
36;-442911045;true;0.0035994427202612617;0;1;;"test0";7271;1741568
36;-1728447154;true;0.0035994427202612617;0;1;;"test0";7767;1741568
36;1220296680;true;0.0035994427202612617;0;1;;"test0";7273;1741568
36;524579482;true;0.0035994427202612617;0;1;;"test0";6211;1741568
36;-1957552781;true;0.0035994427202612617;0;1;;"test0";6752;1741568
36;441608036;true;0.003796113882157877;0;1;;"test0";7447;1741568
36;-1078329609;true;0.003796113882157877;0;1;;"test0";2;1741568
36;1660224418;true;0.003796113882157877;0;1;;"test0";6756;1741568
36;1566481321;true;0.003796113882157877;0;1;;"test0";6047;1741568
36;747621752;true;0.003796113882157877;0;1;;"test0";7454;1741568
36;-1685125185;true;0.003796113882157877;0;1;;"test0";7412;1741568
36;-1541275111;true;0.003796113882157877;0;1;;"test0";7513;1741568
37;-1638668260;false;-1;0;1;;"test0";NaN;1790107
37;-1450195860;true;0.00286427732079906;0;1;;"test0";6211;1790107
37;1020625448;true;0.00286427732079906;0;1;;"test0";6814;1790107
37;1834347079;true;0.00286427732079906;0;1;;"test0";6964;1790107
37;1834347079;true;0.00286427732079906;0;1;;"test0";6966;1790107
37;2049233750;true;0.00286427732079906;0;1;;"test0";6382;1790107
37;2048538121;true;0.002864412475396457;0;1;;"test0";6827;1790107
37;1597091423;true;0.0034354446994883914;0;1;;"test0";6961;1790107
37;-196342314;true;0.0034354446994883914;0;1;;"test0";6952;1790107
37;1372902880;true;0.003442745136166407;0;1;;"test0";7080;1790107
37;-2111099250;true;0.003443041114540441;0;1;;"test0";7115;1790107
37;-2070651242;true;0.003443041114540441;0;1;;"test0";6843;1790107
37;-2070651242;true;0.003443041114540441;0;1;;"test0";6239;1790107
37;144846487;true;0.0035215107722845126;0;1;;"test0";7441;1790107
37;936104460;true;0.0035215107722845126;0;1;;"test0";7342;1790107
37;-127497896;true;0.003570614376372784;0;1;;"test0";6549;1790107
37;340102013;true;0.0035860575045833904;0;1;;"test0";6890;1790107
37;-1087517052;true;0.0035863027921397206;0;1;;"test0";6321;1790107
37;1929609465;true;0.0035863027921397206;0;1;;"test0";5892;1790107
37;-980000729;true;0.0035863027921397206;0;1;;"test0";5889;1790107
37;-291907716;true;0.0035863027921397206;0;1;;"test0";6318;1790107
37;743263363;true;0.003587659168457079;0;1;;"test0";7241;1790107
37;743263363;true;0.003587659168457079;0;1;;"test0";7375;1790107
37;-1762479069;true;0.003587659168457079;0;1;;"test0";6488;1790107
37;-100068790;true;0.003587659168457079;0;1;;"test0";7071;1790107
37;-727129982;true;0.0035902104790816853;0;1;;"test0";7021;1790107
37;-1959255533;true;0.0035902104790816853;0;1;;"test0";6519;1790107
37;1119546386;true;0.0035903807733407653;0;1;;"test0";6849;1790107
37;536651710;true;0.0035903807733407653;0;1;;"test0";6009;1790107
37;283414175;true;0.0035903807733407653;0;1;;"test0";5995;1790107
37;1029836361;true;0.0035903807733407653;0;1;;"test0";6311;1790107
37;1764133839;true;0.0035968165749268245;0;1;;"test0";6523;1790107
37;-647427225;true;0.0035968165749268245;0;1;;"test0";7011;1790107
37;745993344;true;0.0035968165749268245;0;1;;"test0";6483;1790107
37;-701412146;true;0.0035968165749268245;0;1;;"test0";5890;1790107
37;1660282199;true;0.0035968165749268245;0;1;;"test0";7047;1790107
37;251640682;true;0.0035968165749268245;0;1;;"test0";4757;1790107
37;-1635779084;true;0.0035968165749268245;0;1;;"test0";6904;1790107
37;524579482;true;0.0035994427202612617;0;1;;"test0";3778;1790107
37;-1942475031;true;0.0035994427202612617;0;1;;"test0";6321;1790107
37;524579482;true;0.0035994427202612617;0;1;;"test0";5880;1790107
37;-442911045;true;0.0035994427202612617;0;1;;"test0";6393;1790107
37;-813265153;true;0.0035994427202612617;0;1;;"test0";6093;1790107
37;-52062711;true;0.0035994427202612617;0;1;;"test0";5916;1790107
37;243438728;true;0.003796113882157877;0;1;;"test0";7042;1790107
37;747621752;true;0.003796113882157877;0;1;;"test0";6601;1790107
37;-1541275111;true;0.003796113882157877;0;1;;"test0";7096;1790107
37;-1541275111;true;0.003796113882157877;0;1;;"test0";7131;1790107
37;-1685125185;true;0.003796113882157877;0;1;;"test0";1;1790107
38;-1782234597;false;-1;0;1;;"test0";NaN;1837917
38;-1373193288;true;0.00286427732079906;0;1;;"test0";5917;1837917
38;-425153403;true;0.00286427732079906;0;1;;"test0";7296;1837917
38;1535456121;true;0.00286427732079906;0;1;;"test0";6661;1837917
38;169142899;true;0.0028643572950366922;0;1;;"test0";6716;1837917
38;1217832113;true;0.003435067687341489;0;1;;"test0";6360;1837917
38;-196342314;true;0.0034354446994883914;0;1;;"test0";6807;1837917
38;936104460;true;0.0035215107722845126;0;1;;"test0";6668;1837917
38;2112300618;true;0.0035215107722845126;0;1;;"test0";6868;1837917
38;340102013;true;0.0035860575045833904;0;1;;"test0";6217;1837917
38;943554657;true;0.0035860575045833904;0;1;;"test0";6287;1837917
38;-505398549;true;0.0035860575045833904;0;1;;"test0";5836;1837917
38;-1692096334;true;0.0035860575045833904;0;1;;"test0";6769;1837917
38;340102013;true;0.0035860575045833904;0;1;;"test0";6651;1837917
38;340102013;true;0.0035860575045833904;0;1;;"test0";7032;1837917
38;-1836375503;true;0.0035863027921397206;0;1;;"test0";7019;1837917
38;1929609465;true;0.0035863027921397206;0;1;;"test0";6605;1837917
38;-1060849799;true;0.0035863027921397206;0;1;;"test0";7269;1837917
38;790401078;true;0.0035863027921397206;0;1;;"test0";6215;1837917
38;1640132782;true;0.003587659168457079;0;1;;"test0";6168;1837917
38;-727129982;true;0.0035902104790816853;0;1;;"test0";7260;1837917
38;1029836361;true;0.0035903807733407653;0;1;;"test0";6694;1837917
38;1336756114;true;0.0035903807733407653;0;1;;"test0";6605;1837917
38;1029836361;true;0.0035903807733407653;0;1;;"test0";7167;1837917
38;1779425439;true;0.0035903807733407653;0;1;;"test0";6901;1837917
38;51566274;true;0.0035903807733407653;0;1;;"test0";6085;1837917
38;1964302770;true;0.0035967646529668842;0;1;;"test0";7290;1837917
38;-1583395101;true;0.0035968165749268245;0;1;;"test0";4218;1837917
38;251640682;true;0.0035968165749268245;0;1;;"test0";7148;1837917
38;711201407;true;0.0035968165749268245;0;1;;"test0";7244;1837917
38;307613914;true;0.0035968165749268245;0;1;;"test0";6703;1837917
38;-1753625597;true;0.0035968165749268245;0;1;;"test0";7109;1837917
38;-1133219710;true;0.0035994427202612617;0;1;;"test0";6135;1837917
38;-1306133845;true;0.0035994427202612617;0;1;;"test0";6715;1837917
38;-1851565068;true;0.0035994427202612617;0;1;;"test0";7096;1837917
38;-1685125185;true;0.003796113882157877;0;1;;"test0";1;1837917
38;-1572332627;true;0.003796113882157877;0;1;;"test0";6471;1837917
38;243438728;true;0.003796113882157877;0;1;;"test0";7176;1837917
38;243438728;true;0.003796113882157877;0;1;;"test0";6047;1837917
38;-1541275111;true;0.003796113882157877;0;1;;"test0";6380;1837917
38;-611917647;true;0.003796113882157877;0;1;;"test0";4767;1837917
38;-828402297;true;0.003796113882157877;0;1;;"test0";6400;1837917
38;-1669970733;true;0.003796113882157877;0;1;;"test0";6657;1837917
38;185630820;true;0.003796113882157877;0;1;;"test0";5959;1837917
38;-1456827779;true;0.003796113882157877;0;1;;"test0";6025;1837917
38;-1541275111;true;0.003796113882157877;0;1;;"test0";7220;1837917
38;-1541275111;true;0.003796113882157877;0;1;;"test0";6197;1837917
38;-1134733543;true;0.003796113882157877;0;1;;"test0";6313;1837917
38;1947043794;true;0.003796113882157877;0;1;;"test0";6473;1837917
39;-1972132766;true;0.002574370709382151;0;1;;"test0";6831;1882431
39;-425153403;true;0.00286427732079906;0;1;;"test0";6378;1882431
39;1845627649;true;0.00286427732079906;0;1;;"test0";6904;1882431
39;-1355330611;true;0.00286427732079906;0;1;;"test0";7374;1882431
39;1270210821;true;0.003435067687341489;0;1;;"test0";7079;1882431
39;1217832113;true;0.003435067687341489;0;1;;"test0";7034;1882431
39;477723717;true;0.0034357369035839646;0;1;;"test0";7372;1882431
39;1526913380;true;0.0035215107722845126;0;1;;"test0";7446;1882431
39;1043261185;true;0.0035215107722845126;0;1;;"test0";7746;1882431
39;-505398549;true;0.0035860575045833904;0;1;;"test0";7328;1882431
39;1374207027;true;0.0035860575045833904;0;1;;"test0";7190;1882431
39;-505398549;true;0.0035860575045833904;0;1;;"test0";6987;1882431
39;-770246825;true;0.0035863027921397206;0;1;;"test0";7286;1882431
39;-1930599916;true;0.0035863027921397206;0;1;;"test0";7206;1882431
39;1640132782;true;0.003587659168457079;0;1;;"test0";7361;1882431
39;-727129982;true;0.0035902104790816853;0;1;;"test0";7631;1882431
39;820458880;true;0.0035902104790816853;0;1;;"test0";7203;1882431
39;300939514;true;0.0035902104790816853;0;1;;"test0";7053;1882431
39;2107683451;true;0.0035903807733407653;0;1;;"test0";6881;1882431
39;-260850534;true;0.0035903807733407653;0;1;;"test0";7347;1882431
39;-143182429;true;0.0035903807733407653;0;1;;"test0";7218;1882431
39;-139374708;true;0.0035903807733407653;0;1;;"test0";7046;1882431
39;1029836361;true;0.0035903807733407653;0;1;;"test0";7144;1882431
39;-1783603289;true;0.0035903807733407653;0;1;;"test0";6978;1882431
39;-1088981945;true;0.0035903807733407653;0;1;;"test0";7119;1882431
39;-667502350;true;0.0035903807733407653;0;1;;"test0";6983;1882431
39;1537835006;true;0.0035939710468851182;0;1;;"test0";7109;1882431
39;-869223171;true;0.0035968165749268245;0;1;;"test0";7220;1882431
39;-797878832;true;0.0035968165749268245;0;1;;"test0";6831;1882431
39;-1583395101;true;0.0035968165749268245;0;1;;"test0";7064;1882431
39;-1031707346;true;0.0035968165749268245;0;1;;"test0";7269;1882431
39;-1583395101;true;0.0035968165749268245;0;1;;"test0";7233;1882431
39;-1996540551;true;0.0035968165749268245;0;1;;"test0";8163;1882431
39;1685481597;true;0.0035968165749268245;0;1;;"test0";7216;1882431
39;1019769259;true;0.0035968165749268245;0;1;;"test0";6061;1882431
39;711201407;true;0.0035968165749268245;0;1;;"test0";7003;1882431
39;720429013;true;0.0035994427202612617;0;1;;"test0";7210;1882431
39;-793472825;true;0.0035994427202612617;0;1;;"test0";7584;1882431
39;-1851565068;true;0.0035994427202612617;0;1;;"test0";7045;1882431
39;-1493157714;true;0.0035994427202612617;0;1;;"test0";6990;1882431
39;-1851565068;true;0.0035994427202612617;0;1;;"test0";7006;1882431
39;-731580630;true;0.0035994427202612617;0;1;;"test0";7254;1882431
39;323372190;true;0.003796113882157877;0;1;;"test0";7114;1882431
39;-1134733543;true;0.003796113882157877;0;1;;"test0";2;1882431
39;-82654304;true;0.003796113882157877;0;1;;"test0";6283;1882431
39;-1541275111;true;0.003796113882157877;0;1;;"test0";7333;1882431
39;2110033848;true;0.003796113882157877;0;1;;"test0";7020;1882431
39;1947043794;true;0.003796113882157877;0;1;;"test0";1;1882431
39;-418188117;true;0.003796113882157877;0;1;;"test0";7300;1882431
39;-1541275111;true;0.003796113882157877;0;1;;"test0";7365;1882431
40;-2042005378;true;0.00286427732079906;0;1;;"test0";7223;1926555
40;34581205;true;0.00286427732079906;0;1;;"test0";6285;1926555
40;1355045917;true;0.00286427732079906;0;1;;"test0";7567;1926555
40;-1743238960;true;0.003003432494279176;0;1;;"test0";6042;1926555
40;477723717;true;0.0034357369035839646;0;1;;"test0";7649;1926555
40;1219507380;true;0.0034357369035839646;0;1;;"test0";7480;1926555
40;-510509960;true;0.0035774120306526374;0;1;;"test0";7271;1926555
40;-1017367329;true;0.0035860575045833904;0;1;;"test0";6717;1926555
40;826032587;true;0.0035863027921397206;0;1;;"test0";6550;1926555
40;-1614783974;true;0.003587659168457079;0;1;;"test0";6642;1926555
40;1640132782;true;0.003587659168457079;0;1;;"test0";6057;1926555
40;1640132782;true;0.003587659168457079;0;1;;"test0";7403;1926555
40;765415655;true;0.0035902104790816853;0;1;;"test0";6990;1926555
40;300939514;true;0.0035902104790816853;0;1;;"test0";7319;1926555
40;577384072;true;0.0035902104790816853;0;1;;"test0";7344;1926555
40;-1331250670;true;0.0035902104790816853;0;1;;"test0";7441;1926555
40;514931668;true;0.0035903807733407653;0;1;;"test0";7459;1926555
40;844321481;true;0.0035903807733407653;0;1;;"test0";5802;1926555
40;-2049750255;true;0.0035903807733407653;0;1;;"test0";7114;1926555
40;-667502350;true;0.0035903807733407653;0;1;;"test0";7089;1926555
40;1283887168;true;0.0035903807733407653;0;1;;"test0";6479;1926555
40;-1031077706;true;0.0035903807733407653;0;1;;"test0";7308;1926555
40;-15156663;true;0.0035903807733407653;0;1;;"test0";7502;1926555
40;1207417021;true;0.0035939710468851182;0;1;;"test0";6908;1926555
40;993362957;true;0.0035939710468851182;0;1;;"test0";7094;1926555
40;-1233563657;true;0.0035939710468851182;0;1;;"test0";6422;1926555
40;-369606186;true;0.0035939710468851182;0;1;;"test0";7392;1926555
40;1819730175;true;0.0035939710468851182;0;1;;"test0";6998;1926555
40;-83025630;true;0.0035967646529668842;0;1;;"test0";6802;1926555
40;-869735904;true;0.0035967646529668842;0;1;;"test0";7656;1926555
40;612224262;true;0.0035968165749268245;0;1;;"test0";7498;1926555
40;1685481597;true;0.0035968165749268245;0;1;;"test0";7262;1926555
40;250405241;true;0.0035968165749268245;0;1;;"test0";7219;1926555
40;1906992289;true;0.0035968165749268245;0;1;;"test0";5862;1926555
40;-1135201811;true;0.0035974700721030845;0;1;;"test0";7283;1926555
40;-793472825;true;0.0035994427202612617;0;1;;"test0";7249;1926555
40;-1851565068;true;0.0035994427202612617;0;1;;"test0";6529;1926555
40;-418188117;true;0.003796113882157877;0;1;;"test0";2;1926555
40;-394007080;true;0.003796113882157877;0;1;;"test0";6984;1926555
40;1657193996;true;0.003796113882157877;0;1;;"test0";7410;1926555
40;1947043794;true;0.003796113882157877;0;1;;"test0";6778;1926555
40;-364835927;true;0.003796113882157877;0;1;;"test0";6502;1926555
40;323372190;true;0.003796113882157877;0;1;;"test0";7272;1926555
40;1661169033;true;0.003796113882157877;0;1;;"test0";6759;1926555
40;-1084517335;true;0.003796113882157877;0;1;;"test0";7014;1926555
40;-1247190858;true;0.003796113882157877;0;1;;"test0";6368;1926555
40;-1541275111;true;0.003796113882157877;0;1;;"test0";7026;1926555
40;-1879684746;true;0.003796113882157877;0;1;;"test0";6499;1926555
40;1056367481;true;0.0038492482479754488;0;1;;"test0";6805;1926555
41;1731123516;true;0.00286427732079906;0;1;;"test0";7473;1971161
41;857126256;true;0.002864412475396457;0;1;;"test0";6624;1971161
41;-1032634211;true;0.003003432494279176;0;1;;"test0";7458;1971161
41;-396435041;true;0.0035682359453464117;0;1;;"test0";6873;1971161
41;-329515317;true;0.0035701497157532625;0;1;;"test0";7220;1971161
41;1640132782;true;0.003587659168457079;0;1;;"test0";6789;1971161
41;1640132782;true;0.003587659168457079;0;1;;"test0";5985;1971161
41;1076582558;true;0.003587659168457079;0;1;;"test0";6505;1971161
41;765415655;true;0.0035902104790816853;0;1;;"test0";6556;1971161
41;-568594988;true;0.0035902104790816853;0;1;;"test0";7526;1971161
41;353201064;true;0.0035902104790816853;0;1;;"test0";6630;1971161
41;577384072;true;0.0035902104790816853;0;1;;"test0";6510;1971161
41;-4055583;true;0.0035903807733407653;0;1;;"test0";7402;1971161
41;1283887168;true;0.0035903807733407653;0;1;;"test0";7418;1971161
41;993362957;true;0.0035939710468851182;0;1;;"test0";7705;1971161
41;-1819630018;true;0.0035939710468851182;0;1;;"test0";7052;1971161
41;993362957;true;0.0035939710468851182;0;1;;"test0";6983;1971161
41;993362957;true;0.0035939710468851182;0;1;;"test0";7424;1971161
41;1345087606;true;0.003594748396979523;0;1;;"test0";7195;1971161
41;-1391269580;true;0.0035965916732516464;0;1;;"test0";6680;1971161
41;182605263;true;0.0035967646529668842;0;1;;"test0";7043;1971161
41;-1815008690;true;0.0035967646529668842;0;1;;"test0";7723;1971161
41;242195180;true;0.0035967646529668842;0;1;;"test0";7198;1971161
41;1269262972;true;0.0035967646529668842;0;1;;"test0";6945;1971161
41;96997091;true;0.0035967646529668842;0;1;;"test0";7421;1971161
41;-1209491061;true;0.0035968165749268245;0;1;;"test0";7430;1971161
41;1906992289;true;0.0035968165749268245;0;1;;"test0";7558;1971161
41;-1135201811;true;0.0035974700721030845;0;1;;"test0";7164;1971161
41;-1135201811;true;0.0035974700721030845;0;1;;"test0";7015;1971161
41;-1135201811;true;0.0035974700721030845;0;1;;"test0";6908;1971161
41;-924951951;true;0.0035994427202612617;0;1;;"test0";7326;1971161
41;69073509;true;0.0035994427202612617;0;1;;"test0";7352;1971161
41;834353755;true;0.0036003229560949202;0;1;;"test0";7376;1971161
41;2126272291;true;0.003796113882157877;0;1;;"test0";7017;1971161
41;-1879684746;true;0.003796113882157877;0;1;;"test0";2;1971161
41;59655678;true;0.003796113882157877;0;1;;"test0";7277;1971161
41;681869698;true;0.003796113882157877;0;1;;"test0";7303;1971161
41;1437132189;true;0.003796113882157877;0;1;;"test0";7362;1971161
41;2135150237;true;0.003796113882157877;0;1;;"test0";7396;1971161
41;1242002601;true;0.003796113882157877;0;1;;"test0";7038;1971161
41;1845026759;true;0.003796113882157877;0;1;;"test0";7203;1971161
41;1786538166;true;0.003796113882157877;0;1;;"test0";7375;1971161
41;107897126;true;0.003796113882157877;0;1;;"test0";6829;1971161
41;1661169033;true;0.003796113882157877;0;1;;"test0";6531;1971161
41;2086967166;true;0.0038492482479754488;0;1;;"test0";7100;1971161
41;1056367481;true;0.0038492482479754488;0;1;;"test0";7669;1971161
41;1830476786;true;0.0038492482479754488;0;1;;"test0";7095;1971161
41;907140062;true;0.0038492482479754488;0;1;;"test0";6677;1971161
41;1056367481;true;0.0038492482479754488;0;1;;"test0";7295;1971161
42;244719936;true;0.002574370709382151;0;1;;"test0";7582;2017564
42;142890947;true;0.00286427732079906;0;1;;"test0";7375;2017564
42;1528038364;true;0.00286427732079906;0;1;;"test0";7799;2017564
42;-1164566651;true;0.002955758962623951;0;1;;"test0";6963;2017564
42;-1032634211;true;0.003003432494279176;0;1;;"test0";7056;2017564
42;-1032634211;true;0.003003432494279176;0;1;;"test0";7424;2017564
42;-1651062282;true;0.003437310278134414;0;1;;"test0";7033;2017564
42;1706779141;true;0.0035682359453464117;0;1;;"test0";6564;2017564
42;-396435041;true;0.0035682359453464117;0;1;;"test0";6432;2017564
42;-329515317;true;0.0035701497157532625;0;1;;"test0";7072;2017564
42;1144284335;true;0.0035770398347859406;0;1;;"test0";7151;2017564
42;-1700650916;true;0.0035903807733407653;0;1;;"test0";7028;2017564
42;993362957;true;0.0035939710468851182;0;1;;"test0";7454;2017564
42;-1443917950;true;0.0035939710468851182;0;1;;"test0";7083;2017564
42;1345087606;true;0.003594748396979523;0;1;;"test0";7191;2017564
42;1417760941;true;0.003594748396979523;0;1;;"test0";7407;2017564
42;-1119656826;true;0.0035950778481737985;0;1;;"test0";6745;2017564
42;182605263;true;0.0035967646529668842;0;1;;"test0";7350;2017564
42;-1282996885;true;0.0035967646529668842;0;1;;"test0";7456;2017564
42;-302937725;true;0.0035967646529668842;0;1;;"test0";7532;2017564
42;96997091;true;0.0035967646529668842;0;1;;"test0";7092;2017564
42;96997091;true;0.0035967646529668842;0;1;;"test0";7606;2017564
42;1942153719;true;0.0035967646529668842;0;1;;"test0";7465;2017564
42;-1677209364;true;0.0035967646529668842;0;1;;"test0";7469;2017564
42;415145468;true;0.0035967646529668842;0;1;;"test0";7456;2017564
42;-1815008690;true;0.0035967646529668842;0;1;;"test0";8428;2017564
42;-2029816662;true;0.0035974700721030845;0;1;;"test0";6993;2017564
42;-1135201811;true;0.0035974700721030845;0;1;;"test0";7941;2017564
42;348260684;true;0.0035994427202612617;0;1;;"test0";6995;2017564
42;1855864437;true;0.0035994427202612617;0;1;;"test0";6857;2017564
42;1739393936;true;0.0035994427202612617;0;1;;"test0";7354;2017564
42;1442902730;true;0.0035994427202612617;0;1;;"test0";7555;2017564
42;834353755;true;0.0036003229560949202;0;1;;"test0";7234;2017564
42;-708983117;true;0.0036003229560949202;0;1;;"test0";7015;2017564
42;-120940637;true;0.003796113882157877;0;1;;"test0";7199;2017564
42;-77737454;true;0.003796113882157877;0;1;;"test0";7447;2017564
42;1437132189;true;0.003796113882157877;0;1;;"test0";7558;2017564
42;-933542246;true;0.003796113882157877;0;1;;"test0";7037;2017564
42;-118819708;true;0.003796113882157877;0;1;;"test0";7399;2017564
42;1103524675;true;0.003796113882157877;0;1;;"test0";6722;2017564
42;486035810;true;0.0038492482479754488;0;1;;"test0";7390;2017564
42;1830476786;true;0.0038492482479754488;0;1;;"test0";7186;2017564
42;1056367481;true;0.0038492482479754488;0;1;;"test0";10;2017564
42;-1540991934;true;0.0038492482479754488;0;1;;"test0";6291;2017564
42;2086967166;true;0.0038492482479754488;0;1;;"test0";7412;2017564
42;-524644170;true;0.0038492482479754488;0;1;;"test0";7358;2017564
42;2086967166;true;0.0038492482479754488;0;1;;"test0";6495;2017564
42;-1908647691;true;0.0038492482479754488;0;1;;"test0";6937;2017564
42;907140062;true;0.0038492482479754488;0;1;;"test0";2;2017564
42;143945128;true;0.0038492482479754488;0;1;;"test0";7356;2017564
43;-1164566651;false;-1;0;1;;"test0";NaN;2066987
43;-89018635;true;0.002002288329519451;0;1;;"test0";6489;2066987
43;-991555361;true;0.00286427732079906;0;1;;"test0";7060;2066987
43;-808601738;true;0.002866698518872432;0;1;;"test0";7050;2066987
43;637428216;true;0.002955758962623951;0;1;;"test0";7260;2066987
43;-321237548;true;0.002955758962623951;0;1;;"test0";7144;2066987
43;-1117843899;true;0.002955758962623951;0;1;;"test0";7420;2066987
43;1308411211;true;0.003003432494279176;0;1;;"test0";7177;2066987
43;-1032634211;true;0.003003432494279176;0;1;;"test0";7043;2066987
43;700603840;true;0.003437310278134414;0;1;;"test0";7083;2066987
43;-1651062282;true;0.003437310278134414;0;1;;"test0";7236;2066987
43;-1800242847;true;0.003496198629174377;0;1;;"test0";7121;2066987
43;-128899866;true;0.0035682359453464117;0;1;;"test0";7019;2066987
43;1706779141;true;0.0035682359453464117;0;1;;"test0";6412;2066987
43;-1061094750;true;0.0035682359453464117;0;1;;"test0";6374;2066987
43;1706779141;true;0.0035682359453464117;0;1;;"test0";6412;2066987
43;-329515317;true;0.0035701497157532625;0;1;;"test0";6905;2066987
43;1286077193;true;0.0035701497157532625;0;1;;"test0";7856;2066987
43;1769325621;true;0.00358965131485571;0;1;;"test0";7139;2066987
43;1738550137;true;0.0035902104790816853;0;1;;"test0";7133;2066987
43;-1950126515;true;0.0035903807733407653;0;1;;"test0";6873;2066987
43;-1146246008;true;0.0035903807733407653;0;1;;"test0";7208;2066987
43;993362957;true;0.0035939710468851182;0;1;;"test0";7033;2066987
43;-1677209364;true;0.0035967646529668842;0;1;;"test0";7200;2066987
43;699275724;true;0.0035974700721030845;0;1;;"test0";5660;2066987
43;-2029816662;true;0.0035974700721030845;0;1;;"test0";5950;2066987
43;-1954455585;true;0.0035994427202612617;0;1;;"test0";6139;2066987
43;348260684;true;0.0035994427202612617;0;1;;"test0";6676;2066987
43;-998295684;true;0.0035994427202612617;0;1;;"test0";6302;2066987
43;1442902730;true;0.0035994427202612617;0;1;;"test0";7280;2066987
43;1442902730;true;0.0035994427202612617;0;1;;"test0";7271;2066987
43;1628245069;true;0.0035994427202612617;0;1;;"test0";6180;2066987
43;2144673336;true;0.0035994427202612617;0;1;;"test0";6683;2066987
43;-317210700;true;0.0035994427202612617;0;1;;"test0";7099;2066987
43;426166195;true;0.003796113882157877;0;1;;"test0";3698;2066987
43;-120940637;true;0.003796113882157877;0;1;;"test0";6907;2066987
43;-120940637;true;0.003796113882157877;0;1;;"test0";6848;2066987
43;-340314825;true;0.003796113882157877;0;1;;"test0";3621;2066987
43;1138880056;true;0.003796113882157877;0;1;;"test0";6905;2066987
43;1923945931;true;0.003796113882157877;0;1;;"test0";6147;2066987
43;-35751168;true;0.003796113882157877;0;1;;"test0";7154;2066987
43;1952015121;true;0.003848063837628399;0;1;;"test0";7181;2066987
43;737276333;true;0.0038492482479754488;0;1;;"test0";6522;2066987
43;143945128;true;0.0038492482479754488;0;1;;"test0";6291;2066987
43;2082553202;true;0.0038492482479754488;0;1;;"test0";6950;2066987
43;907140062;true;0.0038492482479754488;0;1;;"test0";1;2066987
43;-607587549;true;0.0038492482479754488;0;1;;"test0";7014;2066987
43;1830476786;true;0.0038492482479754488;0;1;;"test0";6410;2066987
43;143945128;true;0.0038492482479754488;0;1;;"test0";6843;2066987
44;278704982;true;0.0028642005243457043;0;1;;"test0";6003;2112437
44;256496800;true;0.002866698518872432;0;1;;"test0";6425;2112437
44;1565141683;true;0.002866698518872432;0;1;;"test0";7473;2112437
44;13806541;true;0.002866698518872432;0;1;;"test0";7457;2112437
44;-808601738;true;0.002866698518872432;0;1;;"test0";5827;2112437
44;-321237548;true;0.002955758962623951;0;1;;"test0";6651;2112437
44;-1486855506;true;0.002955758962623951;0;1;;"test0";6001;2112437
44;-2107329830;true;0.002955758962623951;0;1;;"test0";7270;2112437
44;571642422;true;0.002955758962623951;0;1;;"test0";7259;2112437
44;414159528;true;0.0034357765260897566;0;1;;"test0";7454;2112437
44;-1965272924;true;0.003437310278134414;0;1;;"test0";7461;2112437
44;-2115177540;true;0.00345049114166193;0;1;;"test0";7638;2112437
44;-1061094750;true;0.0035682359453464117;0;1;;"test0";7021;2112437
44;-595294077;true;0.0035682359453464117;0;1;;"test0";7057;2112437
44;-1550843684;true;0.0035701497157532625;0;1;;"test0";7667;2112437
44;1347701778;true;0.0035701497157532625;0;1;;"test0";7139;2112437
44;501689713;true;0.0035701497157532625;0;1;;"test0";7210;2112437
44;-2038316905;true;0.0035701497157532625;0;1;;"test0";6928;2112437
44;1978306996;true;0.0035701497157532625;0;1;;"test0";7774;2112437
44;1286077193;true;0.0035701497157532625;0;1;;"test0";6936;2112437
44;666135732;true;0.0035730715973517546;0;1;;"test0";7297;2112437
44;-1712457347;true;0.0035851484988781183;0;1;;"test0";6513;2112437
44;-1852249030;true;0.0035902104790816853;0;1;;"test0";6771;2112437
44;-416174798;true;0.0035902104790816853;0;1;;"test0";7307;2112437
44;-2044242059;true;0.0035903807733407653;0;1;;"test0";7645;2112437
44;-1146246008;true;0.0035903807733407653;0;1;;"test0";6323;2112437
44;-1849012742;true;0.003592593495650187;0;1;;"test0";6275;2112437
44;-265168024;true;0.0035939710468851182;0;1;;"test0";6948;2112437
44;-1557198576;true;0.0035939710468851182;0;1;;"test0";7340;2112437
44;-721385483;true;0.0035967646529668842;0;1;;"test0";7882;2112437
44;1905436510;true;0.0035967646529668842;0;1;;"test0";7164;2112437
44;-2029816662;true;0.0035974700721030845;0;1;;"test0";7201;2112437
44;1621844932;true;0.0035994427202612617;0;1;;"test0";7551;2112437
44;-1171232451;true;0.0035994427202612617;0;1;;"test0";6746;2112437
44;348260684;true;0.0035994427202612617;0;1;;"test0";7457;2112437
44;1908728687;true;0.003796113882157877;0;1;;"test0";7142;2112437
44;1075025818;true;0.003796113882157877;0;1;;"test0";7806;2112437
44;1748576930;true;0.003796113882157877;0;1;;"test0";7752;2112437
44;472113897;true;0.003796113882157877;0;1;;"test0";7367;2112437
44;756101837;true;0.003848063837628399;0;1;;"test0";7323;2112437
44;1952015121;true;0.003848063837628399;0;1;;"test0";7218;2112437
44;1952015121;true;0.003848063837628399;0;1;;"test0";7269;2112437
44;1839148492;true;0.003848063837628399;0;1;;"test0";6997;2112437
44;1952015121;true;0.003848063837628399;0;1;;"test0";7270;2112437
44;-1236512356;true;0.0038492482479754488;0;1;;"test0";6498;2112437
44;1036273227;true;0.0038492482479754488;0;1;;"test0";6261;2112437
44;1830476786;true;0.0038492482479754488;0;1;;"test0";1;2112437
44;-1359806877;true;0.0038492482479754488;0;1;;"test0";6436;2112437
44;143945128;true;0.0038492482479754488;0;1;;"test0";1;2112437
44;461821349;true;0.0038492482479754488;0;1;;"test0";6974;2112437
45;1255094093;true;0.00286427732079906;0;1;;"test0";7100;2156983
45;1626446696;true;0.00286427732079906;0;1;;"test0";6581;2156983
45;-86842846;true;0.003435613140154093;0;1;;"test0";6132;2156983
45;-1282740986;true;0.0034357765260897566;0;1;;"test0";7410;2156983
45;92480863;true;0.003446636520491078;0;1;;"test0";7154;2156983
45;-847569737;true;0.00345049114166193;0;1;;"test0";7111;2156983
45;-2115177540;true;0.00345049114166193;0;1;;"test0";6939;2156983
45;1158181472;true;0.0035682359453464117;0;1;;"test0";7116;2156983
45;-1061094750;true;0.0035682359453464117;0;1;;"test0";6735;2156983
45;1460423537;true;0.0035682359453464117;0;1;;"test0";6811;2156983
45;-1852249030;true;0.0035902104790816853;0;1;;"test0";8057;2156983
45;-1557198576;true;0.0035939710468851182;0;1;;"test0";6988;2156983
45;141400366;true;0.0035939710468851182;0;1;;"test0";7452;2156983
45;-79143503;true;0.0035939710468851182;0;1;;"test0";7364;2156983
45;-1466655937;true;0.0035967646529668842;0;1;;"test0";7240;2156983
45;1660624688;true;0.0035967646529668842;0;1;;"test0";7385;2156983
45;778257539;true;0.0035967646529668842;0;1;;"test0";7524;2156983
45;-2029816662;true;0.0035974700721030845;0;1;;"test0";6439;2156983
45;561004142;true;0.0035974700721030845;0;1;;"test0";7462;2156983
45;-2141001130;true;0.0035974700721030845;0;1;;"test0";6793;2156983
45;-2029816662;true;0.0035974700721030845;0;1;;"test0";6839;2156983
45;-2029816662;true;0.0035974700721030845;0;1;;"test0";7558;2156983
45;986498481;true;0.0035994427202612617;0;1;;"test0";7206;2156983
45;-1171232451;true;0.0035994427202612617;0;1;;"test0";7926;2156983
45;-1476318565;true;0.0035994427202612617;0;1;;"test0";5862;2156983
45;1182392408;true;0.0035994427202612617;0;1;;"test0";7564;2156983
45;1621844932;true;0.0035994427202612617;0;1;;"test0";7491;2156983
45;230179626;true;0.0035994427202612617;0;1;;"test0";7184;2156983
45;-1396697745;true;0.0035994427202612617;0;1;;"test0";6414;2156983
45;6563360;true;0.0035994427202612617;0;1;;"test0";7212;2156983
45;-1192796704;true;0.003796113882157877;0;1;;"test0";6714;2156983
45;-532960061;true;0.003796113882157877;0;1;;"test0";7553;2156983
45;457287707;true;0.003796113882157877;0;1;;"test0";6033;2156983
45;-908477139;true;0.003796113882157877;0;1;;"test0";6445;2156983
45;1952015121;true;0.003848063837628399;0;1;;"test0";6749;2156983
45;1952015121;true;0.003848063837628399;0;1;;"test0";6701;2156983
45;1952015121;true;0.003848063837628399;0;1;;"test0";7477;2156983
45;-1957642668;true;0.003848063837628399;0;1;;"test0";7200;2156983
45;-889777685;true;0.003848063837628399;0;1;;"test0";7391;2156983
45;1839148492;true;0.003848063837628399;0;1;;"test0";7451;2156983
45;-1833260107;true;0.003848063837628399;0;1;;"test0";7096;2156983
45;-1380693139;true;0.003848063837628399;0;1;;"test0";7137;2156983
45;-483147932;true;0.003848063837628399;0;1;;"test0";6412;2156983
45;-241050920;true;0.003848063837628399;0;1;;"test0";7338;2156983
45;1830476786;true;0.0038492482479754488;0;1;;"test0";7198;2156983
45;461821349;true;0.0038492482479754488;0;1;;"test0";1;2156983
45;143945128;true;0.0038492482479754488;0;1;;"test0";2;2156983
45;-1236512356;true;0.0038492482479754488;0;1;;"test0";7732;2156983
45;-2100693425;true;0.0038492482479754488;0;1;;"test0";6537;2156983
45;205813323;true;0.0038492482479754488;0;1;;"test0";7402;2156983
46;-1913797896;true;0.00286427732079906;0;1;;"test0";7538;2202726
46;85774132;true;0.003435613140154093;0;1;;"test0";7521;2202726
46;-1282740986;true;0.0034357765260897566;0;1;;"test0";7262;2202726
46;1752251128;true;0.003438375187198077;0;1;;"test0";7393;2202726
46;92480863;true;0.003446636520491078;0;1;;"test0";6372;2202726
46;92480863;true;0.003446636520491078;0;1;;"test0";7657;2202726
46;2128776593;true;0.00345049114166193;0;1;;"test0";7430;2202726
46;2101516717;true;0.00345049114166193;0;1;;"test0";7409;2202726
46;922199669;true;0.0034523666030999104;0;1;;"test0";7460;2202726
46;264811119;true;0.0035682359453464117;0;1;;"test0";7081;2202726
46;-505713627;true;0.0035682359453464117;0;1;;"test0";7515;2202726
46;-562383467;true;0.0035682359453464117;0;1;;"test0";7518;2202726
46;1063011435;true;0.0035874372150965276;0;1;;"test0";7035;2202726
46;1617557818;true;0.003587659168457079;0;1;;"test0";7030;2202726
46;374672232;true;0.0035902104790816853;0;1;;"test0";7477;2202726
46;-1852249030;true;0.0035902104790816853;0;1;;"test0";7014;2202726
46;-1852249030;true;0.0035902104790816853;0;1;;"test0";7089;2202726
46;-499995467;true;0.0035903807733407653;0;1;;"test0";7405;2202726
46;707963957;true;0.0035939710468851182;0;1;;"test0";7400;2202726
46;778257539;true;0.0035967646529668842;0;1;;"test0";7509;2202726
46;778257539;true;0.0035967646529668842;0;1;;"test0";7101;2202726
46;778257539;true;0.0035967646529668842;0;1;;"test0";7921;2202726
46;778257539;true;0.0035967646529668842;0;1;;"test0";7836;2202726
46;16809053;true;0.0035994427202612617;0;1;;"test0";7630;2202726
46;173066781;true;0.0035994427202612617;0;1;;"test0";7129;2202726
46;-1976485980;true;0.0035994427202612617;0;1;;"test0";7435;2202726
46;-1626702549;true;0.0035994427202612617;0;1;;"test0";7020;2202726
46;1621844932;true;0.0035994427202612617;0;1;;"test0";7476;2202726
46;1876560765;true;0.0035994427202612617;0;1;;"test0";7604;2202726
46;1621844932;true;0.0035994427202612617;0;1;;"test0";6756;2202726
46;1482708777;true;0.0035994427202612617;0;1;;"test0";7632;2202726
46;1182392408;true;0.0035994427202612617;0;1;;"test0";6917;2202726
46;432396324;true;0.0035994427202612617;0;1;;"test0";7631;2202726
46;2019868099;true;0.003796113882157877;0;1;;"test0";6825;2202726
46;1533440764;true;0.003796113882157877;0;1;;"test0";7223;2202726
46;-863574641;true;0.003796113882157877;0;1;;"test0";7500;2202726
46;1829366082;true;0.003796113882157877;0;1;;"test0";7926;2202726
46;259179061;true;0.003848063837628399;0;1;;"test0";7158;2202726
46;2115306677;true;0.003848063837628399;0;1;;"test0";7683;2202726
46;-1380693139;true;0.003848063837628399;0;1;;"test0";7458;2202726
46;-1653437803;true;0.003848063837628399;0;1;;"test0";7306;2202726
46;65841945;true;0.0038492482479754488;0;1;;"test0";7442;2202726
46;205813323;true;0.0038492482479754488;0;1;;"test0";1;2202726
46;-1710118458;true;0.0038492482479754488;0;1;;"test0";7182;2202726
46;-897320293;true;0.0038492482479754488;0;1;;"test0";7706;2202726
46;-2100693425;true;0.0038492482479754488;0;1;;"test0";7445;2202726
46;-860925608;true;0.0038492482479754488;0;1;;"test0";7250;2202726
46;461821349;true;0.0038492482479754488;0;1;;"test0";7181;2202726
46;-1295783786;true;0.00392741757443452;0;1;;"test0";6979;2202726
47;-49568529;true;0.002002288329519451;0;1;;"test0";7059;2248696
47;1700241992;true;0.00286427732079906;0;1;;"test0";7962;2248696
47;-1137328662;true;0.003435486043752869;0;1;;"test0";7336;2248696
47;1035296977;true;0.0034357765260897566;0;1;;"test0";7498;2248696
47;-456593579;true;0.0034357765260897566;0;1;;"test0";7471;2248696
47;1752251128;true;0.003438375187198077;0;1;;"test0";7154;2248696
47;92480863;true;0.003446636520491078;0;1;;"test0";7400;2248696
47;92480863;true;0.003446636520491078;0;1;;"test0";7426;2248696
47;-1204724163;true;0.003447769348889152;0;1;;"test0";7446;2248696
47;-859235990;true;0.0035745197452117577;0;1;;"test0";6671;2248696
47;-507345995;true;0.0035874372150965276;0;1;;"test0";6226;2248696
47;2082253750;true;0.0035874372150965276;0;1;;"test0";7532;2248696
47;-54106643;true;0.0035874372150965276;0;1;;"test0";7812;2248696
47;75329395;true;0.0035874372150965276;0;1;;"test0";6458;2248696
47;-363508089;true;0.003587659168457079;0;1;;"test0";7301;2248696
47;119967851;true;0.003587659168457079;0;1;;"test0";7301;2248696
47;-613805937;true;0.003587659168457079;0;1;;"test0";7432;2248696
47;374672232;true;0.0035902104790816853;0;1;;"test0";7552;2248696
47;33195741;true;0.0035903807733407653;0;1;;"test0";6619;2248696
47;2005110336;true;0.0035903807733407653;0;1;;"test0";7042;2248696
47;-1009645556;true;0.0035903807733407653;0;1;;"test0";7577;2248696
47;-1969376549;true;0.0035903807733407653;0;1;;"test0";7314;2248696
47;1988984325;true;0.0035938626008374364;0;1;;"test0";8161;2248696
47;781841079;true;0.0035938626008374364;0;1;;"test0";7160;2248696
47;413910108;true;0.0035939710468851182;0;1;;"test0";7847;2248696
47;1800387739;true;0.0035939710468851182;0;1;;"test0";7619;2248696
47;707963957;true;0.0035939710468851182;0;1;;"test0";7358;2248696
47;-763222736;true;0.0035967646529668842;0;1;;"test0";7431;2248696
47;-104830362;true;0.003796113882157877;0;1;;"test0";7073;2248696
47;-1727471992;true;0.003796113882157877;0;1;;"test0";7604;2248696
47;-2029218133;true;0.003796113882157877;0;1;;"test0";7297;2248696
47;-2132581197;true;0.003796113882157877;0;1;;"test0";7417;2248696
47;1748001920;true;0.003796113882157877;0;1;;"test0";6989;2248696
47;1141481754;true;0.003796113882157877;0;1;;"test0";7321;2248696
47;-613689316;true;0.003796113882157877;0;1;;"test0";6208;2248696
47;1829366082;true;0.003796113882157877;0;1;;"test0";6925;2248696
47;1533440764;true;0.003796113882157877;0;1;;"test0";7303;2248696
47;-1967098963;true;0.003796113882157877;0;1;;"test0";7694;2248696
47;-1653437803;true;0.003848063837628399;0;1;;"test0";7548;2248696
47;-1906166011;true;0.003848063837628399;0;1;;"test0";7416;2248696
47;461821349;true;0.0038492482479754488;0;1;;"test0";3;2248696
47;-678281157;true;0.0038492482479754488;0;1;;"test0";7299;2248696
47;-391730123;true;0.0038492482479754488;0;1;;"test0";7863;2248696
47;-869423437;true;0.0038492482479754488;0;1;;"test0";6831;2248696
47;1561199541;true;0.0038492482479754488;0;1;;"test0";7291;2248696
47;-2100693425;true;0.0038492482479754488;0;1;;"test0";7473;2248696
47;-1295783786;true;0.00392741757443452;0;1;;"test0";6878;2248696
47;1684260941;true;0.00392741757443452;0;1;;"test0";6859;2248696
47;2044540188;true;0.00392741757443452;0;1;;"test0";7338;2248696
48;690930261;true;0.002002288329519451;0;1;;"test0";7451;2295472
48;-8054157;true;0.002002288329519451;0;1;;"test0";7020;2295472
48;1974770447;true;0.002864440648467464;0;1;;"test0";7035;2295472
48;346712864;true;0.002866698518872432;0;1;;"test0";6803;2295472
48;-1481823132;true;0.003003432494279176;0;1;;"test0";7366;2295472
48;314764030;true;0.0034349401486804335;0;1;;"test0";6982;2295472
48;1686833773;true;0.0034357765260897566;0;1;;"test0";7480;2295472
48;-456593579;true;0.0034357765260897566;0;1;;"test0";7493;2295472
48;-787823749;true;0.003446636520491078;0;1;;"test0";7146;2295472
48;1584617951;true;0.003446636520491078;0;1;;"test0";7612;2295472
48;-1224486031;true;0.003446636520491078;0;1;;"test0";7361;2295472
48;92480863;true;0.003446636520491078;0;1;;"test0";6478;2295472
48;1775610815;true;0.003447555201640364;0;1;;"test0";7397;2295472
48;844249061;true;0.003447769348889152;0;1;;"test0";7529;2295472
48;-1137117722;true;0.0035748401723240176;0;1;;"test0";7675;2295472
48;1051975852;true;0.0035874372150965276;0;1;;"test0";6949;2295472
48;75329395;true;0.0035874372150965276;0;1;;"test0";7407;2295472
48;-613805937;true;0.003587659168457079;0;1;;"test0";7300;2295472
48;-1660247863;true;0.003587659168457079;0;1;;"test0";7252;2295472
48;-613805937;true;0.003587659168457079;0;1;;"test0";6811;2295472
48;-1347675581;true;0.0035903807733407653;0;1;;"test0";7587;2295472
48;33195741;true;0.0035903807733407653;0;1;;"test0";6827;2295472
48;712137179;true;0.0035903807733407653;0;1;;"test0";6690;2295472
48;-993566126;true;0.0035903807733407653;0;1;;"test0";7635;2295472
48;781841079;true;0.0035938626008374364;0;1;;"test0";8172;2295472
48;-2050246376;true;0.0035938626008374364;0;1;;"test0";7961;2295472
48;840095934;true;0.0035938626008374364;0;1;;"test0";7728;2295472
48;781841079;true;0.0035938626008374364;0;1;;"test0";7820;2295472
48;707963957;true;0.0035939710468851182;0;1;;"test0";7195;2295472
48;1610910453;true;0.0035939710468851182;0;1;;"test0";6846;2295472
48;1800387739;true;0.0035939710468851182;0;1;;"test0";7808;2295472
48;1835616078;true;0.0035939710468851182;0;1;;"test0";7963;2295472
48;1800387739;true;0.0035939710468851182;0;1;;"test0";7301;2295472
48;707963957;true;0.0035939710468851182;0;1;;"test0";7442;2295472
48;707963957;true;0.0035939710468851182;0;1;;"test0";7673;2295472
48;-763222736;true;0.0035967646529668842;0;1;;"test0";7606;2295472
48;-15304186;true;0.0035967646529668842;0;1;;"test0";7597;2295472
48;-2141120214;true;0.0035967646529668842;0;1;;"test0";7544;2295472
48;615312044;true;0.0035968165749268245;0;1;;"test0";7639;2295472
48;1221232663;true;0.0035994427202612617;0;1;;"test0";7439;2295472
48;-409374344;true;0.0038492482479754488;0;1;;"test0";7162;2295472
48;-2100693425;true;0.0038492482479754488;0;1;;"test0";7692;2295472
48;-853924905;true;0.0038492482479754488;0;1;;"test0";7367;2295472
48;1684260941;true;0.00392741757443452;0;1;;"test0";7199;2295472
48;1684260941;true;0.00392741757443452;0;1;;"test0";7761;2295472
48;-871461651;true;0.00392741757443452;0;1;;"test0";7337;2295472
48;1330673134;true;0.00392741757443452;0;1;;"test0";7645;2295472
48;2044540188;true;0.00392741757443452;0;1;;"test0";2;2295472
48;1355371668;true;0.003981412244461138;0;1;;"test0";7306;2295472
49;-60102041;true;0.002574370709382151;0;1;;"test0";7491;2341639
49;1385936632;true;0.00286427732079906;0;1;;"test0";7133;2341639
49;-2142089714;true;0.00286427732079906;0;1;;"test0";7536;2341639
49;1026723238;true;0.00286427732079906;0;1;;"test0";7279;2341639
49;-1481823132;true;0.003003432494279176;0;1;;"test0";7230;2341639
49;-1404479509;true;0.003003432494279176;0;1;;"test0";7313;2341639
49;-798573637;true;0.003003432494279176;0;1;;"test0";7870;2341639
49;-941349657;true;0.003003432494279176;0;1;;"test0";7143;2341639
49;1997000169;true;0.0034349565012537827;0;1;;"test0";7435;2341639
49;-2112191869;true;0.0034356429963422483;0;1;;"test0";8115;2341639
49;-784212455;true;0.003446636520491078;0;1;;"test0";7690;2341639
49;-817254411;true;0.0035701497157532625;0;1;;"test0";7641;2341639
49;775517377;true;0.0035701497157532625;0;1;;"test0";7108;2341639
49;1974084112;true;0.0035701497157532625;0;1;;"test0";7007;2341639
49;-676499535;true;0.0035748401723240176;0;1;;"test0";7396;2341639
49;-1137117722;true;0.0035748401723240176;0;1;;"test0";7621;2341639
49;-997064047;true;0.0035770398347859406;0;1;;"test0";6957;2341639
49;75329395;true;0.0035874372150965276;0;1;;"test0";7475;2341639
49;75329395;true;0.0035874372150965276;0;1;;"test0";6674;2341639
49;-1833636687;true;0.003587659168457079;0;1;;"test0";7207;2341639
49;1900617118;true;0.003587659168457079;0;1;;"test0";7389;2341639
49;-497389503;true;0.0035902104790816853;0;1;;"test0";7147;2341639
49;33195741;true;0.0035903807733407653;0;1;;"test0";7619;2341639
49;-382320257;true;0.0035965916732516464;0;1;;"test0";7501;2341639
49;-763222736;true;0.0035967646529668842;0;1;;"test0";7744;2341639
49;1773564458;true;0.0035967646529668842;0;1;;"test0";7761;2341639
49;-15304186;true;0.0035967646529668842;0;1;;"test0";7725;2341639
49;-1157376633;true;0.0035967646529668842;0;1;;"test0";7683;2341639
49;615312044;true;0.0035968165749268245;0;1;;"test0";7777;2341639
49;-242427323;true;0.0035968165749268245;0;1;;"test0";7632;2341639
49;615312044;true;0.0035968165749268245;0;1;;"test0";7729;2341639
49;996713892;true;0.0035994427202612617;0;1;;"test0";7515;2341639
49;1221232663;true;0.0035994427202612617;0;1;;"test0";6404;2341639
49;1221232663;true;0.0035994427202612617;0;1;;"test0";6791;2341639
49;2146310669;true;0.0035994427202612617;0;1;;"test0";7292;2341639
49;-278206488;true;0.0035994427202612617;0;1;;"test0";6707;2341639
49;-180295197;true;0.0035994427202612617;0;1;;"test0";7033;2341639
49;-1841204512;true;0.0035994427202612617;0;1;;"test0";7697;2341639
49;72831710;true;0.003796113882157877;0;1;;"test0";7383;2341639
49;1928831103;true;0.0038492482479754488;0;1;;"test0";7292;2341639
49;1952345878;true;0.0038492482479754488;0;1;;"test0";6788;2341639
49;-913510001;true;0.00392741757443452;0;1;;"test0";7409;2341639
49;1684260941;true;0.00392741757443452;0;1;;"test0";7066;2341639
49;-1059530133;true;0.00392741757443452;0;1;;"test0";6483;2341639
49;2044540188;true;0.00392741757443452;0;1;;"test0";2;2341639
49;1330673134;true;0.00392741757443452;0;1;;"test0";7446;2341639
49;1684260941;true;0.00392741757443452;0;1;;"test0";7729;2341639
49;1355371668;true;0.003981412244461138;0;1;;"test0";6823;2341639
49;1266711486;true;0.003981412244461138;0;1;;"test0";7142;2341639
50;-2112191869;false;-1;0;1;;"test0";NaN;2392701
50;-10938499;true;0.002574370709382151;0;1;;"test0";8110;2392701
50;1026723238;true;0.00286427732079906;0;1;;"test0";6367;2392701
50;1026723238;true;0.00286427732079906;0;1;;"test0";7371;2392701
50;-545575604;true;0.00286427732079906;0;1;;"test0";5940;2392701
50;448110790;true;0.00286427732079906;0;1;;"test0";7699;2392701
50;1222913785;true;0.0034356429963422483;0;1;;"test0";7632;2392701
50;-1233932829;true;0.003435664998237653;0;1;;"test0";6451;2392701
50;291935784;true;0.003442222206620492;0;1;;"test0";7341;2392701
50;-2090196332;true;0.0034457683212758866;0;1;;"test0";6376;2392701
50;-1108799434;true;0.0035748401723240176;0;1;;"test0";6362;2392701
50;-1137117722;true;0.0035748401723240176;0;1;;"test0";6680;2392701
50;1015222428;true;0.0035748401723240176;0;1;;"test0";6221;2392701
50;474886058;true;0.0035748401723240176;0;1;;"test0";7930;2392701
50;-1137117722;true;0.0035748401723240176;0;1;;"test0";6518;2392701
50;-369781143;true;0.0035748401723240176;0;1;;"test0";7195;2392701
50;-370329332;true;0.00357484203686961;0;1;;"test0";7336;2392701
50;75329395;true;0.0035874372150965276;0;1;;"test0";7100;2392701
50;-1724029028;true;0.0035902104790816853;0;1;;"test0";7411;2392701
50;924356360;true;0.0035902104790816853;0;1;;"test0";6777;2392701
50;-497389503;true;0.0035902104790816853;0;1;;"test0";6505;2392701
50;-753266722;true;0.0035902104790816853;0;1;;"test0";7427;2392701
50;1514822066;true;0.0035903807733407653;0;1;;"test0";6959;2392701
50;-847638733;true;0.0035903807733407653;0;1;;"test0";4265;2392701
50;1337599373;true;0.0035903807733407653;0;1;;"test0";7391;2392701
50;-507734978;true;0.0035965916732516464;0;1;;"test0";6131;2392701
50;152284314;true;0.0035965916732516464;0;1;;"test0";3856;2392701
50;2106060519;true;0.0035967646529668842;0;1;;"test0";7771;2392701
50;2132202931;true;0.0035967646529668842;0;1;;"test0";7549;2392701
50;615312044;true;0.0035968165749268245;0;1;;"test0";7730;2392701
50;615312044;true;0.0035968165749268245;0;1;;"test0";7187;2392701
50;750856618;true;0.0035994427202612617;0;1;;"test0";7383;2392701
50;1910826697;true;0.0035994427202612617;0;1;;"test0";7810;2392701
50;-1591889257;true;0.0035994427202612617;0;1;;"test0";6322;2392701
50;40884032;true;0.0035994427202612617;0;1;;"test0";7330;2392701
50;-1031695345;true;0.003796113882157877;0;1;;"test0";7659;2392701
50;72831710;true;0.003796113882157877;0;1;;"test0";7284;2392701
50;72831710;true;0.003796113882157877;0;1;;"test0";7952;2392701
50;752624959;true;0.003796113882157877;0;1;;"test0";6338;2392701
50;400287800;true;0.003796113882157877;0;1;;"test0";7479;2392701
50;-913510001;true;0.00392741757443452;0;1;;"test0";6722;2392701
50;1684260941;true;0.00392741757443452;0;1;;"test0";6429;2392701
50;-913510001;true;0.00392741757443452;0;1;;"test0";6287;2392701
50;1684260941;true;0.00392741757443452;0;1;;"test0";6523;2392701
50;-1313674320;true;0.00392741757443452;0;1;;"test0";7238;2392701
50;1355371668;true;0.003981412244461138;0;1;;"test0";2;2392701
50;-1500142236;true;0.003981412244461138;0;1;;"test0";6638;2392701
50;1266711486;true;0.003981412244461138;0;1;;"test0";8086;2392701
50;-1112171201;true;0.003981412244461138;0;1;;"test0";7181;2392701
51;72831710;false;-1;0;1;;"test0";NaN;2444409
51;-1233932829;true;0.003435664998237653;0;1;;"test0";7575;2444409
51;-1242119806;true;0.0034376156338264763;0;1;;"test0";4251;2444409
51;1137376239;true;0.003437885825187505;0;1;;"test0";7526;2444409
51;-2090196332;true;0.0034457683212758866;0;1;;"test0";6266;2444409
51;1385071649;true;0.0034457683212758866;0;1;;"test0";6242;2444409
51;-2090196332;true;0.0034457683212758866;0;1;;"test0";7198;2444409
51;1293744306;true;0.0034457683212758866;0;1;;"test0";7030;2444409
51;-26773138;true;0.003508033667660566;0;1;;"test0";7223;2444409
51;-223093128;true;0.003574021754351471;0;1;;"test0";6450;2444409
51;1993381101;true;0.0035748401723240176;0;1;;"test0";7010;2444409
51;228044586;true;0.0035748401723240176;0;1;;"test0";4524;2444409
51;-1137117722;true;0.0035748401723240176;0;1;;"test0";7554;2444409
51;-418968640;true;0.0035748401723240176;0;1;;"test0";7604;2444409
51;2076011832;true;0.00357484203686961;0;1;;"test0";7973;2444409
51;404877024;true;0.00357484203686961;0;1;;"test0";8193;2444409
51;1397453608;true;0.0035874372150965276;0;1;;"test0";7107;2444409
51;-1047674376;true;0.0035902104790816853;0;1;;"test0";6795;2444409
51;-936168080;true;0.0035902104790816853;0;1;;"test0";6623;2444409
51;1669944149;true;0.003596534926786203;0;1;;"test0";7149;2444409
51;1306163639;true;0.0035965916732516464;0;1;;"test0";6567;2444409
51;1609136847;true;0.0035965916732516464;0;1;;"test0";7235;2444409
51;-274594642;true;0.0035965916732516464;0;1;;"test0";6811;2444409
51;-1325192926;true;0.0035965916732516464;0;1;;"test0";7585;2444409
51;-507734978;true;0.0035965916732516464;0;1;;"test0";7547;2444409
51;-1768383208;true;0.0035965916732516464;0;1;;"test0";6034;2444409
51;1405110854;true;0.0035967646529668842;0;1;;"test0";7923;2444409
51;2106060519;true;0.0035967646529668842;0;1;;"test0";7679;2444409
51;615312044;true;0.0035968165749268245;0;1;;"test0";7715;2444409
51;1549320694;true;0.0035994427202612617;0;1;;"test0";7802;2444409
51;490953458;true;0.0035994427202612617;0;1;;"test0";7211;2444409
51;-1561829996;true;0.0035994427202612617;0;1;;"test0";7283;2444409
51;559001906;true;0.0035994427202612617;0;1;;"test0";6484;2444409
51;-1991561749;true;0.0035994427202612617;0;1;;"test0";7768;2444409
51;1048846400;true;0.0035994427202612617;0;1;;"test0";7028;2444409
51;1588682724;true;0.0035994427202612617;0;1;;"test0";7360;2444409
51;-1974175835;true;0.003796113882157877;0;1;;"test0";6059;2444409
51;904870537;true;0.003796113882157877;0;1;;"test0";6380;2444409
51;-1177912788;true;0.003796113882157877;0;1;;"test0";7763;2444409
51;-105199073;true;0.003796113882157877;0;1;;"test0";7647;2444409
51;-675550219;true;0.00392741757443452;0;1;;"test0";6449;2444409
51;2124079733;true;0.0039334772091913295;0;1;;"test0";6859;2444409
51;1355371668;true;0.003981412244461138;0;1;;"test0";7019;2444409
51;-285770830;true;0.003981412244461138;0;1;;"test0";6806;2444409
51;-1500142236;true;0.003981412244461138;0;1;;"test0";7394;2444409
51;1266711486;true;0.003981412244461138;0;1;;"test0";2;2444409
51;-1971231684;true;0.003981412244461138;0;1;;"test0";7043;2444409
51;-1112171201;true;0.003981412244461138;0;1;;"test0";11;2444409
51;214745553;true;0.003981412244461138;0;1;;"test0";6994;2444409
51;1355371668;true;0.003981412244461138;0;1;;"test0";7266;2444409
52;2135531988;true;0.00286427732079906;0;1;;"test0";7753;2489865
52;-1289902410;true;0.0034376156338264763;0;1;;"test0";7183;2489865
52;-1625864731;true;0.003437679739444214;0;1;;"test0";6731;2489865
52;-153261639;true;0.0034457683212758866;0;1;;"test0";6210;2489865
52;185731893;true;0.0034457683212758866;0;1;;"test0";7244;2489865
52;-878079266;true;0.00345049114166193;0;1;;"test0";7003;2489865
52;-1675375217;true;0.003557586116000347;0;1;;"test0";6222;2489865
52;1478489727;true;0.0035701497157532625;0;1;;"test0";7266;2489865
52;1525373605;true;0.0035701497157532625;0;1;;"test0";7216;2489865
52;-64153917;true;0.0035748401723240176;0;1;;"test0";7651;2489865
52;1680667672;true;0.0035748401723240176;0;1;;"test0";7843;2489865
52;2076011832;true;0.00357484203686961;0;1;;"test0";6867;2489865
52;-1047674376;true;0.0035902104790816853;0;1;;"test0";6996;2489865
52;192279233;true;0.003596534926786203;0;1;;"test0";6955;2489865
52;-1460232718;true;0.0035965916732516464;0;1;;"test0";7405;2489865
52;-342170614;true;0.0035965916732516464;0;1;;"test0";7347;2489865
52;-1769581446;true;0.0035965916732516464;0;1;;"test0";7053;2489865
52;990163891;true;0.0035965916732516464;0;1;;"test0";7099;2489865
52;1631882635;true;0.0035967646529668842;0;1;;"test0";7824;2489865
52;-1730330168;true;0.0035967646529668842;0;1;;"test0";7798;2489865
52;2106060519;true;0.0035967646529668842;0;1;;"test0";7345;2489865
52;-1049705227;true;0.0035967646529668842;0;1;;"test0";7818;2489865
52;2106060519;true;0.0035967646529668842;0;1;;"test0";7961;2489865
52;-1000812312;true;0.0035994427202612617;0;1;;"test0";7912;2489865
52;1172572374;true;0.0035994427202612617;0;1;;"test0";6776;2489865
52;-1321773185;true;0.0035994427202612617;0;1;;"test0";7300;2489865
52;-1133217736;true;0.0035994427202612617;0;1;;"test0";7004;2489865
52;-105199073;true;0.003796113882157877;0;1;;"test0";7205;2489865
52;594968581;true;0.003796113882157877;0;1;;"test0";6263;2489865
52;-1323334868;true;0.003796113882157877;0;1;;"test0";6661;2489865
52;1952110735;true;0.003796113882157877;0;1;;"test0";7422;2489865
52;-1191115416;true;0.003796113882157877;0;1;;"test0";7239;2489865
52;904870537;true;0.003796113882157877;0;1;;"test0";7617;2489865
52;904870537;true;0.003796113882157877;0;1;;"test0";6376;2489865
52;1368037323;true;0.00392741757443452;0;1;;"test0";6991;2489865
52;2073679829;true;0.00392741757443452;0;1;;"test0";6607;2489865
52;1231941963;true;0.00392741757443452;0;1;;"test0";7043;2489865
52;351436023;true;0.00392741757443452;0;1;;"test0";6046;2489865
52;-675550219;true;0.00392741757443452;0;1;;"test0";7803;2489865
52;2124079733;true;0.0039334772091913295;0;1;;"test0";6217;2489865
52;879461674;true;0.0039334772091913295;0;1;;"test0";6383;2489865
52;2124079733;true;0.0039334772091913295;0;1;;"test0";7679;2489865
52;-1938683456;true;0.0039334772091913295;0;1;;"test0";7452;2489865
52;-1155529660;true;0.0039334772091913295;0;1;;"test0";7800;2489865
52;1266711486;true;0.003981412244461138;0;1;;"test0";6259;2489865
52;-1500142236;true;0.003981412244461138;0;1;;"test0";6607;2489865
52;1355371668;true;0.003981412244461138;0;1;;"test0";2;2489865
52;-621507044;true;0.003981412244461138;0;1;;"test0";7640;2489865
52;214745553;true;0.003981412244461138;0;1;;"test0";2;2489865
52;1654140233;true;0.003993932077870677;0;1;;"test0";7678;2489865
53;1421194853;true;0.00345049114166193;0;1;;"test0";6445;2534311
53;-878079266;true;0.00345049114166193;0;1;;"test0";8030;2534311
53;2678830;true;0.003557586116000347;0;1;;"test0";5663;2534311
53;-1613914652;true;0.003557586116000347;0;1;;"test0";6551;2534311
53;1478489727;true;0.0035701497157532625;0;1;;"test0";6534;2534311
53;1478489727;true;0.0035701497157532625;0;1;;"test0";7250;2534311
53;81591739;true;0.0035745197452117577;0;1;;"test0";7211;2534311
53;2076011832;true;0.00357484203686961;0;1;;"test0";7303;2534311
53;-1873831412;true;0.00357484203686961;0;1;;"test0";7006;2534311
53;2058443069;true;0.003587136633863274;0;1;;"test0";8217;2534311
53;-1047674376;true;0.0035902104790816853;0;1;;"test0";7272;2534311
53;-1531724459;true;0.003596534926786203;0;1;;"test0";6134;2534311
53;20320791;true;0.0035965916732516464;0;1;;"test0";6497;2534311
53;-1460232718;true;0.0035965916732516464;0;1;;"test0";5679;2534311
53;-210985868;true;0.0035965916732516464;0;1;;"test0";7647;2534311
53;1823768230;true;0.0035965916732516464;0;1;;"test0";5302;2534311
53;1419684947;true;0.0035994427202612617;0;1;;"test0";6830;2534311
53;1919377978;true;0.0035994427202612617;0;1;;"test0";6330;2534311
53;-775268601;true;0.0035994427202612617;0;1;;"test0";6497;2534311
53;2114125089;true;0.0035994427202612617;0;1;;"test0";6966;2534311
53;1275591346;true;0.0035994427202612617;0;1;;"test0";6380;2534311
53;-269301122;true;0.003796113882157877;0;1;;"test0";7522;2534311
53;-1191115416;true;0.003796113882157877;0;1;;"test0";7720;2534311
53;2050810324;true;0.003796113882157877;0;1;;"test0";7375;2534311
53;1359363738;true;0.003796113882157877;0;1;;"test0";5908;2534311
53;1493609200;true;0.003796113882157877;0;1;;"test0";6596;2534311
53;594968581;true;0.003796113882157877;0;1;;"test0";6901;2534311
53;-1774847175;true;0.003796113882157877;0;1;;"test0";6434;2534311
53;-392701997;true;0.003796113882157877;0;1;;"test0";8061;2534311
53;-2032012811;true;0.0038492482479754488;0;1;;"test0";7135;2534311
53;351436023;true;0.00392741757443452;0;1;;"test0";6362;2534311
53;-1155529660;true;0.0039334772091913295;0;1;;"test0";7426;2534311
53;497873874;true;0.0039334772091913295;0;1;;"test0";7487;2534311
53;2124079733;true;0.0039334772091913295;0;1;;"test0";7471;2534311
53;-740412367;true;0.0039334772091913295;0;1;;"test0";7365;2534311
53;879461674;true;0.0039334772091913295;0;1;;"test0";6902;2534311
53;2124079733;true;0.0039334772091913295;0;1;;"test0";7130;2534311
53;-870389532;true;0.0039334772091913295;0;1;;"test0";7376;2534311
53;-1500142236;true;0.003981412244461138;0;1;;"test0";6806;2534311
53;214745553;true;0.003981412244461138;0;1;;"test0";2;2534311
53;200859468;true;0.003981412244461138;0;1;;"test0";6576;2534311
53;-1500142236;true;0.003981412244461138;0;1;;"test0";6509;2534311
53;1654140233;true;0.003993932077870677;0;1;;"test0";8174;2534311
53;1975541497;true;0.003993932077870677;0;1;;"test0";5669;2534311
53;-946941877;true;0.003993932077870677;0;1;;"test0";5676;2534311
53;999656096;true;0.003993932077870677;0;1;;"test0";7409;2534311
53;1654140233;true;0.003993932077870677;0;1;;"test0";8142;2534311
53;-14317422;true;0.003993932077870677;0;1;;"test0";7996;2534311
53;1969035948;true;0.004000321967775602;0;1;;"test0";6961;2534311
54;-795110531;true;0.00286427732079906;0;1;;"test0";7625;2580773
54;1246826541;true;0.00286427732079906;0;1;;"test0";7844;2580773
54;2138647141;true;0.00286427732079906;0;1;;"test0";8025;2580773
54;-900795669;true;0.00345049114166193;0;1;;"test0";7580;2580773
54;-878079266;true;0.00345049114166193;0;1;;"test0";7384;2580773
54;2058443069;true;0.003587136633863274;0;1;;"test0";6913;2580773
54;1660322977;true;0.003587136633863274;0;1;;"test0";7549;2580773
54;1238738329;true;0.003587136633863274;0;1;;"test0";7406;2580773
54;-1877522129;true;0.0035902104790816853;0;1;;"test0";8036;2580773
54;-1690922091;true;0.003590414081083338;0;1;;"test0";7308;2580773
54;-1662347010;true;0.003596534926786203;0;1;;"test0";7623;2580773
54;-1531724459;true;0.003596534926786203;0;1;;"test0";7074;2580773
54;1275591346;true;0.0035994427202612617;0;1;;"test0";7068;2580773
54;995163555;true;0.0035994427202612617;0;1;;"test0";7392;2580773
54;-1420375387;true;0.0035994427202612617;0;1;;"test0";7351;2580773
54;21168592;true;0.0035994427202612617;0;1;;"test0";7395;2580773
54;-1647780674;true;0.0035994427202612617;0;1;;"test0";7545;2580773
54;1275591346;true;0.0035994427202612617;0;1;;"test0";7336;2580773
54;599093028;true;0.003796113882157877;0;1;;"test0";7264;2580773
54;2050810324;true;0.003796113882157877;0;1;;"test0";7336;2580773
54;-1847574976;true;0.003796113882157877;0;1;;"test0";7301;2580773
54;594968581;true;0.003796113882157877;0;1;;"test0";8001;2580773
54;839484897;true;0.003796113882157877;0;1;;"test0";7369;2580773
54;704447333;true;0.003848063837628399;0;1;;"test0";7569;2580773
54;-1791249189;true;0.0038492482479754488;0;1;;"test0";7653;2580773
54;-1774856749;true;0.0038492482479754488;0;1;;"test0";7349;2580773
54;-1432543395;true;0.0038492482479754488;0;1;;"test0";6764;2580773
54;-944475787;true;0.0038492482479754488;0;1;;"test0";7205;2580773
54;-734595509;true;0.0038492482479754488;0;1;;"test0";8352;2580773
54;-1331913422;true;0.00392741757443452;0;1;;"test0";7275;2580773
54;-27265591;true;0.00392741757443452;0;1;;"test0";7604;2580773
54;-2000024391;true;0.003981412244461138;0;1;;"test0";7601;2580773
54;1787707538;true;0.003981412244461138;0;1;;"test0";7629;2580773
54;-1500142236;true;0.003981412244461138;0;1;;"test0";6521;2580773
54;1290649039;true;0.003981412244461138;0;1;;"test0";7093;2580773
54;-646582102;true;0.003981412244461138;0;1;;"test0";6743;2580773
54;200859468;true;0.003981412244461138;0;1;;"test0";7655;2580773
54;446454183;true;0.003981412244461138;0;1;;"test0";7875;2580773
54;200859468;true;0.003981412244461138;0;1;;"test0";7116;2580773
54;2096530652;true;0.003981412244461138;0;1;;"test0";7310;2580773
54;660078956;true;0.003981412244461138;0;1;;"test0";6509;2580773
54;214745553;true;0.003981412244461138;0;1;;"test0";7636;2580773
54;-946941877;true;0.003993932077870677;0;1;;"test0";8367;2580773
54;-14317422;true;0.003993932077870677;0;1;;"test0";2;2580773
54;-1606998101;true;0.003993932077870677;0;1;;"test0";7579;2580773
54;-622123422;true;0.00399540478201171;0;1;;"test0";7415;2580773
54;1969035948;true;0.004000321967775602;0;1;;"test0";7782;2580773
54;1969035948;true;0.004000321967775602;0;1;;"test0";7066;2580773
54;1490647999;true;0.004000321967775602;0;1;;"test0";7816;2580773
55;1571878707;true;0.002574370709382151;0;1;;"test0";8479;2627803
55;-1134445;true;0.00286427732079906;0;1;;"test0";7729;2627803
55;152152578;true;0.00286427732079906;0;1;;"test0";6835;2627803
55;261447287;true;0.00286427732079906;0;1;;"test0";7266;2627803
55;105969643;true;0.0035750047235437116;0;1;;"test0";7400;2627803
55;1238738329;true;0.003587136633863274;0;1;;"test0";7476;2627803
55;619297308;true;0.003587136633863274;0;1;;"test0";7271;2627803
55;-1041183066;true;0.003587136633863274;0;1;;"test0";8340;2627803
55;697105114;true;0.0035903807733407653;0;1;;"test0";6963;2627803
55;168119513;true;0.003590414081083338;0;1;;"test0";7698;2627803
55;-1690922091;true;0.003590414081083338;0;1;;"test0";8332;2627803
55;1564653450;true;0.003590414081083338;0;1;;"test0";7249;2627803
55;-1690922091;true;0.003590414081083338;0;1;;"test0";7473;2627803
55;-120040981;true;0.003590414081083338;0;1;;"test0";7431;2627803
55;-1663976055;true;0.003590414081083338;0;1;;"test0";8008;2627803
55;282839087;true;0.0035994427202612617;0;1;;"test0";6669;2627803
55;593709093;true;0.0035994427202612617;0;1;;"test0";7332;2627803
55;-1083935930;true;0.0035994427202612617;0;1;;"test0";7627;2627803
55;-521065783;true;0.0035994427202612617;0;1;;"test0";7770;2627803
55;1142249009;true;0.0035994427202612617;0;1;;"test0";8123;2627803
55;-1845993364;true;0.0035994427202612617;0;1;;"test0";6913;2627803
55;-1420375387;true;0.0035994427202612617;0;1;;"test0";7354;2627803
55;523279088;true;0.003796113882157877;0;1;;"test0";7424;2627803
55;880163317;true;0.003796113882157877;0;1;;"test0";6308;2627803
55;704447333;true;0.003848063837628399;0;1;;"test0";7246;2627803
55;567385870;true;0.003848063837628399;0;1;;"test0";8556;2627803
55;-369857322;true;0.003848063837628399;0;1;;"test0";7654;2627803
55;926381077;true;0.0038492482479754488;0;1;;"test0";7685;2627803
55;262774714;true;0.0038492482479754488;0;1;;"test0";7578;2627803
55;-452069954;true;0.0038492482479754488;0;1;;"test0";7016;2627803
55;-1331913422;true;0.00392741757443452;0;1;;"test0";7594;2627803
55;-106470610;true;0.00392741757443452;0;1;;"test0";7570;2627803
55;533347618;true;0.00392741757443452;0;1;;"test0";7873;2627803
55;387070442;true;0.00392741757443452;0;1;;"test0";7585;2627803
55;-1475544317;true;0.003976110182310492;0;1;;"test0";7376;2627803
55;190256133;true;0.003981412244461138;0;1;;"test0";7537;2627803
55;-1500142236;true;0.003981412244461138;0;1;;"test0";7463;2627803
55;-1055997504;true;0.003981412244461138;0;1;;"test0";7529;2627803
55;-14317422;true;0.003993932077870677;0;1;;"test0";7922;2627803
55;-14317422;true;0.003993932077870677;0;1;;"test0";7216;2627803
55;1295909896;true;0.00399540478201171;0;1;;"test0";7178;2627803
55;1647219634;true;0.00399540478201171;0;1;;"test0";6931;2627803
55;1490647999;true;0.004000321967775602;0;1;;"test0";1;2627803
55;1349233988;true;0.004000321967775602;0;1;;"test0";7738;2627803
55;1969035948;true;0.004000321967775602;0;1;;"test0";7618;2627803
55;1969035948;true;0.004000321967775602;0;1;;"test0";7707;2627803
55;648769031;true;0.004000321967775602;0;1;;"test0";7512;2627803
55;1008864410;true;0.004000321967775602;0;1;;"test0";7354;2627803
55;262949037;true;0.004000321967775602;0;1;;"test0";7498;2627803
56;-14317422;false;-1;0;1;;"test0";NaN;2688812
56;-1563389709;true;0.003442821270344659;0;1;;"test0";7883;2688812
56;359515389;true;0.0035748401723240176;0;1;;"test0";7562;2688812
56;333924726;true;0.003575247464352792;0;1;;"test0";7762;2688812
56;1630197134;true;0.003575247464352792;0;1;;"test0";8206;2688812
56;707748460;true;0.0035774120306526374;0;1;;"test0";7475;2688812
56;714814207;true;0.0035903807733407653;0;1;;"test0";7594;2688812
56;282839087;true;0.0035994427202612617;0;1;;"test0";7324;2688812
56;282839087;true;0.0035994427202612617;0;1;;"test0";6666;2688812
56;-1022237452;true;0.0035994427202612617;0;1;;"test0";7096;2688812
56;880163317;true;0.003796113882157877;0;1;;"test0";7594;2688812
56;880163317;true;0.003796113882157877;0;1;;"test0";7635;2688812
56;1861807262;true;0.003796113882157877;0;1;;"test0";7170;2688812
56;1352096063;true;0.0038092274555293227;0;1;;"test0";7292;2688812
56;-1216848021;true;0.0038104149429509676;0;1;;"test0";7560;2688812
56;1948761556;true;0.0038104149429509676;0;1;;"test0";6710;2688812
56;-671032262;true;0.003848063837628399;0;1;;"test0";7307;2688812
56;1036956790;true;0.003848063837628399;0;1;;"test0";7666;2688812
56;-1446963847;true;0.003848063837628399;0;1;;"test0";7183;2688812
56;704447333;true;0.003848063837628399;0;1;;"test0";6738;2688812
56;-78078607;true;0.00384876806160051;0;1;;"test0";7637;2688812
56;-1794805141;true;0.0038640466467875006;0;1;;"test0";6853;2688812
56;-640707568;true;0.00392741757443452;0;1;;"test0";8198;2688812
56;-106470610;true;0.00392741757443452;0;1;;"test0";7132;2688812
56;387070442;true;0.00392741757443452;0;1;;"test0";6035;2688812
56;1803363351;true;0.003963113534439289;0;1;;"test0";7291;2688812
56;773984861;true;0.003976110182310492;0;1;;"test0";6756;2688812
56;-1055997504;true;0.003981412244461138;0;1;;"test0";7125;2688812
56;-350177957;true;0.003981412244461138;0;1;;"test0";7878;2688812
56;865959515;true;0.003981412244461138;0;1;;"test0";7608;2688812
56;190256133;true;0.003981412244461138;0;1;;"test0";7284;2688812
56;-1968867598;true;0.003981412244461138;0;1;;"test0";7353;2688812
56;-14317422;true;0.003993932077870677;0;1;;"test0";7179;2688812
56;566424622;true;0.003993932077870677;0;1;;"test0";7530;2688812
56;-112671704;true;0.003993932077870677;0;1;;"test0";7643;2688812
56;-14317422;true;0.003993932077870677;0;1;;"test0";7417;2688812
56;2054295112;true;0.003993932077870677;0;1;;"test0";7441;2688812
56;-14317422;true;0.003993932077870677;0;1;;"test0";7828;2688812
56;-665689281;true;0.003993932077870677;0;1;;"test0";7509;2688812
56;1295909896;true;0.00399540478201171;0;1;;"test0";6876;2688812
56;1295909896;true;0.00399540478201171;0;1;;"test0";7063;2688812
56;140499000;true;0.00399540478201171;0;1;;"test0";7152;2688812
56;1314594316;true;0.00399540478201171;0;1;;"test0";7384;2688812
56;-1789508008;true;0.00399540478201171;0;1;;"test0";7595;2688812
56;-252482328;true;0.00399540478201171;0;1;;"test0";7564;2688812
56;1647219634;true;0.00399540478201171;0;1;;"test0";7433;2688812
56;1008864410;true;0.004000321967775602;0;1;;"test0";5;2688812
56;-992034983;true;0.004000321967775602;0;1;;"test0";7213;2688812
56;-2053928510;true;0.004000321967775602;0;1;;"test0";7384;2688812
56;262949037;true;0.004000321967775602;0;1;;"test0";2;2688812
57;611090591;true;0.00286427732079906;0;1;;"test0";8007;2735939
57;-458024404;true;0.0034363772718541204;0;1;;"test0";7234;2735939
57;-2138369398;true;0.0034364493965277237;0;1;;"test0";7964;2735939
57;-2046896759;true;0.003442236854310358;0;1;;"test0";7337;2735939
57;-651422521;true;0.003442544388577638;0;1;;"test0";7164;2735939
57;2013011401;true;0.00345049114166193;0;1;;"test0";7531;2735939
57;-43960389;true;0.003557586116000347;0;1;;"test0";6893;2735939
57;1019996364;true;0.003575247464352792;0;1;;"test0";7454;2735939
57;256753547;true;0.0035903807733407653;0;1;;"test0";7791;2735939
57;-741649586;true;0.0035903807733407653;0;1;;"test0";7145;2735939
57;282839087;true;0.0035994427202612617;0;1;;"test0";8022;2735939
57;282839087;true;0.0035994427202612617;0;1;;"test0";7394;2735939
57;-1762901982;true;0.003796113882157877;0;1;;"test0";7247;2735939
57;236700807;true;0.003796113882157877;0;1;;"test0";7785;2735939
57;-1543902099;true;0.003796113882157877;0;1;;"test0";7511;2735939
57;1370279470;true;0.0038092274555293227;0;1;;"test0";7167;2735939
57;1671951195;true;0.0038092274555293227;0;1;;"test0";7850;2735939
57;-523918811;true;0.0038104149429509676;0;1;;"test0";7265;2735939
57;1948761556;true;0.0038104149429509676;0;1;;"test0";6948;2735939
57;1036956790;true;0.003848063837628399;0;1;;"test0";7540;2735939
57;1409383261;true;0.003848063837628399;0;1;;"test0";7282;2735939
57;-78078607;true;0.00384876806160051;0;1;;"test0";7308;2735939
57;256040136;true;0.00384876806160051;0;1;;"test0";7061;2735939
57;-78078607;true;0.00384876806160051;0;1;;"test0";7440;2735939
57;-78078607;true;0.00384876806160051;0;1;;"test0";7586;2735939
57;-1937922161;true;0.00384876806160051;0;1;;"test0";7400;2735939
57;-286360891;true;0.00384876806160051;0;1;;"test0";7536;2735939
57;-193655810;true;0.0038640466467875006;0;1;;"test0";7543;2735939
57;-640707568;true;0.00392741757443452;0;1;;"test0";7339;2735939
57;1339821535;true;0.0039334772091913295;0;1;;"test0";7264;2735939
57;-1172617655;true;0.003963113534439289;0;1;;"test0";7793;2735939
57;-1779559848;true;0.003963113534439289;0;1;;"test0";7879;2735939
57;-1197491941;true;0.003963113534439289;0;1;;"test0";8016;2735939
57;819723100;true;0.003963113534439289;0;1;;"test0";7540;2735939
57;2093007351;true;0.003963113534439289;0;1;;"test0";7521;2735939
57;769134080;true;0.003976110182310492;0;1;;"test0";6535;2735939
57;-1923045315;true;0.003976110182310492;0;1;;"test0";7754;2735939
57;537484748;true;0.0039782839806576705;0;1;;"test0";7057;2735939
57;1257870435;true;0.003981412244461138;0;1;;"test0";6854;2735939
57;352645582;true;0.003981412244461138;0;1;;"test0";7122;2735939
57;957151450;true;0.003981412244461138;0;1;;"test0";6794;2735939
57;-2127274542;true;0.003993932077870677;0;1;;"test0";7312;2735939
57;686468576;true;0.003993932077870677;0;1;;"test0";8053;2735939
57;1295909896;true;0.00399540478201171;0;1;;"test0";7093;2735939
57;674616055;true;0.00399540478201171;0;1;;"test0";7654;2735939
57;262949037;true;0.004000321967775602;0;1;;"test0";7;2735939
57;-1078919395;true;0.004000321967775602;0;1;;"test0";7283;2735939
57;1632411773;true;0.004000321967775602;0;1;;"test0";7972;2735939
57;-2053928510;true;0.004000321967775602;0;1;;"test0";7817;2735939
58;1339821535;false;-1;0;1;;"test0";NaN;2785465
58;267745450;true;0.00286427732079906;0;1;;"test0";7508;2785465
58;-1069446231;true;0.0034364890233998225;0;1;;"test0";6665;2785465
58;2080356308;true;0.003442042893829512;0;1;;"test0";4591;2785465
58;2013011401;true;0.00345049114166193;0;1;;"test0";7539;2785465
58;-684537778;true;0.00345049114166193;0;1;;"test0";7365;2785465
58;1019996364;true;0.003575247464352792;0;1;;"test0";6813;2785465
58;1019996364;true;0.003575247464352792;0;1;;"test0";6728;2785465
58;786630186;true;0.003575247464352792;0;1;;"test0";7588;2785465
58;-680710270;true;0.003575247464352792;0;1;;"test0";6907;2785465
58;-758736850;true;0.0035770398347859406;0;1;;"test0";7320;2785465
58;2131018303;true;0.0035903807733407653;0;1;;"test0";7590;2785465
58;60630257;true;0.0035903807733407653;0;1;;"test0";7043;2785465
58;-1588868927;true;0.003622713306718721;0;1;;"test0";6812;2785465
58;-1122586281;true;0.003796113882157877;0;1;;"test0";6624;2785465
58;1928227754;true;0.003796113882157877;0;1;;"test0";7014;2785465
58;-2034577244;true;0.003796113882157877;0;1;;"test0";7632;2785465
58;-1381811271;true;0.0038092274555293227;0;1;;"test0";7018;2785465
58;-573059666;true;0.0038092274555293227;0;1;;"test0";7514;2785465
58;1370279470;true;0.0038092274555293227;0;1;;"test0";7282;2785465
58;1255069418;true;0.00384876806160051;0;1;;"test0";7207;2785465
58;252553331;true;0.0038640466467875006;0;1;;"test0";6957;2785465
58;2021673534;true;0.003868177987688962;0;1;;"test0";5012;2785465
58;354900180;true;0.0039035403117668875;0;1;;"test0";6416;2785465
58;-640707568;true;0.00392741757443452;0;1;;"test0";7537;2785465
58;-640707568;true;0.00392741757443452;0;1;;"test0";6250;2785465
58;-640707568;true;0.00392741757443452;0;1;;"test0";6012;2785465
58;-640707568;true;0.00392741757443452;0;1;;"test0";6799;2785465
58;1304225554;true;0.0039334772091913295;0;1;;"test0";6645;2785465
58;1306261272;true;0.003963113534439289;0;1;;"test0";6620;2785465
58;436839764;true;0.003976110182310492;0;1;;"test0";7366;2785465
58;2068533407;true;0.003976110182310492;0;1;;"test0";6863;2785465
58;769134080;true;0.003976110182310492;0;1;;"test0";6952;2785465
58;1436923778;true;0.003981412244461138;0;1;;"test0";6398;2785465
58;686468576;true;0.003993932077870677;0;1;;"test0";7662;2785465
58;-897808027;true;0.003993932077870677;0;1;;"test0";7568;2785465
58;1056623865;true;0.003993932077870677;0;1;;"test0";7480;2785465
58;686468576;true;0.003993932077870677;0;1;;"test0";7342;2785465
58;-1731720195;true;0.00399540478201171;0;1;;"test0";6447;2785465
58;674616055;true;0.00399540478201171;0;1;;"test0";6544;2785465
58;712552934;true;0.00399540478201171;0;1;;"test0";6926;2785465
58;-1904214812;true;0.00399540478201171;0;1;;"test0";7056;2785465
58;-1078919395;true;0.004000321967775602;0;1;;"test0";6689;2785465
58;262949037;true;0.004000321967775602;0;1;;"test0";7314;2785465
58;-601468640;true;0.004000321967775602;0;1;;"test0";7717;2785465
58;-2053928510;true;0.004000321967775602;0;1;;"test0";7;2785465
58;1632411773;true;0.004000321967775602;0;1;;"test0";2;2785465
58;738525311;true;0.004000321967775602;0;1;;"test0";6588;2785465
58;-1566111318;true;0.004000321967775602;0;1;;"test0";6899;2785465
58;-1724047608;true;0.004000321967775602;0;1;;"test0";6355;2785465
59;937134563;false;-1;0;1;;"test0";NaN;2837652
59;783779044;true;0.00286427732079906;0;1;;"test0";6990;2837652
59;886388505;true;0.00286427732079906;0;1;;"test0";7510;2837652
59;-1219190262;true;0.0034364890233998225;0;1;;"test0";7692;2837652
59;-1069446231;true;0.0034364890233998225;0;1;;"test0";7198;2837652
59;1786825655;true;0.003557586116000347;0;1;;"test0";7099;2837652
59;440665808;true;0.0035749346550817715;0;1;;"test0";6822;2837652
59;-88438879;true;0.003575247464352792;0;1;;"test0";6698;2837652
59;-253082329;true;0.003575247464352792;0;1;;"test0";4105;2837652
59;-758736850;true;0.0035770398347859406;0;1;;"test0";6582;2837652
59;1216930280;true;0.003587659168457079;0;1;;"test0";6826;2837652
59;1916123466;true;0.0035902104790816853;0;1;;"test0";6513;2837652
59;471890144;true;0.003622713306718721;0;1;;"test0";7707;2837652
59;-1588868927;true;0.003622713306718721;0;1;;"test0";8766;2837652
59;118400901;true;0.003796113882157877;0;1;;"test0";7777;2837652
59;-1316270794;true;0.003796113882157877;0;1;;"test0";7732;2837652
59;193599036;true;0.003796113882157877;0;1;;"test0";6576;2837652
59;-1122586281;true;0.003796113882157877;0;1;;"test0";8077;2837652
59;1394463682;true;0.003796113882157877;0;1;;"test0";7731;2837652
59;-72444404;true;0.0038492482479754488;0;1;;"test0";6351;2837652
59;2021673534;true;0.003868177987688962;0;1;;"test0";6308;2837652
59;2021673534;true;0.003868177987688962;0;1;;"test0";7153;2837652
59;-729112521;true;0.003868177987688962;0;1;;"test0";6577;2837652
59;1958077741;true;0.0039035403117668875;0;1;;"test0";7565;2837652
59;916419636;true;0.0039035403117668875;0;1;;"test0";6949;2837652
59;354900180;true;0.0039035403117668875;0;1;;"test0";7748;2837652
59;-2125115430;true;0.00392741757443452;0;1;;"test0";7039;2837652
59;-1393054660;true;0.00392741757443452;0;1;;"test0";7216;2837652
59;971587041;true;0.003963113534439289;0;1;;"test0";6625;2837652
59;436839764;true;0.003976110182310492;0;1;;"test0";7096;2837652
59;-1497292819;true;0.003976110182310492;0;1;;"test0";7837;2837652
59;-1214468585;true;0.003976110182310492;0;1;;"test0";7807;2837652
59;610631217;true;0.003976110182310492;0;1;;"test0";7749;2837652
59;-978192873;true;0.00397925437354949;0;1;;"test0";6332;2837652
59;-1380062858;true;0.003981412244461138;0;1;;"test0";7511;2837652
59;125997037;true;0.003981412244461138;0;1;;"test0";7402;2837652
59;-947088172;true;0.003981412244461138;0;1;;"test0";7048;2837652
59;-1175867238;true;0.003981412244461138;0;1;;"test0";7718;2837652
59;-897808027;true;0.003993932077870677;0;1;;"test0";7695;2837652
59;-897808027;true;0.003993932077870677;0;1;;"test0";7678;2837652
59;1056623865;true;0.003993932077870677;0;1;;"test0";6416;2837652
59;674616055;true;0.00399540478201171;0;1;;"test0";6681;2837652
59;-1904214812;true;0.00399540478201171;0;1;;"test0";7328;2837652
59;-526054346;true;0.00399540478201171;0;1;;"test0";7567;2837652
59;674616055;true;0.00399540478201171;0;1;;"test0";6563;2837652
59;674616055;true;0.00399540478201171;0;1;;"test0";7587;2837652
59;1100956829;true;0.00399540478201171;0;1;;"test0";4265;2837652
59;-1566111318;true;0.004000321967775602;0;1;;"test0";2;2837652
59;262949037;true;0.004000321967775602;0;1;;"test0";8009;2837652
59;-1724047608;true;0.004000321967775602;0;1;;"test0";1;2837652
60;1927552467;false;-1;0;1;;"test0";NaN;2886900
60;2024764948;true;0.00286427732079906;0;1;;"test0";7836;2886900
60;-2095580972;true;0.002866698518872432;0;1;;"test0";7816;2886900
60;-509870866;true;0.003441278788047559;0;1;;"test0";7964;2886900
60;200241238;true;0.0035727744652810822;0;1;;"test0";7402;2886900
60;-253082329;true;0.003575247464352792;0;1;;"test0";7837;2886900
60;1486149472;true;0.003587659168457079;0;1;;"test0";7508;2886900
60;1216930280;true;0.003587659168457079;0;1;;"test0";7647;2886900
60;-510056197;true;0.0035902104790816853;0;1;;"test0";6275;2886900
60;2031913440;true;0.0035902104790816853;0;1;;"test0";5935;2886900
60;426301949;true;0.0035994427202612617;0;1;;"test0";6535;2886900
60;-847497799;true;0.003796113882157877;0;1;;"test0";6985;2886900
60;-1122586281;true;0.003796113882157877;0;1;;"test0";5904;2886900
60;-99150173;true;0.003796113882157877;0;1;;"test0";6530;2886900
60;224172491;true;0.003796113882157877;0;1;;"test0";7207;2886900
60;9623141;true;0.003796113882157877;0;1;;"test0";7344;2886900
60;-1727064126;true;0.003796113882157877;0;1;;"test0";7626;2886900
60;343938141;true;0.003796113882157877;0;1;;"test0";7686;2886900
60;1854296485;true;0.0038092274555293227;0;1;;"test0";6563;2886900
60;-1509840865;true;0.0038492482479754488;0;1;;"test0";7291;2886900
60;-72444404;true;0.0038492482479754488;0;1;;"test0";7732;2886900
60;-72444404;true;0.0038492482479754488;0;1;;"test0";5739;2886900
60;-549037543;true;0.003868177987688962;0;1;;"test0";6226;2886900
60;-390281651;true;0.003868177987688962;0;1;;"test0";7813;2886900
60;2021673534;true;0.003868177987688962;0;1;;"test0";6098;2886900
60;2021673534;true;0.003868177987688962;0;1;;"test0";6204;2886900
60;-1038318553;true;0.0039035403117668875;0;1;;"test0";7613;2886900
60;1231856839;true;0.0039035403117668875;0;1;;"test0";6309;2886900
60;2134080460;true;0.0039035403117668875;0;1;;"test0";7597;2886900
60;1958077741;true;0.0039035403117668875;0;1;;"test0";6073;2886900
60;44936535;true;0.00392741757443452;0;1;;"test0";4592;2886900
60;1937104307;true;0.00392741757443452;0;1;;"test0";6710;2886900
60;-2125115430;true;0.00392741757443452;0;1;;"test0";6292;2886900
60;177623033;true;0.00392741757443452;0;1;;"test0";6051;2886900
60;773598686;true;0.00392741757443452;0;1;;"test0";6208;2886900
60;1346047938;true;0.0039334772091913295;0;1;;"test0";7054;2886900
60;-1214468585;true;0.003976110182310492;0;1;;"test0";7062;2886900
60;-1633158607;true;0.003976110182310492;0;1;;"test0";7045;2886900
60;207623288;true;0.003976110182310492;0;1;;"test0";7718;2886900
60;1216023895;true;0.003976110182310492;0;1;;"test0";7750;2886900
60;-1175867238;true;0.003981412244461138;0;1;;"test0";6040;2886900
60;-1175867238;true;0.003981412244461138;0;1;;"test0";7848;2886900
60;1893139875;true;0.003981412244461138;0;1;;"test0";5515;2886900
60;-179182826;true;0.004000321967775602;0;1;;"test0";7837;2886900
60;1797675701;true;0.004000321967775602;0;1;;"test0";7659;2886900
60;-319647347;true;0.004000321967775602;0;1;;"test0";7735;2886900
60;-1724047608;true;0.004000321967775602;0;1;;"test0";2;2886900
60;773689383;true;0.004000321967775602;0;1;;"test0";6300;2886900
60;262949037;true;0.004000321967775602;0;1;;"test0";7594;2886900
61;1484051999;true;0.00286427732079906;0;1;;"test0";8144;2933064
61;2082359546;true;0.002866698518872432;0;1;;"test0";8030;2933064
61;-898476111;true;0.002866698518872432;0;1;;"test0";7457;2933064
61;1142754751;true;0.002866698518872432;0;1;;"test0";7459;2933064
61;-2095580972;true;0.002866698518872432;0;1;;"test0";7518;2933064
61;332186563;true;0.003435748669240933;0;1;;"test0";7482;2933064
61;-450843914;true;0.003441278788047559;0;1;;"test0";6322;2933064
61;360043532;true;0.00345049114166193;0;1;;"test0";7022;2933064
61;-422539474;true;0.00345049114166193;0;1;;"test0";6972;2933064
61;-936332553;true;0.00345049114166193;0;1;;"test0";7570;2933064
61;-1246449180;true;0.0034604307680543584;0;1;;"test0";7515;2933064
61;-476405976;true;0.003557586116000347;0;1;;"test0";7471;2933064
61;564542050;true;0.003575247464352792;0;1;;"test0";7754;2933064
61;-253082329;true;0.003575247464352792;0;1;;"test0";7269;2933064
61;-1077970544;true;0.0035902104790816853;0;1;;"test0";7502;2933064
61;1057920459;true;0.0035902104790816853;0;1;;"test0";6563;2933064
61;-1941462011;true;0.0035994427202612617;0;1;;"test0";7234;2933064
61;1668430587;true;0.0035994427202612617;0;1;;"test0";8160;2933064
61;738390633;true;0.0035994427202612617;0;1;;"test0";6644;2933064
61;-1105972502;true;0.003848063837628399;0;1;;"test0";7534;2933064
61;49783439;true;0.0038492482479754488;0;1;;"test0";7624;2933064
61;373791822;true;0.0038492482479754488;0;1;;"test0";7290;2933064
61;-157704271;true;0.0038492482479754488;0;1;;"test0";6961;2933064
61;-2036129055;true;0.0038492482479754488;0;1;;"test0";7328;2933064
61;-1509840865;true;0.0038492482479754488;0;1;;"test0";6613;2933064
61;-72444404;true;0.0038492482479754488;0;1;;"test0";7254;2933064
61;-1038318553;true;0.0039035403117668875;0;1;;"test0";7367;2933064
61;-1038318553;true;0.0039035403117668875;0;1;;"test0";7650;2933064
61;2134080460;true;0.0039035403117668875;0;1;;"test0";7629;2933064
61;-2125115430;true;0.00392741757443452;0;1;;"test0";7297;2933064
61;-2125115430;true;0.00392741757443452;0;1;;"test0";7290;2933064
61;773598686;true;0.00392741757443452;0;1;;"test0";6958;2933064
61;44936535;true;0.00392741757443452;0;1;;"test0";7064;2933064
61;1346047938;true;0.0039334772091913295;0;1;;"test0";7185;2933064
61;1346047938;true;0.0039334772091913295;0;1;;"test0";6382;2933064
61;468404913;true;0.0039334772091913295;0;1;;"test0";6925;2933064
61;-842833344;true;0.0039334772091913295;0;1;;"test0";7474;2933064
61;932160778;true;0.0039334772091913295;0;1;;"test0";7011;2933064
61;1893139875;true;0.003981412244461138;0;1;;"test0";7561;2933064
61;-1351481737;true;0.003981412244461138;0;1;;"test0";7299;2933064
61;-1547472201;true;0.003981412244461138;0;1;;"test0";7052;2933064
61;1893139875;true;0.003981412244461138;0;1;;"test0";7232;2933064
61;2072925997;true;0.003993932077870677;0;1;;"test0";7201;2933064
61;-676328197;true;0.004000321967775602;0;1;;"test0";7666;2933064
61;-1857782397;true;0.004000321967775602;0;1;;"test0";7672;2933064
61;773689383;true;0.004000321967775602;0;1;;"test0";7288;2933064
61;436123049;true;0.004000321967775602;0;1;;"test0";7703;2933064
61;262949037;true;0.004000321967775602;0;1;;"test0";7067;2933064
62;1882683330;false;-1;0;1;;"test0";NaN;2985315
62;1614085110;true;0.00286427732079906;0;1;;"test0";7052;2985315
62;-2047774615;true;0.00286427732079906;0;1;;"test0";4499;2985315
62;886986244;true;0.00286427732079906;0;1;;"test0";7878;2985315
62;1007508149;true;0.00286427732079906;0;1;;"test0";6432;2985315
62;-385217138;true;0.00286427732079906;0;1;;"test0";7293;2985315
62;-2085079796;true;0.003003432494279176;0;1;;"test0";6296;2985315
62;-1058598587;true;0.0034356940616838637;0;1;;"test0";7713;2985315
62;332186563;true;0.003435748669240933;0;1;;"test0";6837;2985315
62;-1665977512;true;0.003435748669240933;0;1;;"test0";7445;2985315
62;1070914921;true;0.0034467614455556974;0;1;;"test0";7651;2985315
62;1766460958;true;0.00345049114166193;0;1;;"test0";6776;2985315
62;-288324576;true;0.0034604307680543584;0;1;;"test0";6436;2985315
62;-273821113;true;0.003575247464352792;0;1;;"test0";5113;2985315
62;949610497;true;0.0035757832876521407;0;1;;"test0";7804;2985315
62;-1475548871;true;0.0035903807733407653;0;1;;"test0";7072;2985315
62;-903833989;true;0.0035939710468851182;0;1;;"test0";6828;2985315
62;-820057535;true;0.003796113882157877;0;1;;"test0";7548;2985315
62;1671134583;true;0.003796113882157877;0;1;;"test0";5760;2985315
62;-1373298307;true;0.003796113882157877;0;1;;"test0";7262;2985315
62;1313983743;true;0.003796113882157877;0;1;;"test0";7521;2985315
62;498403787;true;0.0038095006537706834;0;1;;"test0";7765;2985315
62;1792305331;true;0.0038104149429509676;0;1;;"test0";7316;2985315
62;1221463608;true;0.003848063837628399;0;1;;"test0";6647;2985315
62;-128556092;true;0.003848063837628399;0;1;;"test0";6824;2985315
62;-945910286;true;0.0038492482479754488;0;1;;"test0";7590;2985315
62;965068708;true;0.0039035403117668875;0;1;;"test0";7519;2985315
62;-2125115430;true;0.00392741757443452;0;1;;"test0";7733;2985315
62;44936535;true;0.00392741757443452;0;1;;"test0";7530;2985315
62;-1510487078;true;0.00392741757443452;0;1;;"test0";6799;2985315
62;1988543635;true;0.00392741757443452;0;1;;"test0";7624;2985315
62;1612513185;true;0.00392741757443452;0;1;;"test0";7096;2985315
62;-842833344;true;0.0039334772091913295;0;1;;"test0";6763;2985315
62;-392758617;true;0.0039334772091913295;0;1;;"test0";6482;2985315
62;1346047938;true;0.0039334772091913295;0;1;;"test0";6177;2985315
62;-838414628;true;0.003963113534439289;0;1;;"test0";7656;2985315
62;-954644904;true;0.003976110182310492;0;1;;"test0";5852;2985315
62;-889712588;true;0.003981412244461138;0;1;;"test0";7072;2985315
62;1893139875;true;0.003981412244461138;0;1;;"test0";6660;2985315
62;-700534232;true;0.003981412244461138;0;1;;"test0";7489;2985315
62;-1351481737;true;0.003981412244461138;0;1;;"test0";7453;2985315
62;1893139875;true;0.003981412244461138;0;1;;"test0";6828;2985315
62;2072925997;true;0.003993932077870677;0;1;;"test0";6566;2985315
62;-1029495552;true;0.003993932077870677;0;1;;"test0";7592;2985315
62;-1860548630;true;0.003993932077870677;0;1;;"test0";6907;2985315
62;303805146;true;0.004000321967775602;0;1;;"test0";6876;2985315
62;436123049;true;0.004000321967775602;0;1;;"test0";4;2985315
62;-542136029;true;0.004000321967775602;0;1;;"test0";7081;2985315
62;773689383;true;0.004000321967775602;0;1;;"test0";8312;2985315
62;262949037;true;0.004000321967775602;0;1;;"test0";2;2985315
63;738318537;true;0.00286427732079906;0;1;;"test0";7424;3032296
63;-590999355;true;0.00286427732079906;0;1;;"test0";7471;3032296
63;2011861365;true;0.0034356940616838637;0;1;;"test0";7582;3032296
63;-948419173;true;0.0034417029964927503;0;1;;"test0";7612;3032296
63;306080003;true;0.003442544388577638;0;1;;"test0";7432;3032296
63;-119353667;true;0.0034457683212758866;0;1;;"test0";7716;3032296
63;1766460958;true;0.00345049114166193;0;1;;"test0";7516;3032296
63;324718318;true;0.00345049114166193;0;1;;"test0";8427;3032296
63;-2055936875;true;0.0034604307680543584;0;1;;"test0";7383;3032296
63;1410758735;true;0.0034652259188175626;0;1;;"test0";7418;3032296
63;-912272617;true;0.003570614376372784;0;1;;"test0";7801;3032296
63;-686916007;true;0.0035749346550817715;0;1;;"test0";7871;3032296
63;-1475548871;true;0.0035903807733407653;0;1;;"test0";7830;3032296
63;-1475548871;true;0.0035903807733407653;0;1;;"test0";6727;3032296
63;-1787456506;true;0.0035903807733407653;0;1;;"test0";7412;3032296
63;-748651318;true;0.0035968165749268245;0;1;;"test0";7395;3032296
63;532812574;true;0.0035994427202612617;0;1;;"test0";7684;3032296
63;-1444218855;true;0.0037526819252340854;0;1;;"test0";6451;3032296
63;975990090;true;0.003785015796255151;0;1;;"test0";7218;3032296
63;-204317480;true;0.003796113882157877;0;1;;"test0";7164;3032296
63;436571549;true;0.003796113882157877;0;1;;"test0";7069;3032296
63;-1857135342;true;0.003796113882157877;0;1;;"test0";8066;3032296
63;1886163582;true;0.003796113882157877;0;1;;"test0";7568;3032296
63;1792305331;true;0.0038104149429509676;0;1;;"test0";7061;3032296
63;247484050;true;0.0038250885881147786;0;1;;"test0";7598;3032296
63;-128556092;true;0.003848063837628399;0;1;;"test0";7563;3032296
63;-128556092;true;0.003848063837628399;0;1;;"test0";7372;3032296
63;-945910286;true;0.0038492482479754488;0;1;;"test0";7345;3032296
63;161409681;true;0.003868177987688962;0;1;;"test0";7615;3032296
63;965068708;true;0.0039035403117668875;0;1;;"test0";7637;3032296
63;965068708;true;0.0039035403117668875;0;1;;"test0";7756;3032296
63;965068708;true;0.0039035403117668875;0;1;;"test0";7177;3032296
63;965068708;true;0.0039035403117668875;0;1;;"test0";7096;3032296
63;-2125115430;true;0.00392741757443452;0;1;;"test0";7229;3032296
63;-2125115430;true;0.00392741757443452;0;1;;"test0";7211;3032296
63;-2125115430;true;0.00392741757443452;0;1;;"test0";7868;3032296
63;505565025;true;0.00392741757443452;0;1;;"test0";7681;3032296
63;1617380358;true;0.0039334772091913295;0;1;;"test0";7666;3032296
63;172523239;true;0.0039334772091913295;0;1;;"test0";7608;3032296
63;-141837724;true;0.003963113534439289;0;1;;"test0";7548;3032296
63;-889712588;true;0.003981412244461138;0;1;;"test0";7859;3032296
63;2072925997;true;0.003993932077870677;0;1;;"test0";7560;3032296
63;2142062379;true;0.003993932077870677;0;1;;"test0";7579;3032296
63;262949037;true;0.004000321967775602;0;1;;"test0";2;3032296
63;-542136029;true;0.004000321967775602;0;1;;"test0";8107;3032296
63;835513033;true;0.004000321967775602;0;1;;"test0";7607;3032296
63;278786474;true;0.004000321967775602;0;1;;"test0";7408;3032296
63;-1145571109;true;0.004000321967775602;0;1;;"test0";7450;3032296
63;-542136029;true;0.004000321967775602;0;1;;"test0";7570;3032296
63;773689383;true;0.004000321967775602;0;1;;"test0";2;3032296
64;824831446;true;0.00286427732079906;0;1;;"test0";8161;3078774
64;-1707500672;true;0.00286427732079906;0;1;;"test0";7092;3078774
64;-602670980;true;0.003435748669240933;0;1;;"test0";7232;3078774
64;-966360174;true;0.0034379631364187813;0;1;;"test0";7002;3078774
64;-948419173;true;0.0034417029964927503;0;1;;"test0";7235;3078774
64;-1006936241;true;0.0034477088339621214;0;1;;"test0";7791;3078774
64;-1323775751;true;0.0034523666030999104;0;1;;"test0";7597;3078774
64;917007742;true;0.003557586116000347;0;1;;"test0";7449;3078774
64;2018430104;true;0.003570614376372784;0;1;;"test0";7601;3078774
64;-912272617;true;0.003570614376372784;0;1;;"test0";6562;3078774
64;322576085;true;0.0035770398347859406;0;1;;"test0";7441;3078774
64;1361578573;true;0.0035813152107602004;0;1;;"test0";7039;3078774
64;1529570736;true;0.0035903807733407653;0;1;;"test0";7906;3078774
64;175149238;true;0.0035965916732516464;0;1;;"test0";7392;3078774
64;-1404482232;true;0.0035968165749268245;0;1;;"test0";7505;3078774
64;-748651318;true;0.0035968165749268245;0;1;;"test0";7623;3078774
64;-606391529;true;0.0035994427202612617;0;1;;"test0";6220;3078774
64;-1444218855;true;0.0037526819252340854;0;1;;"test0";7336;3078774
64;-1444218855;true;0.0037526819252340854;0;1;;"test0";7593;3078774
64;-1815421661;true;0.003785015796255151;0;1;;"test0";8029;3078774
64;145505898;true;0.003796113882157877;0;1;;"test0";7633;3078774
64;796402413;true;0.003796113882157877;0;1;;"test0";7836;3078774
64;1966089805;true;0.003796113882157877;0;1;;"test0";7700;3078774
64;1792305331;true;0.0038104149429509676;0;1;;"test0";8260;3078774
64;1792305331;true;0.0038104149429509676;0;1;;"test0";7784;3078774
64;684850035;true;0.003826699344586451;0;1;;"test0";7584;3078774
64;-1918573822;true;0.003848063837628399;0;1;;"test0";6519;3078774
64;347038425;true;0.003848063837628399;0;1;;"test0";7225;3078774
64;-128556092;true;0.003848063837628399;0;1;;"test0";6393;3078774
64;-429936495;true;0.003848063837628399;0;1;;"test0";7940;3078774
64;-128556092;true;0.003848063837628399;0;1;;"test0";7388;3078774
64;-1392750782;true;0.0038492482479754488;0;1;;"test0";8035;3078774
64;-945910286;true;0.0038492482479754488;0;1;;"test0";7879;3078774
64;951950076;true;0.0038492482479754488;0;1;;"test0";7218;3078774
64;-1482062641;true;0.003868177987688962;0;1;;"test0";7323;3078774
64;161409681;true;0.003868177987688962;0;1;;"test0";7915;3078774
64;505565025;true;0.00392741757443452;0;1;;"test0";7153;3078774
64;1150866083;true;0.00392741757443452;0;1;;"test0";7392;3078774
64;-695633297;true;0.0039334772091913295;0;1;;"test0";7268;3078774
64;367052302;true;0.0039334772091913295;0;1;;"test0";7558;3078774
64;-377138597;true;0.0039334772091913295;0;1;;"test0";7401;3078774
64;979596482;true;0.0039334772091913295;0;1;;"test0";7554;3078774
64;-141837724;true;0.003963113534439289;0;1;;"test0";7617;3078774
64;-509891161;true;0.003981412244461138;0;1;;"test0";7638;3078774
64;-622434906;true;0.003981412244461138;0;1;;"test0";7790;3078774
64;2072925997;true;0.003993932077870677;0;1;;"test0";7891;3078774
64;773689383;true;0.004000321967775602;0;1;;"test0";1;3078774
64;142658216;true;0.004000321967775602;0;1;;"test0";7581;3078774
64;-542136029;true;0.004000321967775602;0;1;;"test0";2;3078774
64;835513033;true;0.004000321967775602;0;1;;"test0";6862;3078774
65;-616548795;false;-1;0;1;;"test0";NaN;3130452
65;1846277824;true;0.003003432494279176;0;1;;"test0";6657;3130452
65;1319008987;true;0.003437191645680485;0;1;;"test0";6056;3130452
65;1965984509;true;0.0034377569706895055;0;1;;"test0";7594;3130452
65;450464583;true;0.003441278788047559;0;1;;"test0";6838;3130452
65;-222119189;true;0.0034422314750074067;0;1;;"test0";6514;3130452
65;-779508132;true;0.0034434125462793007;0;1;;"test0";7849;3130452
65;1765597128;true;0.003570614376372784;0;1;;"test0";7271;3130452
65;1525424867;true;0.003570614376372784;0;1;;"test0";7488;3130452
65;1529570736;true;0.0035903807733407653;0;1;;"test0";7434;3130452
65;175149238;true;0.0035965916732516464;0;1;;"test0";7157;3130452
65;175149238;true;0.0035965916732516464;0;1;;"test0";7796;3130452
65;175149238;true;0.0035965916732516464;0;1;;"test0";7636;3130452
65;-606391529;true;0.0035994427202612617;0;1;;"test0";7185;3130452
65;-2012877666;true;0.0035994427202612617;0;1;;"test0";7483;3130452
65;994198648;true;0.00370331635411888;0;1;;"test0";6507;3130452
65;924148896;true;0.0037526819252340854;0;1;;"test0";7830;3130452
65;1996247238;true;0.0037526819252340854;0;1;;"test0";7556;3130452
65;-182407477;true;0.00378489682201479;0;1;;"test0";6492;3130452
65;796402413;true;0.003796113882157877;0;1;;"test0";7090;3130452
65;796402413;true;0.003796113882157877;0;1;;"test0";7508;3130452
65;-1856059038;true;0.003796113882157877;0;1;;"test0";4154;3130452
65;1754394728;true;0.003796113882157877;0;1;;"test0";7488;3130452
65;1525038810;true;0.003796113882157877;0;1;;"test0";6920;3130452
65;644849326;true;0.0038095006537706834;0;1;;"test0";7324;3130452
65;1792305331;true;0.0038104149429509676;0;1;;"test0";7739;3130452
65;1792305331;true;0.0038104149429509676;0;1;;"test0";6821;3130452
65;915943915;true;0.0038104149429509676;0;1;;"test0";7401;3130452
65;684850035;true;0.003826699344586451;0;1;;"test0";7570;3130452
65;684850035;true;0.003826699344586451;0;1;;"test0";7305;3130452
65;1080675749;true;0.003848063837628399;0;1;;"test0";4485;3130452
65;428544969;true;0.003868177987688962;0;1;;"test0";7040;3130452
65;488034958;true;0.003868177987688962;0;1;;"test0";6843;3130452
65;505565025;true;0.00392741757443452;0;1;;"test0";6886;3130452
65;505565025;true;0.00392741757443452;0;1;;"test0";7874;3130452
65;505565025;true;0.00392741757443452;0;1;;"test0";7378;3130452
65;47924467;true;0.0039334772091913295;0;1;;"test0";6650;3130452
65;1148986958;true;0.0039334772091913295;0;1;;"test0";6916;3130452
65;367052302;true;0.0039334772091913295;0;1;;"test0";6743;3130452
65;979596482;true;0.0039334772091913295;0;1;;"test0";6966;3130452
65;-1402893885;true;0.003963113534439289;0;1;;"test0";7408;3130452
65;46683417;true;0.003963113534439289;0;1;;"test0";7258;3130452
65;1996780109;true;0.003963113534439289;0;1;;"test0";7334;3130452
65;-1588238838;true;0.003963113534439289;0;1;;"test0";6916;3130452
65;2072925997;true;0.003993932077870677;0;1;;"test0";7866;3130452
65;2072925997;true;0.003993932077870677;0;1;;"test0";7412;3130452
65;2072925997;true;0.003993932077870677;0;1;;"test0";7580;3130452
65;688567377;true;0.003993932077870677;0;1;;"test0";6895;3130452
65;-542136029;true;0.004000321967775602;0;1;;"test0";1;3130452
65;835513033;true;0.004000321967775602;0;1;;"test0";1;3130452
66;-221884729;true;0.00286427732079906;0;1;;"test0";7655;3178251
66;-211803317;true;0.0034372700737469227;0;1;;"test0";7737;3178251
66;1265653922;true;0.00345049114166193;0;1;;"test0";7351;3178251
66;656501778;true;0.003570614376372784;0;1;;"test0";8258;3178251
66;107016999;true;0.0035727744652810822;0;1;;"test0";6907;3178251
66;1529570736;true;0.0035903807733407653;0;1;;"test0";7908;3178251
66;-2097526538;true;0.0035994427202612617;0;1;;"test0";7574;3178251
66;1757458273;true;0.0035994427202612617;0;1;;"test0";7597;3178251
66;1159570122;true;0.0035994427202612617;0;1;;"test0";7916;3178251
66;-606391529;true;0.0035994427202612617;0;1;;"test0";8214;3178251
66;-707921872;true;0.0035994427202612617;0;1;;"test0";7433;3178251
66;499883866;true;0.00370331635411888;0;1;;"test0";7491;3178251
66;98877261;true;0.00370331635411888;0;1;;"test0";8078;3178251
66;-1521209363;true;0.003731495942945191;0;1;;"test0";7685;3178251
66;-1436542885;true;0.0037526819252340854;0;1;;"test0";8380;3178251
66;1703628630;true;0.003796113882157877;0;1;;"test0";7588;3178251
66;-214921799;true;0.003796113882157877;0;1;;"test0";7758;3178251
66;796402413;true;0.003796113882157877;0;1;;"test0";7559;3178251
66;-1652034151;true;0.003796113882157877;0;1;;"test0";8006;3178251
66;-178947713;true;0.0038095006537706834;0;1;;"test0";7993;3178251
66;644849326;true;0.0038095006537706834;0;1;;"test0";7710;3178251
66;-1468639123;true;0.003823546436451081;0;1;;"test0";7573;3178251
66;684850035;true;0.003826699344586451;0;1;;"test0";7226;3178251
66;684850035;true;0.003826699344586451;0;1;;"test0";7558;3178251
66;-1402288710;true;0.003848063837628399;0;1;;"test0";7761;3178251
66;488034958;true;0.003868177987688962;0;1;;"test0";7113;3178251
66;488034958;true;0.003868177987688962;0;1;;"test0";7960;3178251
66;1913797665;true;0.003889272220475405;0;1;;"test0";7889;3178251
66;505565025;true;0.00392741757443452;0;1;;"test0";7246;3178251
66;505565025;true;0.00392741757443452;0;1;;"test0";7421;3178251
66;407721712;true;0.00392741757443452;0;1;;"test0";7517;3178251
66;505565025;true;0.00392741757443452;0;1;;"test0";6724;3178251
66;-1686216611;true;0.00392741757443452;0;1;;"test0";7049;3178251
66;505565025;true;0.00392741757443452;0;1;;"test0";7563;3178251
66;505489083;true;0.00392741757443452;0;1;;"test0";7392;3178251
66;770372691;true;0.00392741757443452;0;1;;"test0";7559;3178251
66;-1438126613;true;0.0039334772091913295;0;1;;"test0";7979;3178251
66;979596482;true;0.0039334772091913295;0;1;;"test0";7765;3178251
66;47924467;true;0.0039334772091913295;0;1;;"test0";7320;3178251
66;367023370;true;0.0039334772091913295;0;1;;"test0";7455;3178251
66;790017856;true;0.003963113534439289;0;1;;"test0";7760;3178251
66;-598765678;true;0.003976110182310492;0;1;;"test0";6855;3178251
66;-911905547;true;0.003976110182310492;0;1;;"test0";7443;3178251
66;-542136029;true;0.004000321967775602;0;1;;"test0";8350;3178251
66;835513033;true;0.004000321967775602;0;1;;"test0";7862;3178251
66;-542136029;true;0.004000321967775602;0;1;;"test0";6715;3178251
66;835073864;true;0.004000321967775602;0;1;;"test0";7601;3178251
66;835513033;true;0.004000321967775602;0;1;;"test0";7829;3178251
67;850136010;true;0.003437191645680485;0;1;;"test0";7840;3225404
67;-211803317;true;0.0034372700737469227;0;1;;"test0";6947;3225404
67;-211803317;true;0.0034372700737469227;0;1;;"test0";7095;3225404
67;-618506573;true;0.003570614376372784;0;1;;"test0";7616;3225404
67;-1285009541;true;0.0035813152107602004;0;1;;"test0";6937;3225404
67;379799525;true;0.0035903807733407653;0;1;;"test0";7513;3225404
67;-927927561;true;0.0035903807733407653;0;1;;"test0";7933;3225404
67;-1315684676;true;0.0035994427202612617;0;1;;"test0";7506;3225404
67;-1260927811;true;0.0035994427202612617;0;1;;"test0";7363;3225404
67;-1239955998;true;0.0035994427202612617;0;1;;"test0";7442;3225404
67;291861842;true;0.003731495942945191;0;1;;"test0";7669;3225404
67;-1521209363;true;0.003731495942945191;0;1;;"test0";7297;3225404
67;796402413;true;0.003796113882157877;0;1;;"test0";7864;3225404
67;-1017516467;true;0.003796113882157877;0;1;;"test0";7917;3225404
67;-971870613;true;0.003796113882157877;0;1;;"test0";7973;3225404
67;-726461990;true;0.003796113882157877;0;1;;"test0";7941;3225404
67;254873773;true;0.003796113882157877;0;1;;"test0";6842;3225404
67;-1709317137;true;0.003796113882157877;0;1;;"test0";7357;3225404
67;-446423776;true;0.003796113882157877;0;1;;"test0";7418;3225404
67;-214921799;true;0.003796113882157877;0;1;;"test0";7840;3225404
67;-1871122097;true;0.0038092274555293227;0;1;;"test0";7377;3225404
67;-1468639123;true;0.003823546436451081;0;1;;"test0";7977;3225404
67;-1093367662;true;0.003848063837628399;0;1;;"test0";7493;3225404
67;428117583;true;0.003848063837628399;0;1;;"test0";6927;3225404
67;-734762957;true;0.003848063837628399;0;1;;"test0";7484;3225404
67;-1402288710;true;0.003848063837628399;0;1;;"test0";7930;3225404
67;-1402288710;true;0.003848063837628399;0;1;;"test0";8274;3225404
67;-1521189425;true;0.003848063837628399;0;1;;"test0";7403;3225404
67;171916582;true;0.003848063837628399;0;1;;"test0";8026;3225404
67;-1402288710;true;0.003848063837628399;0;1;;"test0";7191;3225404
67;-1402288710;true;0.003848063837628399;0;1;;"test0";7589;3225404
67;-1138808933;true;0.0038492482479754488;0;1;;"test0";7366;3225404
67;1913797665;true;0.003889272220475405;0;1;;"test0";7462;3225404
67;-904330303;true;0.003889272220475405;0;1;;"test0";7110;3225404
67;-1686216611;true;0.00392741757443452;0;1;;"test0";7818;3225404
67;1544543701;true;0.00392741757443452;0;1;;"test0";6956;3225404
67;1851066890;true;0.00392741757443452;0;1;;"test0";7600;3225404
67;786347292;true;0.0039334772091913295;0;1;;"test0";7446;3225404
67;979596482;true;0.0039334772091913295;0;1;;"test0";6366;3225404
67;979596482;true;0.0039334772091913295;0;1;;"test0";7572;3225404
67;990382455;true;0.003963113534439289;0;1;;"test0";7397;3225404
67;790017856;true;0.003963113534439289;0;1;;"test0";7120;3225404
67;1131603970;true;0.003963113534439289;0;1;;"test0";6953;3225404
67;790017856;true;0.003963113534439289;0;1;;"test0";7685;3225404
67;1206309507;true;0.003976110182310492;0;1;;"test0";7501;3225404
67;801639584;true;0.004000321967775602;0;1;;"test0";8022;3225404
67;835073864;true;0.004000321967775602;0;1;;"test0";3;3225404
67;1066242003;true;0.004000321967775602;0;1;;"test0";7518;3225404
67;-1713126376;true;0.004000321967775602;0;1;;"test0";7903;3225404
67;835513033;true;0.004000321967775602;0;1;;"test0";2;3225404
68;7142419;true;0.00286427732079906;0;1;;"test0";7332;3271206
68;-1573478571;true;0.003003432494279176;0;1;;"test0";7388;3271206
68;1826062772;true;0.003446636520491078;0;1;;"test0";7668;3271206
68;-1240092722;true;0.0035215107722845126;0;1;;"test0";7707;3271206
68;-618506573;true;0.003570614376372784;0;1;;"test0";7531;3271206
68;206689545;true;0.0035774120306526374;0;1;;"test0";8308;3271206
68;295767341;true;0.0035902104790816853;0;1;;"test0";7534;3271206
68;1760238188;true;0.0035903807733407653;0;1;;"test0";8146;3271206
68;379799525;true;0.0035903807733407653;0;1;;"test0";6705;3271206
68;969836735;true;0.0035968165749268245;0;1;;"test0";6292;3271206
68;291861842;true;0.003731495942945191;0;1;;"test0";6581;3271206
68;-1563389382;true;0.003731495942945191;0;1;;"test0";7044;3271206
68;-988856832;true;0.003796113882157877;0;1;;"test0";7405;3271206
68;197448190;true;0.003796113882157877;0;1;;"test0";5974;3271206
68;-2087055309;true;0.003796113882157877;0;1;;"test0";8174;3271206
68;-710295995;true;0.003796113882157877;0;1;;"test0";7603;3271206
68;1719477423;true;0.0038092274555293227;0;1;;"test0";6663;3271206
68;-1871122097;true;0.0038092274555293227;0;1;;"test0";7441;3271206
68;825864100;true;0.003823546436451081;0;1;;"test0";6016;3271206
68;766457112;true;0.003826699344586451;0;1;;"test0";5685;3271206
68;1495552156;true;0.003828486456213099;0;1;;"test0";7949;3271206
68;1419153740;true;0.003848063837628399;0;1;;"test0";8178;3271206
68;733690215;true;0.003848063837628399;0;1;;"test0";6952;3271206
68;1707660115;true;0.0038492482479754488;0;1;;"test0";7910;3271206
68;-452599335;true;0.0038492482479754488;0;1;;"test0";7872;3271206
68;-1138808933;true;0.0038492482479754488;0;1;;"test0";7546;3271206
68;-1138808933;true;0.0038492482479754488;0;1;;"test0";6974;3271206
68;-596952084;true;0.0038870282335081445;0;1;;"test0";7102;3271206
68;-904330303;true;0.003889272220475405;0;1;;"test0";8177;3271206
68;1235380646;true;0.003889272220475405;0;1;;"test0";7623;3271206
68;1313220970;true;0.003889272220475405;0;1;;"test0";7847;3271206
68;-904330303;true;0.003889272220475405;0;1;;"test0";8171;3271206
68;1544543701;true;0.00392741757443452;0;1;;"test0";6010;3271206
68;-1686216611;true;0.00392741757443452;0;1;;"test0";7338;3271206
68;207575062;true;0.00392741757443452;0;1;;"test0";7543;3271206
68;1544543701;true;0.00392741757443452;0;1;;"test0";6632;3271206
68;1581575734;true;0.00392741757443452;0;1;;"test0";7173;3271206
68;-1686216611;true;0.00392741757443452;0;1;;"test0";7514;3271206
68;979596482;true;0.0039334772091913295;0;1;;"test0";6889;3271206
68;-1527335593;true;0.003963113534439289;0;1;;"test0";6378;3271206
68;790017856;true;0.003963113534439289;0;1;;"test0";6834;3271206
68;-977167751;true;0.003976110182310492;0;1;;"test0";7207;3271206
68;1206309507;true;0.003976110182310492;0;1;;"test0";7267;3271206
68;-2068225908;true;0.003976110182310492;0;1;;"test0";5940;3271206
68;-2085578209;true;0.003976110182310492;0;1;;"test0";6025;3271206
68;1370035813;true;0.003976110182310492;0;1;;"test0";7061;3271206
68;1396159182;true;0.003993932077870677;0;1;;"test0";8015;3271206
68;1066242003;true;0.004000321967775602;0;1;;"test0";7953;3271206
68;835513033;true;0.004000321967775602;0;1;;"test0";2;3271206
68;-1713126376;true;0.004000321967775602;0;1;;"test0";2;3271206
69;104839585;false;-1;0;1;;"test0";NaN;3324514
69;-176596253;true;0.002574370709382151;0;1;;"test0";7353;3324514
69;-1677375159;true;0.00286427732079906;0;1;;"test0";7158;3324514
69;-45542778;true;0.00286427732079906;0;1;;"test0";4686;3324514
69;780821272;true;0.0034353912220642406;0;1;;"test0";7722;3324514
69;1983558942;true;0.0035612059635601024;0;1;;"test0";6577;3324514
69;969836735;true;0.0035968165749268245;0;1;;"test0";8109;3324514
69;-1753031231;true;0.0035968165749268245;0;1;;"test0";7312;3324514
69;2021903723;true;0.0035968165749268245;0;1;;"test0";6930;3324514
69;969836735;true;0.0035968165749268245;0;1;;"test0";7799;3324514
69;-1082649947;true;0.0035968165749268245;0;1;;"test0";6650;3324514
69;-1484653744;true;0.0035994427202612617;0;1;;"test0";8326;3324514
69;182725656;true;0.0035994427202612617;0;1;;"test0";7443;3324514
69;-2074861849;true;0.0035994427202612617;0;1;;"test0";7838;3324514
69;-930301182;true;0.003796113882157877;0;1;;"test0";7419;3324514
69;-1990805957;true;0.003796113882157877;0;1;;"test0";7454;3324514
69;-128606337;true;0.003796113882157877;0;1;;"test0";7546;3324514
69;178957027;true;0.003796113882157877;0;1;;"test0";7307;3324514
69;197448190;true;0.003796113882157877;0;1;;"test0";6722;3324514
69;197448190;true;0.003796113882157877;0;1;;"test0";7879;3324514
69;2028652185;true;0.003796113882157877;0;1;;"test0";6728;3324514
69;2052207900;true;0.003796113882157877;0;1;;"test0";8072;3324514
69;197448190;true;0.003796113882157877;0;1;;"test0";7605;3324514
69;1880057740;true;0.0038092274555293227;0;1;;"test0";6981;3324514
69;793781300;true;0.0038092274555293227;0;1;;"test0";7455;3324514
69;-2064521439;true;0.0038092274555293227;0;1;;"test0";7156;3324514
69;-2146316139;true;0.0038231608236157094;0;1;;"test0";7868;3324514
69;766457112;true;0.003826699344586451;0;1;;"test0";7310;3324514
69;1495552156;true;0.003828486456213099;0;1;;"test0";6625;3324514
69;-2004082545;true;0.003833476968783858;0;1;;"test0";8050;3324514
69;-2030040089;true;0.003848063837628399;0;1;;"test0";6748;3324514
69;199268221;true;0.0038492482479754488;0;1;;"test0";6979;3324514
69;-596952084;true;0.0038870282335081445;0;1;;"test0";7573;3324514
69;1891429664;true;0.0038870282335081445;0;1;;"test0";7238;3324514
69;1544543701;true;0.00392741757443452;0;1;;"test0";7374;3324514
69;-1543664497;true;0.0039334772091913295;0;1;;"test0";7257;3324514
69;979596482;true;0.0039334772091913295;0;1;;"test0";3951;3324514
69;1620131011;true;0.0039334772091913295;0;1;;"test0";8036;3324514
69;979596482;true;0.0039334772091913295;0;1;;"test0";7421;3324514
69;1959631656;true;0.003993932077870677;0;1;;"test0";8146;3324514
69;477322827;true;0.003993932077870677;0;1;;"test0";7509;3324514
69;-1974813547;true;0.003993932077870677;0;1;;"test0";7419;3324514
69;371619498;true;0.003993932077870677;0;1;;"test0";6899;3324514
69;-1795849859;true;0.004000321967775602;0;1;;"test0";6722;3324514
69;835513033;true;0.004000321967775602;0;1;;"test0";6670;3324514
69;-1713126376;true;0.004000321967775602;0;1;;"test0";2;3324514
69;-1815245916;true;0.004000321967775602;0;1;;"test0";7220;3324514
69;2055760158;true;0.004000321967775602;0;1;;"test0";8005;3324514
69;835513033;true;0.004000321967775602;0;1;;"test0";7371;3324514
70;-1168231942;true;0.00286427732079906;0;1;;"test0";7423;3372636
70;1324451143;true;0.00286427732079906;0;1;;"test0";7697;3372636
70;1165082636;true;0.00286427732079906;0;1;;"test0";7667;3372636
70;1678769297;true;0.003442222206620492;0;1;;"test0";7912;3372636
70;-1717640752;true;0.0035610165812790546;0;1;;"test0";7762;3372636
70;23494121;true;0.0035612059635601024;0;1;;"test0";7139;3372636
70;-1420912461;true;0.003570614376372784;0;1;;"test0";7968;3372636
70;-2103020287;true;0.0035813152107602004;0;1;;"test0";6702;3372636
70;1943533290;true;0.0035903807733407653;0;1;;"test0";7840;3372636
70;13948567;true;0.0035994427202612617;0;1;;"test0";6508;3372636
70;427381587;true;0.0035994427202612617;0;1;;"test0";7777;3372636
70;1807917718;true;0.0035994427202612617;0;1;;"test0";7313;3372636
70;1293106628;true;0.0035994427202612617;0;1;;"test0";7554;3372636
70;-937777354;true;0.003796113882157877;0;1;;"test0";8405;3372636
70;1849878980;true;0.003796113882157877;0;1;;"test0";7589;3372636
70;2028652185;true;0.003796113882157877;0;1;;"test0";7398;3372636
70;-1990805957;true;0.003796113882157877;0;1;;"test0";7560;3372636
70;-1833050775;true;0.003796113882157877;0;1;;"test0";7540;3372636
70;-1290076155;true;0.0038092274555293227;0;1;;"test0";7617;3372636
70;-1114810752;true;0.0038092274555293227;0;1;;"test0";7886;3372636
70;1838443535;true;0.0038231608236157094;0;1;;"test0";7751;3372636
70;-132350933;true;0.0038231608236157094;0;1;;"test0";7585;3372636
70;1307065615;true;0.0038231608236157094;0;1;;"test0";7740;3372636
70;-2146316139;true;0.0038231608236157094;0;1;;"test0";7778;3372636
70;91390068;true;0.003826699344586451;0;1;;"test0";6923;3372636
70;1495552156;true;0.003828486456213099;0;1;;"test0";7543;3372636
70;1495552156;true;0.003828486456213099;0;1;;"test0";7759;3372636
70;417774860;true;0.003848063837628399;0;1;;"test0";7673;3372636
70;199268221;true;0.0038492482479754488;0;1;;"test0";7691;3372636
70;-949813792;true;0.0038492482479754488;0;1;;"test0";7655;3372636
70;199268221;true;0.0038492482479754488;0;1;;"test0";7648;3372636
70;-1098318734;true;0.0038492482479754488;0;1;;"test0";7826;3372636
70;-296415126;true;0.0038492482479754488;0;1;;"test0";8239;3372636
70;-1276309210;true;0.0038870282335081445;0;1;;"test0";7611;3372636
70;-803853775;true;0.00392741757443452;0;1;;"test0";7859;3372636
70;-302003953;true;0.00392741757443452;0;1;;"test0";7769;3372636
70;1985143648;true;0.00392741757443452;0;1;;"test0";8125;3372636
70;1544543701;true;0.00392741757443452;0;1;;"test0";6998;3372636
70;-49863479;true;0.00392741757443452;0;1;;"test0";7820;3372636
70;-491917991;true;0.0039334772091913295;0;1;;"test0";7430;3372636
70;1445782652;true;0.0039334772091913295;0;1;;"test0";8674;3372636
70;-1543664497;true;0.0039334772091913295;0;1;;"test0";7929;3372636
70;1699442687;true;0.0039334772091913295;0;1;;"test0";7837;3372636
70;979596482;true;0.0039334772091913295;0;1;;"test0";7724;3372636
70;-2099274893;true;0.0039334772091913295;0;1;;"test0";7876;3372636
70;234506047;true;0.003976110182310492;0;1;;"test0";8335;3372636
70;2112919919;true;0.003993932077870677;0;1;;"test0";7997;3372636
70;835513033;true;0.004000321967775602;0;1;;"test0";7591;3372636
70;2055760158;true;0.004000321967775602;0;1;;"test0";2;3372636
71;-2020775641;true;0.002002288329519451;0;1;;"test0";7885;3420295
71;-1297837639;true;0.00286427732079906;0;1;;"test0";7947;3420295
71;657622493;true;0.00286427732079906;0;1;;"test0";7905;3420295
71;-1141425089;true;0.003441278788047559;0;1;;"test0";7267;3420295
71;-168934091;true;0.003570614376372784;0;1;;"test0";7494;3420295
71;284991046;true;0.003570614376372784;0;1;;"test0";8004;3420295
71;-1978661150;true;0.0035757832876521407;0;1;;"test0";8272;3420295
71;-1356540200;true;0.0035994427202612617;0;1;;"test0";8178;3420295
71;113201811;true;0.0035994427202612617;0;1;;"test0";7677;3420295
71;427381587;true;0.0035994427202612617;0;1;;"test0";7935;3420295
71;183346557;true;0.0035994427202612617;0;1;;"test0";7088;3420295
71;-1833050775;true;0.003796113882157877;0;1;;"test0";7649;3420295
71;2028652185;true;0.003796113882157877;0;1;;"test0";6175;3420295
71;-56583231;true;0.003796113882157877;0;1;;"test0";7805;3420295
71;2028597313;true;0.003796113882157877;0;1;;"test0";7359;3420295
71;-1833050775;true;0.003796113882157877;0;1;;"test0";6471;3420295
71;-1114810752;true;0.0038092274555293227;0;1;;"test0";7916;3420295
71;-894577227;true;0.0038092274555293227;0;1;;"test0";7638;3420295
71;2000277751;true;0.0038092274555293227;0;1;;"test0";7838;3420295
71;-1528836340;true;0.0038231608236157094;0;1;;"test0";7876;3420295
71;1838443535;true;0.0038231608236157094;0;1;;"test0";7678;3420295
71;2089361204;true;0.003828486456213099;0;1;;"test0";6942;3420295
71;1495552156;true;0.003828486456213099;0;1;;"test0";6838;3420295
71;595248632;true;0.003848063837628399;0;1;;"test0";7221;3420295
71;-949813792;true;0.0038492482479754488;0;1;;"test0";7824;3420295
71;-634132956;true;0.0038492482479754488;0;1;;"test0";7479;3420295
71;-2076465239;true;0.0038870282335081445;0;1;;"test0";7469;3420295
71;-422144437;true;0.0038870282335081445;0;1;;"test0";6805;3420295
71;-1276309210;true;0.0038870282335081445;0;1;;"test0";7882;3420295
71;-438530935;true;0.00392741757443452;0;1;;"test0";7515;3420295
71;-579339382;true;0.00392741757443452;0;1;;"test0";7131;3420295
71;117415271;true;0.00392741757443452;0;1;;"test0";7239;3420295
71;-108994998;true;0.0039334772091913295;0;1;;"test0";7367;3420295
71;-1929023818;true;0.0039334772091913295;0;1;;"test0";7069;3420295
71;234506047;true;0.003976110182310492;0;1;;"test0";8743;3420295
71;-1913141693;true;0.003976110182310492;0;1;;"test0";8639;3420295
71;234506047;true;0.003976110182310492;0;1;;"test0";7865;3420295
71;254196795;true;0.003981412244461138;0;1;;"test0";7838;3420295
71;2112919919;true;0.003993932077870677;0;1;;"test0";8034;3420295
71;791865343;true;0.003993932077870677;0;1;;"test0";8714;3420295
71;2112919919;true;0.003993932077870677;0;1;;"test0";7840;3420295
71;-1806969326;true;0.004000321967775602;0;1;;"test0";8308;3420295
71;2055760158;true;0.004000321967775602;0;1;;"test0";8237;3420295
71;835513033;true;0.004000321967775602;0;1;;"test0";7684;3420295
71;1057958946;true;0.004000321967775602;0;1;;"test0";7468;3420295
71;-1183534963;true;0.004000321967775602;0;1;;"test0";7070;3420295
71;-1977580377;true;0.004000321967775602;0;1;;"test0";7598;3420295
71;1044566643;true;0.004000321967775602;0;1;;"test0";7805;3420295
72;-1260214377;true;0.002574370709382151;0;1;;"test0";8351;3467130
72;2033827909;true;0.00286427732079906;0;1;;"test0";6927;3467130
72;-622492636;true;0.00286427732079906;0;1;;"test0";7698;3467130
72;-165451030;true;0.002866698518872432;0;1;;"test0";7674;3467130
72;-1141425089;true;0.003441278788047559;0;1;;"test0";7827;3467130
72;-1376551430;true;0.003441278788047559;0;1;;"test0";7418;3467130
72;-1069688247;true;0.003441278788047559;0;1;;"test0";8483;3467130
72;-1930260301;true;0.0034523666030999104;0;1;;"test0";7693;3467130
72;152223244;true;0.0034523666030999104;0;1;;"test0";8279;3467130
72;-68998712;true;0.0035341564272905195;0;1;;"test0";8103;3467130
72;-1094639803;true;0.0035770398347859406;0;1;;"test0";6366;3467130
72;528925564;true;0.0035774120306526374;0;1;;"test0";8468;3467130
72;-902740323;true;0.0035854007793519123;0;1;;"test0";7118;3467130
72;214435755;true;0.0035903807733407653;0;1;;"test0";6966;3467130
72;138763769;true;0.0035903807733407653;0;1;;"test0";6334;3467130
72;2028597313;true;0.003796113882157877;0;1;;"test0";5762;3467130
72;664346513;true;0.003796113882157877;0;1;;"test0";7757;3467130
72;-970963778;true;0.003796113882157877;0;1;;"test0";7737;3467130
72;-1569121274;true;0.003796113882157877;0;1;;"test0";7918;3467130
72;-655765404;true;0.003796113882157877;0;1;;"test0";7736;3467130
72;1144450910;true;0.003796113882157877;0;1;;"test0";6217;3467130
72;1495552156;true;0.003828486456213099;0;1;;"test0";8314;3467130
72;-996612590;true;0.003848063837628399;0;1;;"test0";7701;3467130
72;595248632;true;0.003848063837628399;0;1;;"test0";7725;3467130
72;928524360;true;0.003848063837628399;0;1;;"test0";6399;3467130
72;595248632;true;0.003848063837628399;0;1;;"test0";6543;3467130
72;279075337;true;0.003848063837628399;0;1;;"test0";6823;3467130
72;-1494372189;true;0.003848063837628399;0;1;;"test0";7452;3467130
72;976307741;true;0.003848063837628399;0;1;;"test0";7463;3467130
72;1939108027;true;0.003848063837628399;0;1;;"test0";7932;3467130
72;663121986;true;0.003848063837628399;0;1;;"test0";6586;3467130
72;-1276309210;true;0.0038870282335081445;0;1;;"test0";6836;3467130
72;-2076465239;true;0.0038870282335081445;0;1;;"test0";7575;3467130
72;-1276309210;true;0.0038870282335081445;0;1;;"test0";7596;3467130
72;2053708902;true;0.0038870282335081445;0;1;;"test0";7402;3467130
72;-2076465239;true;0.0038870282335081445;0;1;;"test0";7160;3467130
72;348899802;true;0.00392741757443452;0;1;;"test0";7726;3467130
72;117415271;true;0.00392741757443452;0;1;;"test0";7292;3467130
72;-1502612850;true;0.0039334772091913295;0;1;;"test0";6532;3467130
72;559452203;true;0.0039334772091913295;0;1;;"test0";6171;3467130
72;564396137;true;0.0039334772091913295;0;1;;"test0";6413;3467130
72;1004191661;true;0.003976110182310492;0;1;;"test0";8388;3467130
72;1793395627;true;0.003981412244461138;0;1;;"test0";8021;3467130
72;254196795;true;0.003981412244461138;0;1;;"test0";7259;3467130
72;1700761858;true;0.003993932077870677;0;1;;"test0";6790;3467130
72;2078848917;true;0.004000321967775602;0;1;;"test0";6899;3467130
72;-1977580377;true;0.004000321967775602;0;1;;"test0";3;3467130
72;-1754491533;true;0.004000321967775602;0;1;;"test0";8492;3467130
72;-1183534963;true;0.004000321967775602;0;1;;"test0";6500;3467130
72;1044566643;true;0.004000321967775602;0;1;;"test0";2;3467130
73;-766707495;true;0.00286427732079906;0;1;;"test0";6476;3514292
73;931207130;true;0.003441278788047559;0;1;;"test0";7545;3514292
73;1660633113;true;0.003441278788047559;0;1;;"test0";7360;3514292
73;1095696091;true;0.003442222206620492;0;1;;"test0";6453;3514292
73;-1258767702;true;0.0034441689570637855;0;1;;"test0";7322;3514292
73;754489066;true;0.0035173555082650687;0;1;;"test0";8096;3514292
73;611271565;true;0.003570614376372784;0;1;;"test0";7458;3514292
73;1576030731;true;0.003570614376372784;0;1;;"test0";7632;3514292
73;383839069;true;0.003575247464352792;0;1;;"test0";6110;3514292
73;-1057883559;true;0.0035774120306526374;0;1;;"test0";6201;3514292
73;-902740323;true;0.0035854007793519123;0;1;;"test0";7743;3514292
73;-386975653;true;0.0035854007793519123;0;1;;"test0";7740;3514292
73;-1898810252;true;0.0035903807733407653;0;1;;"test0";7382;3514292
73;992586036;true;0.0035994427202612617;0;1;;"test0";6392;3514292
73;1237240256;true;0.0035994427202612617;0;1;;"test0";6774;3514292
73;-2039647903;true;0.0037726638165930795;0;1;;"test0";7862;3514292
73;116001678;true;0.003796113882157877;0;1;;"test0";7647;3514292
73;1495552156;true;0.003828486456213099;0;1;;"test0";6809;3514292
73;1495552156;true;0.003828486456213099;0;1;;"test0";8415;3514292
73;452957978;true;0.003828486456213099;0;1;;"test0";8372;3514292
73;1495552156;true;0.003828486456213099;0;1;;"test0";7407;3514292
73;1088507824;true;0.003848063837628399;0;1;;"test0";8004;3514292
73;663121986;true;0.003848063837628399;0;1;;"test0";7138;3514292
73;663121986;true;0.003848063837628399;0;1;;"test0";7529;3514292
73;595248632;true;0.003848063837628399;0;1;;"test0";7457;3514292
73;-1575277791;true;0.003848063837628399;0;1;;"test0";5597;3514292
73;595248632;true;0.003848063837628399;0;1;;"test0";6625;3514292
73;1622127828;true;0.00384876806160051;0;1;;"test0";6480;3514292
73;-1009055840;true;0.0038870282335081445;0;1;;"test0";8436;3514292
73;-176890313;true;0.003889272220475405;0;1;;"test0";7781;3514292
73;2111223236;true;0.00392741757443452;0;1;;"test0";7305;3514292
73;348899802;true;0.00392741757443452;0;1;;"test0";7742;3514292
73;117415271;true;0.00392741757443452;0;1;;"test0";6692;3514292
73;-600974404;true;0.00392741757443452;0;1;;"test0";7616;3514292
73;117415271;true;0.00392741757443452;0;1;;"test0";8353;3514292
73;-1252672911;true;0.0039334772091913295;0;1;;"test0";8087;3514292
73;-1502612850;true;0.0039334772091913295;0;1;;"test0";6356;3514292
73;-1502612850;true;0.0039334772091913295;0;1;;"test0";7521;3514292
73;1004191661;true;0.003976110182310492;0;1;;"test0";7616;3514292
73;-1511589485;true;0.003981412244461138;0;1;;"test0";7636;3514292
73;1293275881;true;0.003981412244461138;0;1;;"test0";6115;3514292
73;1793395627;true;0.003981412244461138;0;1;;"test0";6654;3514292
73;-1151954660;true;0.003993932077870677;0;1;;"test0";8373;3514292
73;1700761858;true;0.003993932077870677;0;1;;"test0";8457;3514292
73;-1183534963;true;0.004000321967775602;0;1;;"test0";7929;3514292
73;-641370668;true;0.004000321967775602;0;1;;"test0";7726;3514292
73;-391100551;true;0.004000321967775602;0;1;;"test0";8015;3514292
73;1975138804;true;0.004000321967775602;0;1;;"test0";8061;3514292
73;1044566643;true;0.004000321967775602;0;1;;"test0";3;3514292
74;2116609342;true;0.00286427732079906;0;1;;"test0";7858;3563100
74;93273155;true;0.00286427732079906;0;1;;"test0";8799;3563100
74;2126502551;true;0.00286427732079906;0;1;;"test0";7608;3563100
74;197683706;true;0.003146453089244851;0;1;;"test0";7602;3563100
74;754489066;true;0.0035173555082650687;0;1;;"test0";7605;3563100
74;-1495098039;true;0.003570614376372784;0;1;;"test0";7666;3563100
74;1576030731;true;0.003570614376372784;0;1;;"test0";7742;3563100
74;-1454949872;true;0.003570614376372784;0;1;;"test0";8029;3563100
74;-27548824;true;0.003570614376372784;0;1;;"test0";7514;3563100
74;1576030731;true;0.003570614376372784;0;1;;"test0";7499;3563100
74;-206842946;true;0.003570614376372784;0;1;;"test0";7975;3563100
74;245364805;true;0.003575247464352792;0;1;;"test0";7653;3563100
74;1862744076;true;0.003575247464352792;0;1;;"test0";7720;3563100
74;-1349051167;true;0.003575247464352792;0;1;;"test0";7743;3563100
74;974555311;true;0.0035770398347859406;0;1;;"test0";7574;3563100
74;-401946267;true;0.0035774120306526374;0;1;;"test0";7748;3563100
74;-1057883559;true;0.0035774120306526374;0;1;;"test0";7506;3563100
74;-1016974391;true;0.0035774120306526374;0;1;;"test0";7312;3563100
74;-1784709282;true;0.0035851484988781183;0;1;;"test0";7413;3563100
74;-1600176627;true;0.0035851484988781183;0;1;;"test0";7411;3563100
74;1485378038;true;0.0035854007793519123;0;1;;"test0";7572;3563100
74;1017534363;true;0.0035903807733407653;0;1;;"test0";8213;3563100
74;-1758162827;true;0.0035903807733407653;0;1;;"test0";6829;3563100
74;932759556;true;0.0035903807733407653;0;1;;"test0";8482;3563100
74;-1115821666;true;0.0035994427202612617;0;1;;"test0";7515;3563100
74;-1580694650;true;0.003604899470297141;0;1;;"test0";7658;3563100
74;-2039647903;true;0.0037726638165930795;0;1;;"test0";7643;3563100
74;652575933;true;0.003796113882157877;0;1;;"test0";7832;3563100
74;-617769880;true;0.003796113882157877;0;1;;"test0";7783;3563100
74;1495552156;true;0.003828486456213099;0;1;;"test0";7471;3563100
74;881012604;true;0.003828486456213099;0;1;;"test0";8062;3563100
74;663121986;true;0.003848063837628399;0;1;;"test0";7069;3563100
74;-283578010;true;0.003848063837628399;0;1;;"test0";7650;3563100
74;663121986;true;0.003848063837628399;0;1;;"test0";8135;3563100
74;-1871160780;true;0.00392741757443452;0;1;;"test0";7701;3563100
74;-1855304771;true;0.00392741757443452;0;1;;"test0";8171;3563100
74;348899802;true;0.00392741757443452;0;1;;"test0";7859;3563100
74;1112626634;true;0.00392741757443452;0;1;;"test0";8193;3563100
74;460052548;true;0.003976110182310492;0;1;;"test0";7989;3563100
74;-756105914;true;0.003981412244461138;0;1;;"test0";7924;3563100
74;-616419210;true;0.003981412244461138;0;1;;"test0";7823;3563100
74;1691077770;true;0.003993932077870677;0;1;;"test0";7833;3563100
74;-1151954660;true;0.003993932077870677;0;1;;"test0";7848;3563100
74;-1453341985;true;0.003993932077870677;0;1;;"test0";8224;3563100
74;1700761858;true;0.003993932077870677;0;1;;"test0";8186;3563100
74;316042408;true;0.004000321967775602;0;1;;"test0";7531;3563100
74;814334490;true;0.004000321967775602;0;1;;"test0";8099;3563100
74;1975138804;true;0.004000321967775602;0;1;;"test0";5;3563100
74;687636718;true;0.004000321967775602;0;1;;"test0";8104;3563100
74;1044566643;true;0.004000321967775602;0;1;;"test0";2;3563100
75;-971147240;true;0.00286427732079906;0;1;;"test0";8041;3611716
75;-885335038;true;0.00286427732079906;0;1;;"test0";7742;3611716
75;664595340;true;0.0034363772718541204;0;1;;"test0";8670;3611716
75;-1392191783;true;0.0034471958873592027;0;1;;"test0";8188;3611716
75;1576030731;true;0.003570614376372784;0;1;;"test0";7794;3611716
75;1395226861;true;0.003570614376372784;0;1;;"test0";7450;3611716
75;1576030731;true;0.003570614376372784;0;1;;"test0";7428;3611716
75;245364805;true;0.003575247464352792;0;1;;"test0";8125;3611716
75;-1459201800;true;0.003575247464352792;0;1;;"test0";8121;3611716
75;-1481321410;true;0.0035770398347859406;0;1;;"test0";7491;3611716
75;-1884053297;true;0.0035770398347859406;0;1;;"test0";7816;3611716
75;1328291991;true;0.0035770398347859406;0;1;;"test0";7825;3611716
75;974555311;true;0.0035770398347859406;0;1;;"test0";8039;3611716
75;-2117277527;true;0.0035851484988781183;0;1;;"test0";7442;3611716
75;-1680138467;true;0.0035851484988781183;0;1;;"test0";7229;3611716
75;1485378038;true;0.0035854007793519123;0;1;;"test0";8415;3611716
75;617620798;true;0.0035854007793519123;0;1;;"test0";7604;3611716
75;932759556;true;0.0035903807733407653;0;1;;"test0";7921;3611716
75;-1081803213;true;0.0035903807733407653;0;1;;"test0";7352;3611716
75;-1631189898;true;0.0035903807733407653;0;1;;"test0";7755;3611716
75;-1456936987;true;0.0035994427202612617;0;1;;"test0";8225;3611716
75;2102486502;true;0.0035994427202612617;0;1;;"test0";8173;3611716
75;2082909688;true;0.003604899470297141;0;1;;"test0";7845;3611716
75;1293938767;true;0.0037726638165930795;0;1;;"test0";7781;3611716
75;2028177615;true;0.003796113882157877;0;1;;"test0";8201;3611716
75;-1233618862;true;0.003828486456213099;0;1;;"test0";8638;3611716
75;-1793628518;true;0.003828486456213099;0;1;;"test0";8046;3611716
75;663121986;true;0.003848063837628399;0;1;;"test0";7569;3611716
75;-283578010;true;0.003848063837628399;0;1;;"test0";7921;3611716
75;663121986;true;0.003848063837628399;0;1;;"test0";6807;3611716
75;-1538432440;true;0.003848063837628399;0;1;;"test0";7760;3611716
75;-449587339;true;0.003848063837628399;0;1;;"test0";7478;3611716
75;-713144496;true;0.00392741757443452;0;1;;"test0";8078;3611716
75;-982668548;true;0.00392741757443452;0;1;;"test0";7542;3611716
75;-1855304771;true;0.00392741757443452;0;1;;"test0";7499;3611716
75;-1871160780;true;0.00392741757443452;0;1;;"test0";7472;3611716
75;-1374673823;true;0.00392741757443452;0;1;;"test0";7708;3611716
75;1960028422;true;0.00392741757443452;0;1;;"test0";8076;3611716
75;-1013765574;true;0.00392741757443452;0;1;;"test0";7524;3611716
75;-1855304771;true;0.00392741757443452;0;1;;"test0";7052;3611716
75;1618346599;true;0.00392741757443452;0;1;;"test0";8136;3611716
75;1389068035;true;0.0039334772091913295;0;1;;"test0";7744;3611716
75;-768839354;true;0.0039334772091913295;0;1;;"test0";7357;3611716
75;-1159907387;true;0.003976110182310492;0;1;;"test0";7069;3611716
75;-923199661;true;0.003976110182310492;0;1;;"test0";7437;3611716
75;460052548;true;0.003976110182310492;0;1;;"test0";8472;3611716
75;-616419210;true;0.003981412244461138;0;1;;"test0";7832;3611716
75;681117611;true;0.003993932077870677;0;1;;"test0";8223;3611716
75;1044566643;true;0.004000321967775602;0;1;;"test0";2;3611716
75;687636718;true;0.004000321967775602;0;1;;"test0";1;3611716
76;-1912222785;false;-1;0;1;;"test0";NaN;3668663
76;1103568479;true;0.00286427732079906;0;1;;"test0";7093;3668663
76;-154062667;true;0.0034362505162158475;0;1;;"test0";7403;3668663
76;664595340;true;0.0034363772718541204;0;1;;"test0";7571;3668663
76;664595340;true;0.0034363772718541204;0;1;;"test0";7833;3668663
76;-195828672;true;0.003443103525273863;0;1;;"test0";7715;3668663
76;-1315611917;true;0.003446636520491078;0;1;;"test0";6300;3668663
76;83698592;true;0.0034471958873592027;0;1;;"test0";7661;3668663
76;-1319684162;true;0.0034471958873592027;0;1;;"test0";8023;3668663
76;-869965959;true;0.0034471958873592027;0;1;;"test0";7681;3668663
76;-1560523880;true;0.0035606381650637904;0;1;;"test0";7940;3668663
76;1242695509;true;0.003570614376372784;0;1;;"test0";8308;3668663
76;-420934725;true;0.003573759106305973;0;1;;"test0";7475;3668663
76;-493129966;true;0.0035748401723240176;0;1;;"test0";7458;3668663
76;840994604;true;0.0035748401723240176;0;1;;"test0";7783;3668663
76;831922276;true;0.0035770398347859406;0;1;;"test0";7572;3668663
76;-639355616;true;0.0035774120306526374;0;1;;"test0";6604;3668663
76;-1358109785;true;0.0035851484988781183;0;1;;"test0";6560;3668663
76;-1680138467;true;0.0035851484988781183;0;1;;"test0";8171;3668663
76;17855728;true;0.0035854007793519123;0;1;;"test0";7502;3668663
76;1485378038;true;0.0035854007793519123;0;1;;"test0";7959;3668663
76;-737619183;true;0.0035854007793519123;0;1;;"test0";8087;3668663
76;1305884628;true;0.0035903807733407653;0;1;;"test0";7217;3668663
76;1890313434;true;0.0035903807733407653;0;1;;"test0";6888;3668663
76;932759556;true;0.0035903807733407653;0;1;;"test0";8071;3668663
76;155916761;true;0.0035994427202612617;0;1;;"test0";8025;3668663
76;-1456936987;true;0.0035994427202612617;0;1;;"test0";7686;3668663
76;-330844476;true;0.0035994427202612617;0;1;;"test0";7922;3668663
76;2028177615;true;0.003796113882157877;0;1;;"test0";6837;3668663
76;2028177615;true;0.003796113882157877;0;1;;"test0";7040;3668663
76;476101404;true;0.0038095006537706834;0;1;;"test0";4579;3668663
76;-2102319798;true;0.003848063837628399;0;1;;"test0";8316;3668663
76;2116094299;true;0.003848063837628399;0;1;;"test0";8008;3668663
76;1615152940;true;0.0038870282335081445;0;1;;"test0";8140;3668663
76;-1772403249;true;0.0039334772091913295;0;1;;"test0";7482;3668663
76;-253350185;true;0.003976110182310492;0;1;;"test0";6347;3668663
76;-72458744;true;0.003976110182310492;0;1;;"test0";5739;3668663
76;-1175483004;true;0.003976110182310492;0;1;;"test0";6851;3668663
76;344896826;true;0.003981412244461138;0;1;;"test0";7073;3668663
76;-616419210;true;0.003981412244461138;0;1;;"test0";8496;3668663
76;421204873;true;0.003993932077870677;0;1;;"test0";8126;3668663
76;-473864866;true;0.003993932077870677;0;1;;"test0";7706;3668663
76;681117611;true;0.003993932077870677;0;1;;"test0";6722;3668663
76;-10359354;true;0.003993932077870677;0;1;;"test0";6963;3668663
76;687636718;true;0.004000321967775602;0;1;;"test0";7669;3668663
76;1465182240;true;0.004000321967775602;0;1;;"test0";7839;3668663
76;911361507;true;0.004000321967775602;0;1;;"test0";8083;3668663
76;1044566643;true;0.004000321967775602;0;1;;"test0";8124;3668663
77;1778540422;false;-1;0;1;;"test0";NaN;3725603
77;694064111;false;-1;0;1;;"test0";NaN;3725603
77;-195828672;false;-1;0;1;;"test0";NaN;3725603
77;-888791319;true;0.003003432494279176;0;1;;"test0";7003;3725603
77;655925193;true;0.003435067687341489;0;1;;"test0";6523;3725603
77;664595340;true;0.0034363772718541204;0;1;;"test0";7799;3725603
77;-1862973098;true;0.003436457982418949;0;1;;"test0";7756;3725603
77;2133044165;true;0.003442745136166407;0;1;;"test0";5964;3725603
77;-195828672;true;0.003443103525273863;0;1;;"test0";5821;3725603
77;-869965959;true;0.0034471958873592027;0;1;;"test0";5622;3725603
77;-713539712;true;0.0034471958873592027;0;1;;"test0";7767;3725603
77;-2013216214;true;0.0034471958873592027;0;1;;"test0";5568;3725603
77;-584095187;true;0.0034471958873592027;0;1;;"test0";7161;3725603
77;-622904113;true;0.0034484239923098276;0;1;;"test0";8656;3725603
77;1972977952;true;0.00345049114166193;0;1;;"test0";8167;3725603
77;-120660898;true;0.00345049114166193;0;1;;"test0";5932;3725603
77;822918889;true;0.00345049114166193;0;1;;"test0";6999;3725603
77;-1560523880;true;0.0035606381650637904;0;1;;"test0";6144;3725603
77;-2060604604;true;0.0035612059635601024;0;1;;"test0";7843;3725603
77;1392475538;true;0.003573759106305973;0;1;;"test0";7871;3725603
77;-856223507;true;0.003573759106305973;0;1;;"test0";8079;3725603
77;-420934725;true;0.003573759106305973;0;1;;"test0";5741;3725603
77;-420934725;true;0.003573759106305973;0;1;;"test0";7995;3725603
77;-651662448;true;0.003573759106305973;0;1;;"test0";7868;3725603
77;375836882;true;0.0035748401723240176;0;1;;"test0";8106;3725603
77;1362292467;true;0.0035778172824474292;0;1;;"test0";6880;3725603
77;1405681937;true;0.0035851484988781183;0;1;;"test0";6990;3725603
77;-385492824;true;0.0035851484988781183;0;1;;"test0";8107;3725603
77;1092828586;true;0.0035994427202612617;0;1;;"test0";5059;3725603
77;476101404;true;0.0038095006537706834;0;1;;"test0";6024;3725603
77;1200338117;true;0.0038095006537706834;0;1;;"test0";5345;3725603
77;-1629828209;true;0.0038492482479754488;0;1;;"test0";7712;3725603
77;1615152940;true;0.0038870282335081445;0;1;;"test0";7839;3725603
77;1519834809;true;0.0038870282335081445;0;1;;"test0";7884;3725603
77;-1404540733;true;0.003976110182310492;0;1;;"test0";8619;3725603
77;-616419210;true;0.003981412244461138;0;1;;"test0";6324;3725603
77;-616419210;true;0.003981412244461138;0;1;;"test0";8430;3725603
77;-326666589;true;0.003981412244461138;0;1;;"test0";6391;3725603
77;344896826;true;0.003981412244461138;0;1;;"test0";7117;3725603
77;-616419210;true;0.003981412244461138;0;1;;"test0";6008;3725603
77;421204873;true;0.003993932077870677;0;1;;"test0";5949;3725603
77;-10359354;true;0.003993932077870677;0;1;;"test0";7859;3725603
77;438943525;true;0.003993932077870677;0;1;;"test0";4966;3725603
77;911361507;true;0.004000321967775602;0;1;;"test0";7371;3725603
77;1044566643;true;0.004000321967775602;0;1;;"test0";1;3725603
77;660123666;true;0.004000321967775602;0;1;;"test0";7054;3725603
77;911361507;true;0.004000321967775602;0;1;;"test0";8267;3725603
77;1465182240;true;0.004000321967775602;0;1;;"test0";6914;3725603
77;1650204706;true;0.004000321967775602;0;1;;"test0";5399;3725603
78;-90679335;true;0.00286427732079906;0;1;;"test0";7899;3774487
78;-1063057227;true;0.00286427732079906;0;1;;"test0";7388;3774487
78;1500577023;true;0.003442745136166407;0;1;;"test0";7827;3774487
78;-137792495;true;0.003443041114540441;0;1;;"test0";7625;3774487
78;-717971553;true;0.0035606381650637904;0;1;;"test0";8236;3774487
78;-1560523880;true;0.0035606381650637904;0;1;;"test0";8014;3774487
78;34206445;true;0.0035606381650637904;0;1;;"test0";7835;3774487
78;-2060604604;true;0.0035612059635601024;0;1;;"test0";7917;3774487
78;868683085;true;0.0035670442105357274;0;1;;"test0";8442;3774487
78;-420934725;true;0.003573759106305973;0;1;;"test0";7840;3774487
78;-420934725;true;0.003573759106305973;0;1;;"test0";7864;3774487
78;2073638528;true;0.0035748401723240176;0;1;;"test0";7731;3774487
78;375836882;true;0.0035748401723240176;0;1;;"test0";7064;3774487
78;654583231;true;0.0035748401723240176;0;1;;"test0";8176;3774487
78;375836882;true;0.0035748401723240176;0;1;;"test0";8419;3774487
78;-1044255673;true;0.0035774120306526374;0;1;;"test0";8114;3774487
78;-1993185979;true;0.0035851484988781183;0;1;;"test0";7871;3774487
78;-731478756;true;0.0035851484988781183;0;1;;"test0";8186;3774487
78;-1729253298;true;0.0035851484988781183;0;1;;"test0";6957;3774487
78;1092828586;true;0.0035994427202612617;0;1;;"test0";7845;3774487
78;1092828586;true;0.0035994427202612617;0;1;;"test0";7925;3774487
78;-1414667159;true;0.0035994427202612617;0;1;;"test0";7323;3774487
78;-364312456;true;0.0035994427202612617;0;1;;"test0";7124;3774487
78;1092828586;true;0.0035994427202612617;0;1;;"test0";7878;3774487
78;955538581;true;0.0035994427202612617;0;1;;"test0";6928;3774487
78;-878338128;true;0.003796113882157877;0;1;;"test0";7462;3774487
78;1200338117;true;0.0038095006537706834;0;1;;"test0";7427;3774487
78;1322610448;true;0.0038095006537706834;0;1;;"test0";8297;3774487
78;-108903803;true;0.0038231608236157094;0;1;;"test0";7431;3774487
78;-877860274;true;0.003828486456213099;0;1;;"test0";7717;3774487
78;-1541629621;true;0.0038492482479754488;0;1;;"test0";7828;3774487
78;349403215;true;0.0038492482479754488;0;1;;"test0";8253;3774487
78;-1629828209;true;0.0038492482479754488;0;1;;"test0";8202;3774487
78;-2136882915;true;0.0038492482479754488;0;1;;"test0";7998;3774487
78;1519834809;true;0.0038870282335081445;0;1;;"test0";7716;3774487
78;1732609262;true;0.0039089335808415076;0;1;;"test0";8437;3774487
78;-1404540733;true;0.003976110182310492;0;1;;"test0";8581;3774487
78;-984561523;true;0.003976110182310492;0;1;;"test0";7671;3774487
78;-1404540733;true;0.003976110182310492;0;1;;"test0";8816;3774487
78;-326666589;true;0.003981412244461138;0;1;;"test0";8297;3774487
78;-616419210;true;0.003981412244461138;0;1;;"test0";8027;3774487
78;510995765;true;0.003981412244461138;0;1;;"test0";7607;3774487
78;-326666589;true;0.003981412244461138;0;1;;"test0";7634;3774487
78;-616419210;true;0.003981412244461138;0;1;;"test0";7849;3774487
78;347217644;true;0.003993932077870677;0;1;;"test0";8129;3774487
78;-1553659000;true;0.004000321967775602;0;1;;"test0";7160;3774487
78;1650204706;true;0.004000321967775602;0;1;;"test0";1;3774487
78;-1445629658;true;0.004000321967775602;0;1;;"test0";8292;3774487
78;1465182240;true;0.004000321967775602;0;1;;"test0";2;3774487
78;-1342402074;true;0.004000321967775602;0;1;;"test0";7801;3774487
79;-1925319535;true;0.00286427732079906;0;1;;"test0";8528;3823187
79;-1289840918;true;0.00286427732079906;0;1;;"test0";8525;3823187
79;606752499;true;0.003443041114540441;0;1;;"test0";7794;3823187
79;-1725786163;true;0.0035612059635601024;0;1;;"test0";6845;3823187
79;-775004439;true;0.003566829652975918;0;1;;"test0";7564;3823187
79;745164166;true;0.0035736012535799973;0;1;;"test0";7491;3823187
79;-420934725;true;0.003573759106305973;0;1;;"test0";6156;3823187
79;-420934725;true;0.003573759106305973;0;1;;"test0";7904;3823187
79;-420934725;true;0.003573759106305973;0;1;;"test0";7790;3823187
79;1142463057;true;0.0035748401723240176;0;1;;"test0";8573;3823187
79;-536166357;true;0.0035851484988781183;0;1;;"test0";8130;3823187
79;1480148757;true;0.0035851484988781183;0;1;;"test0";6796;3823187
79;1448081430;true;0.0035967646529668842;0;1;;"test0";8379;3823187
79;-1678774060;true;0.0035994427202612617;0;1;;"test0";8454;3823187
79;1827374060;true;0.0035994427202612617;0;1;;"test0";6602;3823187
79;-1069705189;true;0.0035994427202612617;0;1;;"test0";7989;3823187
79;-2066266123;true;0.003796113882157877;0;1;;"test0";8471;3823187
79;1698295680;true;0.003796113882157877;0;1;;"test0";7910;3823187
79;522260695;true;0.003796113882157877;0;1;;"test0";6282;3823187
79;-878338128;true;0.003796113882157877;0;1;;"test0";6889;3823187
79;-108903803;true;0.0038231608236157094;0;1;;"test0";6770;3823187
79;-108903803;true;0.0038231608236157094;0;1;;"test0";7081;3823187
79;-961314792;true;0.003828486456213099;0;1;;"test0";7506;3823187
79;-487442372;true;0.0038492482479754488;0;1;;"test0";8087;3823187
79;2127870624;true;0.0038492482479754488;0;1;;"test0";8229;3823187
79;-1683901212;true;0.0038870282335081445;0;1;;"test0";7325;3823187
79;1519834809;true;0.0038870282335081445;0;1;;"test0";7836;3823187
79;1519834809;true;0.0038870282335081445;0;1;;"test0";7475;3823187
79;1639622486;true;0.0038870282335081445;0;1;;"test0";8014;3823187
79;-1102627656;true;0.003889272220475405;0;1;;"test0";7625;3823187
79;1668546486;true;0.0039089335808415076;0;1;;"test0";8416;3823187
79;-1100851651;true;0.0039089335808415076;0;1;;"test0";7745;3823187
79;1732609262;true;0.0039089335808415076;0;1;;"test0";8531;3823187
79;478749269;true;0.0039089335808415076;0;1;;"test0";7733;3823187
79;50880324;true;0.003971264222600891;0;1;;"test0";7074;3823187
79;-1404540733;true;0.003976110182310492;0;1;;"test0";8222;3823187
79;-1404540733;true;0.003976110182310492;0;1;;"test0";8087;3823187
79;510995765;true;0.003981412244461138;0;1;;"test0";7539;3823187
79;709523143;true;0.003981412244461138;0;1;;"test0";8528;3823187
79;-616419210;true;0.003981412244461138;0;1;;"test0";7947;3823187
79;-616419210;true;0.003981412244461138;0;1;;"test0";8119;3823187
79;-44273488;true;0.003981412244461138;0;1;;"test0";6777;3823187
79;548685984;true;0.003981412244461138;0;1;;"test0";8409;3823187
79;-1032302352;true;0.003981412244461138;0;1;;"test0";7882;3823187
79;-322406598;true;0.003993932077870677;0;1;;"test0";8022;3823187
79;1465182240;true;0.004000321967775602;0;1;;"test0";6712;3823187
79;-1443861664;true;0.004000321967775602;0;1;;"test0";6953;3823187
79;-710118827;true;0.004000321967775602;0;1;;"test0";7156;3823187
79;-1342402074;true;0.004000321967775602;0;1;;"test0";1;3823187
80;-108903803;false;-1;0;1;;"test0";NaN;3885849
80;1226959752;true;0.00286427732079906;0;1;;"test0";8443;3885849
80;176003893;true;0.00286427732079906;0;1;;"test0";9100;3885849
80;181330033;true;0.0035612059635601024;0;1;;"test0";7640;3885849
80;-1595259849;true;0.0035736012535799973;0;1;;"test0";8142;3885849
80;1718449729;true;0.0035736012535799973;0;1;;"test0";8356;3885849
80;436185477;true;0.0035748401723240176;0;1;;"test0";6960;3885849
80;-536166357;true;0.0035851484988781183;0;1;;"test0";6955;3885849
80;1094220481;true;0.0035851484988781183;0;1;;"test0";7211;3885849
80;1448081430;true;0.0035967646529668842;0;1;;"test0";6832;3885849
80;965956289;true;0.0035968165749268245;0;1;;"test0";6558;3885849
80;-1069705189;true;0.0035994427202612617;0;1;;"test0";7917;3885849
80;1328790754;true;0.0035994427202612617;0;1;;"test0";7918;3885849
80;-143341244;true;0.0035994427202612617;0;1;;"test0";8445;3885849
80;-1918384674;true;0.003619337532721278;0;1;;"test0";7593;3885849
80;847734975;true;0.003796113882157877;0;1;;"test0";8443;3885849
80;-1402712031;true;0.0038231608236157094;0;1;;"test0";7775;3885849
80;-961314792;true;0.003828486456213099;0;1;;"test0";9391;3885849
80;104873394;true;0.003828486456213099;0;1;;"test0";7031;3885849
80;-213145808;true;0.003828486456213099;0;1;;"test0";7574;3885849
80;-487442372;true;0.0038492482479754488;0;1;;"test0";7485;3885849
80;-486779455;true;0.0038492482479754488;0;1;;"test0";7964;3885849
80;-487442372;true;0.0038492482479754488;0;1;;"test0";7826;3885849
80;1505645994;true;0.0038492482479754488;0;1;;"test0";7452;3885849
80;1639622486;true;0.0038870282335081445;0;1;;"test0";7920;3885849
80;1562065865;true;0.003889272220475405;0;1;;"test0";7883;3885849
80;1689583172;true;0.003889272220475405;0;1;;"test0";8093;3885849
80;-380409665;true;0.0039089335808415076;0;1;;"test0";8277;3885849
80;478749269;true;0.0039089335808415076;0;1;;"test0";8358;3885849
80;-748374658;true;0.0039089335808415076;0;1;;"test0";8317;3885849
80;-942606783;true;0.0039089335808415076;0;1;;"test0";8241;3885849
80;1333675953;true;0.0039089335808415076;0;1;;"test0";7737;3885849
80;1668546486;true;0.0039089335808415076;0;1;;"test0";7712;3885849
80;-1942637518;true;0.00397048244430874;0;1;;"test0";8026;3885849
80;-294327726;true;0.003971264222600891;0;1;;"test0";6401;3885849
80;765355626;true;0.003971264222600891;0;1;;"test0";6792;3885849
80;-1804609375;true;0.003971264222600891;0;1;;"test0";7281;3885849
80;-396418863;true;0.003976110182310492;0;1;;"test0";7920;3885849
80;-1404540733;true;0.003976110182310492;0;1;;"test0";6560;3885849
80;676892760;true;0.003981412244461138;0;1;;"test0";8630;3885849
80;-688958117;true;0.003981412244461138;0;1;;"test0";6448;3885849
80;-1911118613;true;0.003981412244461138;0;1;;"test0";8365;3885849
80;-616419210;true;0.003981412244461138;0;1;;"test0";8315;3885849
80;-447811662;true;0.003981412244461138;0;1;;"test0";8030;3885849
80;510995765;true;0.003981412244461138;0;1;;"test0";7775;3885849
80;510995765;true;0.003981412244461138;0;1;;"test0";7516;3885849
80;-1917652396;true;0.003981412244461138;0;1;;"test0";8377;3885849
80;-710118827;true;0.004000321967775602;0;1;;"test0";2;3885849
80;-1342402074;true;0.004000321967775602;0;1;;"test0";4;3885849
80;-1443861664;true;0.004000321967775602;0;1;;"test0";6989;3885849
81;-1906775382;true;0.00286427732079906;0;1;;"test0";7708;3935532
81;-459991644;true;0.00286427732079906;0;1;;"test0";7662;3935532
81;1905999083;true;0.00286427732079906;0;1;;"test0";7407;3935532
81;-1666057737;true;0.00286427732079906;0;1;;"test0";8122;3935532
81;1091265586;true;0.0035612059635601024;0;1;;"test0";7954;3935532
81;181330033;true;0.0035612059635601024;0;1;;"test0";8188;3935532
81;-1376144066;true;0.0035733377669226805;0;1;;"test0";7548;3935532
81;380688177;true;0.0035830718175041986;0;1;;"test0";7706;3935532
81;-961027426;true;0.0035902104790816853;0;1;;"test0";7861;3935532
81;965956289;true;0.0035968165749268245;0;1;;"test0";8220;3935532
81;-1069705189;true;0.0035994427202612617;0;1;;"test0";8728;3935532
81;1271872839;true;0.0035994427202612617;0;1;;"test0";7957;3935532
81;-69849236;true;0.003796113882157877;0;1;;"test0";8411;3935532
81;-1815866866;true;0.003796113882157877;0;1;;"test0";7658;3935532
81;-1402712031;true;0.0038231608236157094;0;1;;"test0";8102;3935532
81;1638642044;true;0.0038231608236157094;0;1;;"test0";7468;3935532
81;2012874782;true;0.0038231608236157094;0;1;;"test0";7811;3935532
81;-2035830323;true;0.003828486456213099;0;1;;"test0";8148;3935532
81;-2077486659;true;0.003833476968783858;0;1;;"test0";8182;3935532
81;-1878410775;true;0.0038492482479754488;0;1;;"test0";8023;3935532
81;1505645994;true;0.0038492482479754488;0;1;;"test0";7943;3935532
81;-1416661454;true;0.0038492482479754488;0;1;;"test0";7979;3935532
81;1505645994;true;0.0038492482479754488;0;1;;"test0";8023;3935532
81;1639622486;true;0.0038870282335081445;0;1;;"test0";7827;3935532
81;-1144972223;true;0.0038870282335081445;0;1;;"test0";8164;3935532
81;-1683147;true;0.0038870282335081445;0;1;;"test0";7956;3935532
81;1639622486;true;0.0038870282335081445;0;1;;"test0";8331;3935532
81;-1974493942;true;0.0038870282335081445;0;1;;"test0";8307;3935532
81;1639622486;true;0.0038870282335081445;0;1;;"test0";8218;3935532
81;1562065865;true;0.003889272220475405;0;1;;"test0";8274;3935532
81;1088427110;true;0.003889272220475405;0;1;;"test0";7999;3935532
81;2084741423;true;0.0039089335808415076;0;1;;"test0";7357;3935532
81;-1384827912;true;0.0039089335808415076;0;1;;"test0";7808;3935532
81;1639732728;true;0.0039089335808415076;0;1;;"test0";8318;3935532
81;357467973;true;0.0039089335808415076;0;1;;"test0";8220;3935532
81;1806199190;true;0.0039089335808415076;0;1;;"test0";8023;3935532
81;-555408399;true;0.0039089335808415076;0;1;;"test0";7599;3935532
81;-294327726;true;0.003971264222600891;0;1;;"test0";7623;3935532
81;-166434499;true;0.003971264222600891;0;1;;"test0";7889;3935532
81;-273336655;true;0.00397508597276459;0;1;;"test0";7376;3935532
81;1448919032;true;0.003976110182310492;0;1;;"test0";8260;3935532
81;1998809606;true;0.003976110182310492;0;1;;"test0";8015;3935532
81;-1404540733;true;0.003976110182310492;0;1;;"test0";7977;3935532
81;-396418863;true;0.003976110182310492;0;1;;"test0";6843;3935532
81;510995765;true;0.003981412244461138;0;1;;"test0";7762;3935532
81;510995765;true;0.003981412244461138;0;1;;"test0";7703;3935532
81;-1342402074;true;0.004000321967775602;0;1;;"test0";2;3935532
81;-2020641686;true;0.004000321967775602;0;1;;"test0";7544;3935532
81;-1467645475;true;0.004000321967775602;0;1;;"test0";7515;3935532
81;-1443861664;true;0.004000321967775602;0;1;;"test0";1;3935532
82;1089143876;true;0.00286427732079906;0;1;;"test0";7913;3984074
82;1658964413;true;0.003003432494279176;0;1;;"test0";6031;3984074
82;-1411440682;true;0.003441278788047559;0;1;;"test0";8254;3984074
82;38634148;true;0.0034523666030999104;0;1;;"test0";7017;3984074
82;1865667119;true;0.0035736667481127697;0;1;;"test0";7865;3984074
82;1277028056;true;0.0035770398347859406;0;1;;"test0";6573;3984074
82;-162213855;true;0.0035830718175041986;0;1;;"test0";8438;3984074
82;37014557;true;0.0035830718175041986;0;1;;"test0";7502;3984074
82;108037677;true;0.0035835525156198895;0;1;;"test0";6298;3984074
82;714225640;true;0.0035851484988781183;0;1;;"test0";7902;3984074
82;-961027426;true;0.0035902104790816853;0;1;;"test0";8252;3984074
82;1572467324;true;0.0035902104790816853;0;1;;"test0";7855;3984074
82;1851493710;true;0.0035968165749268245;0;1;;"test0";8071;3984074
82;-1435415102;true;0.0035968165749268245;0;1;;"test0";8034;3984074
82;1612763895;true;0.0035994427202612617;0;1;;"test0";8340;3984074
82;-702468413;true;0.0035994427202612617;0;1;;"test0";6904;3984074
82;-2092428000;true;0.0035994427202612617;0;1;;"test0";6984;3984074
82;1209660416;true;0.003828486456213099;0;1;;"test0";9365;3984074
82;1141604351;true;0.003833476968783858;0;1;;"test0";7997;3984074
82;-2077486659;true;0.003833476968783858;0;1;;"test0";8733;3984074
82;1797225646;true;0.0038870282335081445;0;1;;"test0";7648;3984074
82;1406410843;true;0.0038870282335081445;0;1;;"test0";8255;3984074
82;498637899;true;0.003889272220475405;0;1;;"test0";6562;3984074
82;1562065865;true;0.003889272220475405;0;1;;"test0";8063;3984074
82;23447820;true;0.003889272220475405;0;1;;"test0";7663;3984074
82;1172706625;true;0.003889272220475405;0;1;;"test0";7441;3984074
82;1088427110;true;0.003889272220475405;0;1;;"test0";7518;3984074
82;2084741423;true;0.0039089335808415076;0;1;;"test0";6865;3984074
82;1639732728;true;0.0039089335808415076;0;1;;"test0";7958;3984074
82;-610965918;true;0.0039089335808415076;0;1;;"test0";7453;3984074
82;-1559257280;true;0.0039118908613430545;0;1;;"test0";7837;3984074
82;-273336655;true;0.00397508597276459;0;1;;"test0";8075;3984074
82;-2103444938;true;0.00397508597276459;0;1;;"test0";7813;3984074
82;-1902157854;true;0.00397508597276459;0;1;;"test0";6727;3984074
82;1324425156;true;0.00397508597276459;0;1;;"test0";7588;3984074
82;-273336655;true;0.00397508597276459;0;1;;"test0";7420;3984074
82;-1227847672;true;0.003976110182310492;0;1;;"test0";7055;3984074
82;59733355;true;0.003976110182310492;0;1;;"test0";8516;3984074
82;655990790;true;0.003976110182310492;0;1;;"test0";6808;3984074
82;-206321436;true;0.003981412244461138;0;1;;"test0";7757;3984074
82;510995765;true;0.003981412244461138;0;1;;"test0";8023;3984074
82;510995765;true;0.003981412244461138;0;1;;"test0";7443;3984074
82;510995765;true;0.003981412244461138;0;1;;"test0";7756;3984074
82;222283129;true;0.003981412244461138;0;1;;"test0";8252;3984074
82;100440427;true;0.004000321967775602;0;1;;"test0";7919;3984074
82;-1443861664;true;0.004000321967775602;0;1;;"test0";7545;3984074
82;-1467645475;true;0.004000321967775602;0;1;;"test0";7037;3984074
82;1183360807;true;0.004000321967775602;0;1;;"test0";7370;3984074
83;-750179452;false;-1;0;1;;"test0";NaN;4038140
83;-1831051828;true;0.00286427732079906;0;1;;"test0";7114;4038140
83;784330204;true;0.00286427732079906;0;1;;"test0";7641;4038140
83;-2065551647;true;0.0034523666030999104;0;1;;"test0";7156;4038140
83;-1250309801;true;0.0035770398347859406;0;1;;"test0";4772;4038140
83;-647092671;true;0.0035770398347859406;0;1;;"test0";7319;4038140
83;-654941633;true;0.0035770398347859406;0;1;;"test0";7842;4038140
83;584448436;true;0.0035770398347859406;0;1;;"test0";7840;4038140
83;2140521504;true;0.0035830718175041986;0;1;;"test0";7726;4038140
83;1430330137;true;0.0035830718175041986;0;1;;"test0";8229;4038140
83;859359714;true;0.0035830718175041986;0;1;;"test0";7647;4038140
83;1272083239;true;0.0035830718175041986;0;1;;"test0";7908;4038140
83;-1264132988;true;0.0035902104790816853;0;1;;"test0";7887;4038140
83;1572467324;true;0.0035902104790816853;0;1;;"test0";7886;4038140
83;-961027426;true;0.0035902104790816853;0;1;;"test0";6970;4038140
83;138308848;true;0.0035994427202612617;0;1;;"test0";6798;4038140
83;-1332003114;true;0.0035994427202612617;0;1;;"test0";7594;4038140
83;-1438266258;true;0.0035994427202612617;0;1;;"test0";6961;4038140
83;152870372;true;0.003796113882157877;0;1;;"test0";8183;4038140
83;1141604351;true;0.003833476968783858;0;1;;"test0";7611;4038140
83;-1261014223;true;0.003833476968783858;0;1;;"test0";6790;4038140
83;1447769890;true;0.003833476968783858;0;1;;"test0";7001;4038140
83;10298182;true;0.003848063837628399;0;1;;"test0";4899;4038140
83;1797225646;true;0.0038870282335081445;0;1;;"test0";8520;4038140
83;843584717;true;0.0038870282335081445;0;1;;"test0";7709;4038140
83;1797225646;true;0.0038870282335081445;0;1;;"test0";6962;4038140
83;921892795;true;0.0038870282335081445;0;1;;"test0";8061;4038140
83;-824656928;true;0.0038870282335081445;0;1;;"test0";7009;4038140
83;1007065543;true;0.003889272220475405;0;1;;"test0";6548;4038140
83;1172706625;true;0.003889272220475405;0;1;;"test0";6959;4038140
83;714426753;true;0.0039089335808415076;0;1;;"test0";7736;4038140
83;348839024;true;0.0039089335808415076;0;1;;"test0";7814;4038140
83;-892882421;true;0.0039089335808415076;0;1;;"test0";7177;4038140
83;-1123281274;true;0.0039089335808415076;0;1;;"test0";8005;4038140
83;-569802568;true;0.0039089335808415076;0;1;;"test0";7237;4038140
83;-1559257280;true;0.0039118908613430545;0;1;;"test0";7510;4038140
83;-1902157854;true;0.00397508597276459;0;1;;"test0";7487;4038140
83;-2118777934;true;0.003976110182310492;0;1;;"test0";8171;4038140
83;-1227847672;true;0.003976110182310492;0;1;;"test0";7746;4038140
83;-1732913917;true;0.003981412244461138;0;1;;"test0";7753;4038140
83;1666195667;true;0.003981412244461138;0;1;;"test0";6844;4038140
83;-585256100;true;0.003981412244461138;0;1;;"test0";7712;4038140
83;510995765;true;0.003981412244461138;0;1;;"test0";8079;4038140
83;-316342875;true;0.004000321967775602;0;1;;"test0";7419;4038140
83;1917203998;true;0.004000321967775602;0;1;;"test0";8104;4038140
83;-1467645475;true;0.004000321967775602;0;1;;"test0";6966;4038140
83;-1876205889;true;0.004000321967775602;0;1;;"test0";7180;4038140
83;1183360807;true;0.004000321967775602;0;1;;"test0";2;4038140
83;1906434708;true;0.004001587392349194;0;1;;"test0";7674;4038140
84;745614984;false;-1;0;1;;"test0";NaN;4096624
84;-546156165;true;0.0035753273099229823;0;1;;"test0";6776;4096624
84;901127949;true;0.0035753273099229823;0;1;;"test0";8182;4096624
84;-712805761;true;0.0035830718175041986;0;1;;"test0";8024;4096624
84;23050940;true;0.0035994427202612617;0;1;;"test0";7752;4096624
84;-1088184170;true;0.003796113882157877;0;1;;"test0";5649;4096624
84;-2037089912;true;0.003796113882157877;0;1;;"test0";7778;4096624
84;152870372;true;0.003796113882157877;0;1;;"test0";7901;4096624
84;1869537102;true;0.003796113882157877;0;1;;"test0";6501;4096624
84;1712764512;true;0.003796113882157877;0;1;;"test0";7803;4096624
84;-194601170;true;0.003796113882157877;0;1;;"test0";7910;4096624
84;-1983625343;true;0.003833476968783858;0;1;;"test0";6147;4096624
84;-1261014223;true;0.003833476968783858;0;1;;"test0";6487;4096624
84;-824656928;true;0.0038870282335081445;0;1;;"test0";7392;4096624
84;-1659195652;true;0.0038870282335081445;0;1;;"test0";7324;4096624
84;-1741018053;true;0.0038870282335081445;0;1;;"test0";8063;4096624
84;409427931;true;0.003889272220475405;0;1;;"test0";7905;4096624
84;1172706625;true;0.003889272220475405;0;1;;"test0";7564;4096624
84;-1459887561;true;0.003889272220475405;0;1;;"test0";8133;4096624
84;-1850969924;true;0.0039089335808415076;0;1;;"test0";7632;4096624
84;-1152729754;true;0.0039089335808415076;0;1;;"test0";6471;4096624
84;-892882421;true;0.0039089335808415076;0;1;;"test0";6382;4096624
84;348839024;true;0.0039089335808415076;0;1;;"test0";8016;4096624
84;1774147886;true;0.0039089335808415076;0;1;;"test0";7965;4096624
84;-569802568;true;0.0039089335808415076;0;1;;"test0";8042;4096624
84;74451112;true;0.0039089335808415076;0;1;;"test0";7958;4096624
84;1994331240;true;0.0039118908613430545;0;1;;"test0";7908;4096624
84;-689019796;true;0.00397508597276459;0;1;;"test0";8093;4096624
84;-1902157854;true;0.00397508597276459;0;1;;"test0";8067;4096624
84;897458558;true;0.00397508597276459;0;1;;"test0";7742;4096624
84;-1155725172;true;0.00397508597276459;0;1;;"test0";8108;4096624
84;-1227847672;true;0.003976110182310492;0;1;;"test0";8002;4096624
84;555402681;true;0.003976110182310492;0;1;;"test0";8611;4096624
84;1126213806;true;0.003981412244461138;0;1;;"test0";7584;4096624
84;1666195667;true;0.003981412244461138;0;1;;"test0";8160;4096624
84;-462807567;true;0.003981412244461138;0;1;;"test0";8054;4096624
84;1828106777;true;0.003981412244461138;0;1;;"test0";8093;4096624
84;-2086000677;true;0.003981412244461138;0;1;;"test0";8105;4096624
84;510995765;true;0.003981412244461138;0;1;;"test0";6296;4096624
84;-1876205889;true;0.004000321967775602;0;1;;"test0";6063;4096624
84;1183360807;true;0.004000321967775602;0;1;;"test0";2;4096624
84;-1467645475;true;0.004000321967775602;0;1;;"test0";7089;4096624
84;-275435345;true;0.004001587392349194;0;1;;"test0";8229;4096624
84;1906434708;true;0.004001587392349194;0;1;;"test0";7041;4096624
84;1281645841;true;0.004001587392349194;0;1;;"test0";7757;4096624
84;1906434708;true;0.004001587392349194;0;1;;"test0";6433;4096624
84;-2015351949;true;0.004001587392349194;0;1;;"test0";7452;4096624
84;149301304;true;0.004001587392349194;0;1;;"test0";6716;4096624
84;1542707902;true;0.004001587392349194;0;1;;"test0";7749;4096624
85;-1227847672;false;-1;0;1;;"test0";NaN;4161776
85;577940298;true;0.00286427732079906;0;1;;"test0";7687;4161776
85;-2075382662;true;0.00286427732079906;0;1;;"test0";8425;4161776
85;-1017425462;true;0.0034431010373942666;0;1;;"test0";6345;4161776
85;-58710779;true;0.0034467989845210164;0;1;;"test0";8050;4161776
85;-2103942062;true;0.0034546784230894746;0;1;;"test0";7571;4161776
85;-1029672912;true;0.0035699141785727547;0;1;;"test0";7418;4161776
85;-671414221;true;0.003575247464352792;0;1;;"test0";7875;4161776
85;670774939;true;0.003575247464352792;0;1;;"test0";8241;4161776
85;-1600544668;true;0.0035753273099229823;0;1;;"test0";7342;4161776
85;-841414611;true;0.0035753273099229823;0;1;;"test0";7782;4161776
85;826004407;true;0.003579417503448469;0;1;;"test0";7982;4161776
85;78801410;true;0.0035827788196043015;0;1;;"test0";7403;4161776
85;-1925735907;true;0.0035830718175041986;0;1;;"test0";8434;4161776
85;-712805761;true;0.0035830718175041986;0;1;;"test0";7356;4161776
85;-1954016928;true;0.0035830718175041986;0;1;;"test0";6839;4161776
85;-712805761;true;0.0035830718175041986;0;1;;"test0";6644;4161776
85;23050940;true;0.0035994427202612617;0;1;;"test0";7700;4161776
85;606424040;true;0.0035994427202612617;0;1;;"test0";8094;4161776
85;559976182;true;0.0035994427202612617;0;1;;"test0";7943;4161776
85;23050940;true;0.0035994427202612617;0;1;;"test0";7233;4161776
85;-102027957;true;0.003833476968783858;0;1;;"test0";8152;4161776
85;-946932671;true;0.003833476968783858;0;1;;"test0";6407;4161776
85;-1823814160;true;0.003886592346508793;0;1;;"test0";7574;4161776
85;-2050050925;true;0.0038870282335081445;0;1;;"test0";7731;4161776
85;409427931;true;0.003889272220475405;0;1;;"test0";7847;4161776
85;-1761709630;true;0.0039089335808415076;0;1;;"test0";7981;4161776
85;1770879452;true;0.0039089335808415076;0;1;;"test0";7945;4161776
85;-588724826;true;0.00395887731174927;0;1;;"test0";7088;4161776
85;1142484913;true;0.00397508597276459;0;1;;"test0";6990;4161776
85;1195788138;true;0.00397508597276459;0;1;;"test0";7496;4161776
85;-1104530728;true;0.00397508597276459;0;1;;"test0";7529;4161776
85;210259143;true;0.003976110182310492;0;1;;"test0";7780;4161776
85;-1227847672;true;0.003976110182310492;0;1;;"test0";7121;4161776
85;-1089699520;true;0.003976110182310492;0;1;;"test0";8197;4161776
85;-1227847672;true;0.003976110182310492;0;1;;"test0";8240;4161776
85;574851498;true;0.003976110182310492;0;1;;"test0";8274;4161776
85;-666746139;true;0.003981412244461138;0;1;;"test0";8435;4161776
85;-1467645475;true;0.004000321967775602;0;1;;"test0";6878;4161776
85;-839439528;true;0.004000321967775602;0;1;;"test0";7968;4161776
85;-1204547651;true;0.004000321967775602;0;1;;"test0";7684;4161776
85;1664349426;true;0.004000321967775602;0;1;;"test0";8238;4161776
85;-1876205889;true;0.004000321967775602;0;1;;"test0";7961;4161776
85;1183360807;true;0.004000321967775602;0;1;;"test0";7531;4161776
85;-1467645475;true;0.004000321967775602;0;1;;"test0";7505;4161776
85;-1374569949;true;0.004000321967775602;0;1;;"test0";7961;4161776
85;-2015351949;true;0.004001587392349194;0;1;;"test0";8143;4161776
85;1542707902;true;0.004001587392349194;0;1;;"test0";3;4161776
85;-2015351949;true;0.004001587392349194;0;1;;"test0";7637;4161776
85;149301304;true;0.004001587392349194;0;1;;"test0";2;4161776
86;-641339165;true;0.003003432494279176;0;1;;"test0";7498;4211930
86;264977445;true;0.0034431010373942666;0;1;;"test0";8156;4211930
86;-1530795267;true;0.0034431010373942666;0;1;;"test0";7203;4211930
86;-1204037088;true;0.0034523666030999104;0;1;;"test0";8259;4211930
86;-1305315281;true;0.0034546784230894746;0;1;;"test0";6739;4211930
86;-916927196;true;0.003575247464352792;0;1;;"test0";7698;4211930
86;1017250064;true;0.003575247464352792;0;1;;"test0";7781;4211930
86;1410760972;true;0.0035753273099229823;0;1;;"test0";8276;4211930
86;1891028170;true;0.0035753273099229823;0;1;;"test0";8105;4211930
86;-2037573486;true;0.0035830718175041986;0;1;;"test0";7969;4211930
86;252551564;true;0.0035830718175041986;0;1;;"test0";9086;4211930
86;1507504576;true;0.0035830718175041986;0;1;;"test0";8101;4211930
86;23050940;true;0.0035994427202612617;0;1;;"test0";7933;4211930
86;559976182;true;0.0035994427202612617;0;1;;"test0";7796;4211930
86;23050940;true;0.0035994427202612617;0;1;;"test0";8310;4211930
86;-865865163;true;0.0035994427202612617;0;1;;"test0";7846;4211930
86;968097180;true;0.0035994427202612617;0;1;;"test0";9050;4211930
86;559976182;true;0.0035994427202612617;0;1;;"test0";7557;4211930
86;640139174;true;0.0035994427202612617;0;1;;"test0";7902;4211930
86;221552112;true;0.0035994427202612617;0;1;;"test0";8049;4211930
86;559976182;true;0.0035994427202612617;0;1;;"test0";8369;4211930
86;-108620705;true;0.0035994427202612617;0;1;;"test0";8322;4211930
86;-1007853743;true;0.003796113882157877;0;1;;"test0";7604;4211930
86;-18307437;true;0.003796113882157877;0;1;;"test0";7644;4211930
86;-1190473611;true;0.0038092274555293227;0;1;;"test0";8305;4211930
86;-608122231;true;0.0038095006537706834;0;1;;"test0";8117;4211930
86;206641883;true;0.003833476968783858;0;1;;"test0";7710;4211930
86;1393198274;true;0.003833476968783858;0;1;;"test0";7836;4211930
86;2085574973;true;0.003886592346508793;0;1;;"test0";8212;4211930
86;1112735058;true;0.003886592346508793;0;1;;"test0";7688;4211930
86;-1823814160;true;0.003886592346508793;0;1;;"test0";7596;4211930
86;-1823814160;true;0.003886592346508793;0;1;;"test0";7376;4211930
86;1624096253;true;0.0038870282335081445;0;1;;"test0";7902;4211930
86;-1764952142;true;0.0038870282335081445;0;1;;"test0";7847;4211930
86;-684993603;true;0.003889272220475405;0;1;;"test0";8294;4211930
86;1108428113;true;0.00395887731174927;0;1;;"test0";7135;4211930
86;-588724826;true;0.00395887731174927;0;1;;"test0";7606;4211930
86;1142484913;true;0.00397508597276459;0;1;;"test0";8159;4211930
86;-906245699;true;0.00397508597276459;0;1;;"test0";7484;4211930
86;-1089699520;true;0.003976110182310492;0;1;;"test0";7880;4211930
86;-1089699520;true;0.003976110182310492;0;1;;"test0";8267;4211930
86;958679658;true;0.003976110182310492;0;1;;"test0";7962;4211930
86;-1089699520;true;0.003976110182310492;0;1;;"test0";7749;4211930
86;-666746139;true;0.003981412244461138;0;1;;"test0";7866;4211930
86;-1580040855;true;0.003981412244461138;0;1;;"test0";8022;4211930
86;-666746139;true;0.003981412244461138;0;1;;"test0";7619;4211930
86;40583091;true;0.003981412244461138;0;1;;"test0";7962;4211930
86;149301304;true;0.004001587392349194;0;1;;"test0";8400;4211930
86;-2015351949;true;0.004001587392349194;0;1;;"test0";2;4211930
87;1131682856;true;0.00286427732079906;0;1;;"test0";7902;4261486
87;516645902;true;0.0034431010373942666;0;1;;"test0";8328;4261486
87;-1998177303;true;0.0034523666030999104;0;1;;"test0";7811;4261486
87;-1950484812;true;0.003575247464352792;0;1;;"test0";8242;4261486
87;-685588244;true;0.0035753273099229823;0;1;;"test0";7279;4261486
87;1410760972;true;0.0035753273099229823;0;1;;"test0";7849;4261486
87;1482481476;true;0.0035774120306526374;0;1;;"test0";6253;4261486
87;-797009203;true;0.0035830718175041986;0;1;;"test0";7209;4261486
87;1349838971;true;0.0035830718175041986;0;1;;"test0";8034;4261486
87;1452694152;true;0.0035830718175041986;0;1;;"test0";6449;4261486
87;-18307437;true;0.003796113882157877;0;1;;"test0";6384;4261486
87;-1027049978;true;0.003796113882157877;0;1;;"test0";8012;4261486
87;-1739106060;true;0.003796113882157877;0;1;;"test0";6727;4261486
87;630910089;true;0.003796113882157877;0;1;;"test0";8356;4261486
87;1581740116;true;0.0038092274555293227;0;1;;"test0";8100;4261486
87;-1190473611;true;0.0038092274555293227;0;1;;"test0";8338;4261486
87;198240504;true;0.0038092274555293227;0;1;;"test0";6302;4261486
87;-1190473611;true;0.0038092274555293227;0;1;;"test0";7846;4261486
87;-1190473611;true;0.0038092274555293227;0;1;;"test0";7151;4261486
87;1359823405;true;0.003833476968783858;0;1;;"test0";7738;4261486
87;810342838;true;0.003833476968783858;0;1;;"test0";7902;4261486
87;-241638964;true;0.003838618329879197;0;1;;"test0";6756;4261486
87;2069260029;true;0.0038478332637784532;0;1;;"test0";6434;4261486
87;819083998;true;0.003848063837628399;0;1;;"test0";7166;4261486
87;2085574973;true;0.003886592346508793;0;1;;"test0";7961;4261486
87;-1823814160;true;0.003886592346508793;0;1;;"test0";8494;4261486
87;-335183919;true;0.003886592346508793;0;1;;"test0";7681;4261486
87;95852952;true;0.003886592346508793;0;1;;"test0";8217;4261486
87;-1823814160;true;0.003886592346508793;0;1;;"test0";8323;4261486
87;-684993603;true;0.003889272220475405;0;1;;"test0";8110;4261486
87;-4369867;true;0.003889272220475405;0;1;;"test0";8736;4261486
87;460006710;true;0.003889272220475405;0;1;;"test0";7191;4261486
87;-684993603;true;0.003889272220475405;0;1;;"test0";7938;4261486
87;2069543433;true;0.00395887731174927;0;1;;"test0";8626;4261486
87;-1808308944;true;0.00395887731174927;0;1;;"test0";7861;4261486
87;439998561;true;0.00395887731174927;0;1;;"test0";7583;4261486
87;1183300076;true;0.00395887731174927;0;1;;"test0";7529;4261486
87;-906245699;true;0.00397508597276459;0;1;;"test0";8032;4261486
87;363973047;true;0.00397508597276459;0;1;;"test0";8045;4261486
87;1142484913;true;0.00397508597276459;0;1;;"test0";7709;4261486
87;-1089699520;true;0.003976110182310492;0;1;;"test0";7687;4261486
87;-1580040855;true;0.003981412244461138;0;1;;"test0";7997;4261486
87;-1197786926;true;0.003981412244461138;0;1;;"test0";6807;4261486
87;1541137202;true;0.004001587392349194;0;1;;"test0";7580;4261486
87;1363048066;true;0.004001587392349194;0;1;;"test0";7893;4261486
87;-2015351949;true;0.004001587392349194;0;1;;"test0";2;4261486
87;149301304;true;0.004001587392349194;0;1;;"test0";7222;4261486
87;-1424315640;true;0.004001587392349194;0;1;;"test0";8330;4261486
87;-1803657151;true;0.004001587392349194;0;1;;"test0";7297;4261486
88;889570706;true;0.002002288329519451;0;1;;"test0";7630;4311524
88;201326781;true;0.00286427732079906;0;1;;"test0";7989;4311524
88;-1391013782;true;0.0034429574736254457;0;1;;"test0";8032;4311524
88;831257340;true;0.0035774849907312407;0;1;;"test0";7793;4311524
88;1189243684;true;0.0035786879219216958;0;1;;"test0";8194;4311524
88;1127399689;true;0.0035854501706100244;0;1;;"test0";7560;4311524
88;1625982632;true;0.0035994427202612617;0;1;;"test0";8309;4311524
88;630910089;true;0.003796113882157877;0;1;;"test0";7733;4311524
88;630910089;true;0.003796113882157877;0;1;;"test0";8408;4311524
88;752176815;true;0.003833476968783858;0;1;;"test0";8452;4311524
88;810342838;true;0.003833476968783858;0;1;;"test0";7959;4311524
88;810342838;true;0.003833476968783858;0;1;;"test0";7888;4311524
88;1359823405;true;0.003833476968783858;0;1;;"test0";7070;4311524
88;2032819590;true;0.0038478332637784532;0;1;;"test0";7779;4311524
88;2069260029;true;0.0038478332637784532;0;1;;"test0";7828;4311524
88;819083998;true;0.003848063837628399;0;1;;"test0";8180;4311524
88;1556018102;true;0.003886592346508793;0;1;;"test0";7998;4311524
88;-86125258;true;0.003886592346508793;0;1;;"test0";8024;4311524
88;-113705643;true;0.003886592346508793;0;1;;"test0";7178;4311524
88;2085574973;true;0.003886592346508793;0;1;;"test0";8081;4311524
88;-933362318;true;0.003886592346508793;0;1;;"test0";8467;4311524
88;460006710;true;0.003889272220475405;0;1;;"test0";7872;4311524
88;429800297;true;0.003889272220475405;0;1;;"test0";7800;4311524
88;1183300076;true;0.00395887731174927;0;1;;"test0";7865;4311524
88;-1894577932;true;0.00395887731174927;0;1;;"test0";7987;4311524
88;2069543433;true;0.00395887731174927;0;1;;"test0";7427;4311524
88;-1700397962;true;0.00395887731174927;0;1;;"test0";8210;4311524
88;1183300076;true;0.00395887731174927;0;1;;"test0";8071;4311524
88;-402067736;true;0.00395887731174927;0;1;;"test0";7988;4311524
88;-1543459044;true;0.00397508597276459;0;1;;"test0";7503;4311524
88;493868818;true;0.00397508597276459;0;1;;"test0";7436;4311524
88;-420259279;true;0.00397508597276459;0;1;;"test0";7659;4311524
88;-608018904;true;0.003976110182310492;0;1;;"test0";7620;4311524
88;-1831090789;true;0.003976110182310492;0;1;;"test0";8613;4311524
88;-1362655370;true;0.003976110182310492;0;1;;"test0";8036;4311524
88;675012246;true;0.003976110182310492;0;1;;"test0";7367;4311524
88;-2053256322;true;0.003976110182310492;0;1;;"test0";8262;4311524
88;-1602542938;true;0.003981412244461138;0;1;;"test0";7861;4311524
88;-1845347592;true;0.003981412244461138;0;1;;"test0";8133;4311524
88;1317576307;true;0.003981412244461138;0;1;;"test0";7976;4311524
88;368778118;true;0.003981412244461138;0;1;;"test0";8073;4311524
88;1945421139;true;0.003981412244461138;0;1;;"test0";8165;4311524
88;226383030;true;0.003981412244461138;0;1;;"test0";7874;4311524
88;-415201382;true;0.004001587392349194;0;1;;"test0";7468;4311524
88;279268869;true;0.004001587392349194;0;1;;"test0";8037;4311524
88;-1891630451;true;0.004001587392349194;0;1;;"test0";7969;4311524
88;825807258;true;0.004001587392349194;0;1;;"test0";7924;4311524
88;-1424315640;true;0.004001587392349194;0;1;;"test0";2;4311524
88;-639634525;true;0.004001587392349194;0;1;;"test0";7838;4311524
88;-1803657151;true;0.004001587392349194;0;1;;"test0";8;4311524
89;-370070669;false;-1;0;1;;"test0";NaN;4374869
89;-633341329;true;0.00286427732079906;0;1;;"test0";8500;4374869
89;-1697178755;true;0.00286427732079906;0;1;;"test0";8511;4374869
89;-26576618;true;0.0034424240642844713;0;1;;"test0";6998;4374869
89;-1898613632;true;0.0034429574736254457;0;1;;"test0";6167;4374869
89;-995938663;true;0.0035786879219216958;0;1;;"test0";8098;4374869
89;1189243684;true;0.0035786879219216958;0;1;;"test0";8191;4374869
89;1170702584;true;0.0035994427202612617;0;1;;"test0";7586;4374869
89;286251765;true;0.0035994427202612617;0;1;;"test0";7504;4374869
89;-282296792;true;0.0035994427202612617;0;1;;"test0";8438;4374869
89;1514827322;true;0.0035994427202612617;0;1;;"test0";7232;4374869
89;634649000;true;0.0035994427202612617;0;1;;"test0";8379;4374869
89;1187491110;true;0.003796113882157877;0;1;;"test0";6955;4374869
89;630910089;true;0.003796113882157877;0;1;;"test0";7605;4374869
89;284537410;true;0.003796113882157877;0;1;;"test0";7977;4374869
89;1787397534;true;0.003796113882157877;0;1;;"test0";8183;4374869
89;-577051211;true;0.003796113882157877;0;1;;"test0";7445;4374869
89;630910089;true;0.003796113882157877;0;1;;"test0";8296;4374869
89;1359823405;true;0.003833476968783858;0;1;;"test0";5433;4374869
89;170399525;true;0.003833476968783858;0;1;;"test0";5736;4374869
89;456111719;true;0.0038478332637784532;0;1;;"test0";8419;4374869
89;-675490820;true;0.003848063837628399;0;1;;"test0";8480;4374869
89;1496783722;true;0.003848063837628399;0;1;;"test0";8376;4374869
89;819083998;true;0.003848063837628399;0;1;;"test0";8533;4374869
89;819083998;true;0.003848063837628399;0;1;;"test0";8475;4374869
89;1818765080;true;0.003886592346508793;0;1;;"test0";6577;4374869
89;-1978457639;true;0.003889272220475405;0;1;;"test0";6975;4374869
89;-419507687;true;0.003889272220475405;0;1;;"test0";7525;4374869
89;429800297;true;0.003889272220475405;0;1;;"test0";7411;4374869
89;460006710;true;0.003889272220475405;0;1;;"test0";6770;4374869
89;-1334324643;true;0.003889272220475405;0;1;;"test0";7683;4374869
89;460006710;true;0.003889272220475405;0;1;;"test0";5705;4374869
89;429800297;true;0.003889272220475405;0;1;;"test0";7432;4374869
89;429800297;true;0.003889272220475405;0;1;;"test0";8230;4374869
89;460006710;true;0.003889272220475405;0;1;;"test0";5807;4374869
89;847537562;true;0.003934678733098571;0;1;;"test0";8094;4374869
89;674702265;true;0.00397508597276459;0;1;;"test0";6174;4374869
89;721932632;true;0.00397508597276459;0;1;;"test0";9134;4374869
89;1091586360;true;0.00397508597276459;0;1;;"test0";8334;4374869
89;-420259279;true;0.00397508597276459;0;1;;"test0";7028;4374869
89;-846573762;true;0.003975085972764598;0;1;;"test0";8408;4374869
89;-859166564;true;0.003976110182310492;0;1;;"test0";7949;4374869
89;-1794985994;true;0.003976110182310492;0;1;;"test0";8119;4374869
89;486807716;true;0.003976110182310492;0;1;;"test0";8507;4374869
89;675012246;true;0.003976110182310492;0;1;;"test0";9236;4374869
89;226383030;true;0.003981412244461138;0;1;;"test0";7971;4374869
89;87021274;true;0.003981412244461138;0;1;;"test0";8277;4374869
89;-1845347592;true;0.003981412244461138;0;1;;"test0";8506;4374869
89;-639634525;true;0.004001587392349194;0;1;;"test0";1;4374869
89;-1803657151;true;0.004001587392349194;0;1;;"test0";1;4374869
90;148533374;false;-1;0;1;;"test0";NaN;4430184
90;1885959798;true;0.00286427732079906;0;1;;"test0";7923;4430184
90;-575097777;true;0.0028643572950366922;0;1;;"test0";7958;4430184
90;814606784;true;0.0028643572950366922;0;1;;"test0";7719;4430184
90;633702335;true;0.0034424240642844713;0;1;;"test0";7075;4430184
90;-685596475;true;0.003442477434572874;0;1;;"test0";7516;4430184
90;862501600;true;0.0034429574736254457;0;1;;"test0";8115;4430184
90;-1898613632;true;0.0034429574736254457;0;1;;"test0";7516;4430184
90;276929796;true;0.0034432612301887044;0;1;;"test0";6871;4430184
90;922672883;true;0.0034433227029288436;0;1;;"test0";7805;4430184
90;1796590775;true;0.0035770398347859406;0;1;;"test0";7516;4430184
90;-1855264434;true;0.0035903807733407653;0;1;;"test0";8128;4430184
90;-1153188295;true;0.0035994427202612617;0;1;;"test0";7871;4430184
90;-1371490382;true;0.003796113882157877;0;1;;"test0";7135;4430184
90;-1794416839;true;0.003796113882157877;0;1;;"test0";4642;4430184
90;-577051211;true;0.003796113882157877;0;1;;"test0";8028;4430184
90;1144834449;true;0.003796113882157877;0;1;;"test0";8081;4430184
90;18786944;true;0.0038091741485492808;0;1;;"test0";8119;4430184
90;456111719;true;0.0038478332637784532;0;1;;"test0";7137;4430184
90;-1259609899;true;0.0038478332637784532;0;1;;"test0";7136;4430184
90;632764604;true;0.0038478332637784532;0;1;;"test0";8081;4430184
90;466081034;true;0.0038478332637784532;0;1;;"test0";7374;4430184
90;-1330081163;true;0.0038478332637784532;0;1;;"test0";7019;4430184
90;1496783722;true;0.003848063837628399;0;1;;"test0";4846;4430184
90;-446505230;true;0.0038865923465087877;0;1;;"test0";6802;4430184
90;-1945713408;true;0.003886592346508793;0;1;;"test0";8167;4430184
90;-147240052;true;0.003886592346508793;0;1;;"test0";8023;4430184
90;-1597500817;true;0.003886592346508793;0;1;;"test0";8134;4430184
90;-684054058;true;0.003886592346508793;0;1;;"test0";7692;4430184
90;597442539;true;0.003889272220475405;0;1;;"test0";6961;4430184
90;-1262765724;true;0.003934678733098571;0;1;;"test0";7817;4430184
90;949865845;true;0.003934678733098571;0;1;;"test0";7398;4430184
90;194625422;true;0.003934678733098571;0;1;;"test0";9147;4430184
90;-535830709;true;0.003934678733098571;0;1;;"test0";7859;4430184
90;847537562;true;0.003934678733098571;0;1;;"test0";7030;4430184
90;-846573762;true;0.003975085972764598;0;1;;"test0";6887;4430184
90;-846573762;true;0.003975085972764598;0;1;;"test0";6674;4430184
90;-771710856;true;0.003976110182310492;0;1;;"test0";6843;4430184
90;45440331;true;0.003976110182310492;0;1;;"test0";7525;4430184
90;87021274;true;0.003981412244461138;0;1;;"test0";8190;4430184
90;-505555709;true;0.003981412244461138;0;1;;"test0";7869;4430184
90;1500041829;true;0.003981412244461138;0;1;;"test0";8276;4430184
90;-1654070463;true;0.003981412244461138;0;1;;"test0";8587;4430184
90;2012589802;true;0.003981412244461138;0;1;;"test0";6807;4430184
90;-482179971;true;0.004000321967775602;0;1;;"test0";7294;4430184
90;-639634525;true;0.004001587392349194;0;1;;"test0";6915;4430184
90;-1466175333;true;0.004001587392349194;0;1;;"test0";7910;4430184
90;-639634525;true;0.004001587392349194;0;1;;"test0";7944;4430184
90;-1803657151;true;0.004001587392349194;0;1;;"test0";2;4430184
91;-608272600;true;0.002574370709382151;0;1;;"test0";8294;4481659
91;-1715764854;true;0.00286427732079906;0;1;;"test0";8267;4481659
91;2057834659;true;0.00286427732079906;0;1;;"test0";8115;4481659
91;428454503;true;0.00286427732079906;0;1;;"test0";7989;4481659
91;287264917;true;0.0034424240642844713;0;1;;"test0";8618;4481659
91;153072950;true;0.0034424240642844713;0;1;;"test0";8122;4481659
91;-1275994555;true;0.003442477434572874;0;1;;"test0";8371;4481659
91;-283025885;true;0.003442477434572874;0;1;;"test0";7799;4481659
91;661318298;true;0.0034433227029288436;0;1;;"test0";8396;4481659
91;1889689539;true;0.0034433227029288436;0;1;;"test0";8055;4481659
91;1835863331;true;0.0035770398347859406;0;1;;"test0";9295;4481659
91;-939756119;true;0.0035770398347859406;0;1;;"test0";6972;4481659
91;-860534936;true;0.0035770398347859406;0;1;;"test0";8468;4481659
91;-1446243344;true;0.0035770398347859406;0;1;;"test0";8522;4481659
91;-211226907;true;0.003796113882157877;0;1;;"test0";7987;4481659
91;-2096784948;true;0.003796113882157877;0;1;;"test0";8100;4481659
91;809118234;true;0.003796113882157877;0;1;;"test0";7868;4481659
91;18786944;true;0.0038091741485492808;0;1;;"test0";8112;4481659
91;1916016811;true;0.0038091741485492808;0;1;;"test0";8424;4481659
91;-1259609899;true;0.0038478332637784532;0;1;;"test0";8233;4481659
91;-1076674395;true;0.0038478332637784532;0;1;;"test0";8221;4481659
91;-380517157;true;0.0038478332637784532;0;1;;"test0";6616;4481659
91;-8109992;true;0.0038478332637784532;0;1;;"test0";7369;4481659
91;1496783722;true;0.003848063837628399;0;1;;"test0";8525;4481659
91;-1960643147;true;0.003848063837628399;0;1;;"test0";7771;4481659
91;1395011080;true;0.0038865923465087877;0;1;;"test0";8180;4481659
91;740557483;true;0.0038865923465087877;0;1;;"test0";8048;4481659
91;-1945713408;true;0.003886592346508793;0;1;;"test0";8387;4481659
91;-1945713408;true;0.003886592346508793;0;1;;"test0";6830;4481659
91;120074259;true;0.003886592346508793;0;1;;"test0";8559;4481659
91;405075314;true;0.003886592346508793;0;1;;"test0";7734;4481659
91;-753276744;true;0.0038870282335081445;0;1;;"test0";8485;4481659
91;640372633;true;0.0039334772091913295;0;1;;"test0";7296;4481659
91;1283934517;true;0.003934678733098571;0;1;;"test0";7872;4481659
91;194625422;true;0.003934678733098571;0;1;;"test0";8324;4481659
91;-552666369;true;0.003934678733098571;0;1;;"test0";7375;4481659
91;1611230;true;0.003981412244461138;0;1;;"test0";7998;4481659
91;2012589802;true;0.003981412244461138;0;1;;"test0";8992;4481659
91;1500041829;true;0.003981412244461138;0;1;;"test0";8325;4481659
91;324500689;true;0.003981412244461138;0;1;;"test0";8389;4481659
91;1487378529;true;0.003981412244461138;0;1;;"test0";7768;4481659
91;451616179;true;0.0039865342872755834;0;1;;"test0";7726;4481659
91;-658049356;true;0.004000321967775602;0;1;;"test0";7366;4481659
91;1533697034;true;0.004000321967775602;0;1;;"test0";7801;4481659
91;-1379834089;true;0.004000321967775602;0;1;;"test0";7199;4481659
91;-639634525;true;0.004001587392349194;0;1;;"test0";3;4481659
91;-1803657151;true;0.004001587392349194;0;1;;"test0";2;4481659
91;-1279172843;true;0.004001587392349194;0;1;;"test0";7599;4481659
91;958188300;true;0.004001587392349194;0;1;;"test0";8150;4481659
91;1523788890;true;0.004001587392349194;0;1;;"test0";7269;4481659
92;-1223623522;true;0.002002288329519451;0;1;;"test0";7932;4530706
92;-973252674;true;0.00286427732079906;0;1;;"test0";6875;4530706
92;1051903505;true;0.00286427732079906;0;1;;"test0";7863;4530706
92;-287037931;true;0.00286427732079906;0;1;;"test0";6906;4530706
92;1601202828;true;0.00286427732079906;0;1;;"test0";7118;4530706
92;-1547791293;true;0.003442477434572874;0;1;;"test0";7691;4530706
92;-191524486;true;0.003442477434572874;0;1;;"test0";7752;4530706
92;-939426956;true;0.0034433227029288436;0;1;;"test0";7628;4530706
92;661318298;true;0.0034433227029288436;0;1;;"test0";7113;4530706
92;1497478877;true;0.0035735975792387355;0;1;;"test0";7429;4530706
92;-1064198422;true;0.003575247464352792;0;1;;"test0";8348;4530706
92;-436092779;true;0.0035770398347859406;0;1;;"test0";8203;4530706
92;1439185294;true;0.0035770398347859406;0;1;;"test0";8394;4530706
92;-939756119;true;0.0035770398347859406;0;1;;"test0";7764;4530706
92;-1912354289;true;0.0035774120306526374;0;1;;"test0";6893;4530706
92;80577113;true;0.0035994427202612617;0;1;;"test0";6436;4530706
92;-1336619734;true;0.003796113882157877;0;1;;"test0";8068;4530706
92;-211226907;true;0.003796113882157877;0;1;;"test0";6587;4530706
92;-1913053960;true;0.003796113882157877;0;1;;"test0";7775;4530706
92;-211226907;true;0.003796113882157877;0;1;;"test0";7038;4530706
92;21061576;true;0.003796113882157877;0;1;;"test0";7848;4530706
92;18786944;true;0.0038091741485492808;0;1;;"test0";6916;4530706
92;-332746119;true;0.0038478332637784532;0;1;;"test0";8562;4530706
92;937947071;true;0.0038478332637784532;0;1;;"test0";8352;4530706
92;-380517157;true;0.0038478332637784532;0;1;;"test0";8705;4530706
92;1496783722;true;0.003848063837628399;0;1;;"test0";8028;4530706
92;901873131;true;0.003848063837628399;0;1;;"test0";8026;4530706
92;-390130461;true;0.003886592346508793;0;1;;"test0";7319;4530706
92;-1945713408;true;0.003886592346508793;0;1;;"test0";8296;4530706
92;120074259;true;0.003886592346508793;0;1;;"test0";7672;4530706
92;1113069165;true;0.003886592346508793;0;1;;"test0";7734;4530706
92;-343314725;true;0.003886592346508793;0;1;;"test0";8345;4530706
92;-753276744;true;0.0038870282335081445;0;1;;"test0";7839;4530706
92;-1988434823;true;0.0038870282335081445;0;1;;"test0";7849;4530706
92;-753276744;true;0.0038870282335081445;0;1;;"test0";7979;4530706
92;1742394660;true;0.0038870282335081445;0;1;;"test0";8026;4530706
92;20305001;true;0.0039334772091913295;0;1;;"test0";7853;4530706
92;2103460795;true;0.003934678733098571;0;1;;"test0";6303;4530706
92;1377811058;true;0.003934678733098571;0;1;;"test0";7642;4530706
92;194625422;true;0.003934678733098571;0;1;;"test0";7347;4530706
92;330627499;true;0.003934678733098571;0;1;;"test0";7724;4530706
92;-1359467554;true;0.003981412244461138;0;1;;"test0";7694;4530706
92;-1426898535;true;0.003981412244461138;0;1;;"test0";7680;4530706
92;1779357155;true;0.003981466520785733;0;1;;"test0";8338;4530706
92;451616179;true;0.0039865342872755834;0;1;;"test0";8220;4530706
92;1043955969;true;0.0039865342872755834;0;1;;"test0";6424;4530706
92;-648398953;true;0.004000321967775602;0;1;;"test0";6689;4530706
92;958188300;true;0.004001587392349194;0;1;;"test0";1;4530706
92;-2119061329;true;0.004001587392349194;0;1;;"test0";6713;4530706
92;1523788890;true;0.004001587392349194;0;1;;"test0";4;4530706
93;698478322;true;0.00286427732079906;0;1;;"test0";8565;4580779
93;780349282;true;0.0028643572950366922;0;1;;"test0";7764;4580779
93;-231504894;true;0.003442544388577638;0;1;;"test0";8127;4580779
93;-837076612;true;0.0034433227029288436;0;1;;"test0";7762;4580779
93;85972677;true;0.0034433227029288436;0;1;;"test0";7763;4580779
93;267887786;true;0.0035753273099229823;0;1;;"test0";8241;4580779
93;-371209949;true;0.0035968267186548704;0;1;;"test0";8005;4580779
93;-2045139999;true;0.0035994427202612617;0;1;;"test0";7347;4580779
93;-1697708635;true;0.003796113882157877;0;1;;"test0";8686;4580779
93;-1782537959;true;0.003796113882157877;0;1;;"test0";8859;4580779
93;1353909288;true;0.003796113882157877;0;1;;"test0";7917;4580779
93;18786944;true;0.0038091741485492808;0;1;;"test0";8006;4580779
93;99911274;true;0.003886592346508793;0;1;;"test0";7779;4580779
93;929914854;true;0.003886592346508793;0;1;;"test0";8189;4580779
93;202923952;true;0.00392741757443452;0;1;;"test0";8087;4580779
93;20305001;true;0.0039334772091913295;0;1;;"test0";8531;4580779
93;103261005;true;0.0039334772091913295;0;1;;"test0";8243;4580779
93;20305001;true;0.0039334772091913295;0;1;;"test0";7723;4580779
93;20305001;true;0.0039334772091913295;0;1;;"test0";8023;4580779
93;1165674373;true;0.003934678733098571;0;1;;"test0";7687;4580779
93;-551869203;true;0.003976110182310492;0;1;;"test0";8121;4580779
93;-1359467554;true;0.003981412244461138;0;1;;"test0";7975;4580779
93;1156047972;true;0.003981412244461138;0;1;;"test0";8520;4580779
93;-1790599782;true;0.003981412244461138;0;1;;"test0";8034;4580779
93;-1430142488;true;0.003981466520785733;0;1;;"test0";7080;4580779
93;1779357155;true;0.003981466520785733;0;1;;"test0";8171;4580779
93;1779357155;true;0.003981466520785733;0;1;;"test0";8191;4580779
93;-309808325;true;0.003981466520785733;0;1;;"test0";7981;4580779
93;-356924983;true;0.003981466520785733;0;1;;"test0";7397;4580779
93;1722438709;true;0.0039865342872755834;0;1;;"test0";9021;4580779
93;1504069277;true;0.0039865342872755834;0;1;;"test0";8987;4580779
93;-2001882164;true;0.0039865342872755834;0;1;;"test0";7769;4580779
93;745388192;true;0.003992745730528032;0;1;;"test0";8281;4580779
93;505289511;true;0.004000321967775602;0;1;;"test0";8041;4580779
93;313663478;true;0.004000321967775602;0;1;;"test0";7590;4580779
93;1878952933;true;0.004000321967775602;0;1;;"test0";7989;4580779
93;-1709183532;true;0.004000321967775602;0;1;;"test0";8193;4580779
93;1773266995;true;0.004000321967775602;0;1;;"test0";7999;4580779
93;-1255428169;true;0.004000321967775602;0;1;;"test0";7814;4580779
93;-291418878;true;0.004001587392349194;0;1;;"test0";8252;4580779
93;1910906425;true;0.004001587392349194;0;1;;"test0";8058;4580779
93;-2119061329;true;0.004001587392349194;0;1;;"test0";8008;4580779
93;1807579128;true;0.004001587392349194;0;1;;"test0";8020;4580779
93;1043302536;true;0.004001587392349194;0;1;;"test0";8214;4580779
93;826672214;true;0.004001587392349194;0;1;;"test0";6991;4580779
93;2079382517;true;0.004001587392349194;0;1;;"test0";8145;4580779
93;1523788890;true;0.004001587392349194;0;1;;"test0";8308;4580779
93;1523788890;true;0.004001587392349194;0;1;;"test0";7131;4580779
94;-1411313830;false;-1;0;1;;"test0";NaN;4647961
94;616670322;false;-1;0;1;;"test0";NaN;4647961
94;1792475831;false;-1;0;1;;"test0";NaN;4647961
94;-41292685;true;0.002574370709382151;0;1;;"test0";7044;4647961
94;-1914980258;true;0.00286427732079906;0;1;;"test0";7590;4647961
94;1682507502;true;0.00286427732079906;0;1;;"test0";7254;4647961
94;1132873585;true;0.0034431010373942666;0;1;;"test0";7187;4647961
94;-837076612;true;0.0034433227029288436;0;1;;"test0";8399;4647961
94;1008671494;true;0.0035701497157532625;0;1;;"test0";7447;4647961
94;1925560284;true;0.0035766888016301062;0;1;;"test0";7436;4647961
94;601243029;true;0.0035994427202612617;0;1;;"test0";7205;4647961
94;1639586900;true;0.0035994427202612617;0;1;;"test0";7354;4647961
94;-2045139999;true;0.0035994427202612617;0;1;;"test0";7174;4647961
94;-555890023;true;0.0035994427202612617;0;1;;"test0";8053;4647961
94;-2045139999;true;0.0035994427202612617;0;1;;"test0";8572;4647961
94;1357256636;true;0.0035994427202612617;0;1;;"test0";7330;4647961
94;2102831299;true;0.003796113882157877;0;1;;"test0";7578;4647961
94;999313352;true;0.0038003487984556573;0;1;;"test0";8287;4647961
94;1615323217;true;0.0038091741485492808;0;1;;"test0";7124;4647961
94;1106108074;true;0.003886592346508793;0;1;;"test0";8332;4647961
94;1917045893;true;0.003886592346508793;0;1;;"test0";8841;4647961
94;-1742064342;true;0.003886592346508793;0;1;;"test0";8581;4647961
94;99911274;true;0.003886592346508793;0;1;;"test0";5045;4647961
94;-1251045685;true;0.00392741757443452;0;1;;"test0";6890;4647961
94;202923952;true;0.00392741757443452;0;1;;"test0";7187;4647961
94;20305001;true;0.0039334772091913295;0;1;;"test0";7323;4647961
94;556989666;true;0.0039334772091913295;0;1;;"test0";7339;4647961
94;1331727935;true;0.0039334772091913295;0;1;;"test0";7330;4647961
94;1241955083;true;0.0039334772091913295;0;1;;"test0";7076;4647961
94;-1765913706;true;0.0039334772091913295;0;1;;"test0";7595;4647961
94;-551869203;true;0.003976110182310492;0;1;;"test0";7376;4647961
94;1779357155;true;0.003981466520785733;0;1;;"test0";4904;4647961
94;-309808325;true;0.003981466520785733;0;1;;"test0";8452;4647961
94;-1195370701;true;0.003981466520785733;0;1;;"test0";7330;4647961
94;-58286712;true;0.003981466520785733;0;1;;"test0";7442;4647961
94;1779357155;true;0.003981466520785733;0;1;;"test0";7479;4647961
94;-1383009751;true;0.0039865342872755834;0;1;;"test0";6512;4647961
94;299905744;true;0.0039865342872755834;0;1;;"test0";8338;4647961
94;975846816;true;0.0039865342872755834;0;1;;"test0";6933;4647961
94;-1134995707;true;0.0039865342872755834;0;1;;"test0";6937;4647961
94;472899738;true;0.0039865342872755834;0;1;;"test0";8202;4647961
94;92793370;true;0.0039865342872755834;0;1;;"test0";7610;4647961
94;-1457103817;true;0.004000321967775602;0;1;;"test0";8294;4647961
94;-605776089;true;0.004000321967775602;0;1;;"test0";8344;4647961
94;300937304;true;0.004000321967775602;0;1;;"test0";7285;4647961
94;1424420310;true;0.004000321967775602;0;1;;"test0";8059;4647961
94;2079382517;true;0.004001587392349194;0;1;;"test0";8444;4647961
94;1523788890;true;0.004001587392349194;0;1;;"test0";2;4647961
94;2079382517;true;0.004001587392349194;0;1;;"test0";8530;4647961
95;-1251045685;false;-1;0;1;;"test0";NaN;4700157
95;381043971;true;0.002574370709382151;0;1;;"test0";8317;4700157
95;218994013;true;0.00286427732079906;0;1;;"test0";7280;4700157
95;-448271896;true;0.0034431010373942666;0;1;;"test0";5900;4700157
95;899792013;true;0.0034431010373942666;0;1;;"test0";7670;4700157
95;720549606;true;0.0034433227029288436;0;1;;"test0";7077;4700157
95;-837076612;true;0.0034433227029288436;0;1;;"test0";8064;4700157
95;648334143;true;0.0035753273099229823;0;1;;"test0";6689;4700157
95;833842459;true;0.003576304850000565;0;1;;"test0";8164;4700157
95;103049206;true;0.0035994427202612617;0;1;;"test0";6963;4700157
95;-1800398777;true;0.0035994427202612617;0;1;;"test0";7025;4700157
95;822162873;true;0.0035994427202612617;0;1;;"test0";7170;4700157
95;-1195277151;true;0.0035994427202612617;0;1;;"test0";7349;4700157
95;-1320427251;true;0.0035994427202612617;0;1;;"test0";6972;4700157
95;-541206275;true;0.0035994427202612617;0;1;;"test0";7140;4700157
95;-35515283;true;0.003608054361321069;0;1;;"test0";6727;4700157
95;753067400;true;0.0038091741485492808;0;1;;"test0";8268;4700157
95;45624626;true;0.003886592346508793;0;1;;"test0";8179;4700157
95;-1572962244;true;0.003886592346508793;0;1;;"test0";7094;4700157
95;1031598716;true;0.00392741757443452;0;1;;"test0";7541;4700157
95;-1141929702;true;0.00392741757443452;0;1;;"test0";6301;4700157
95;1331519077;true;0.00392741757443452;0;1;;"test0";8123;4700157
95;-1251045685;true;0.00392741757443452;0;1;;"test0";8016;4700157
95;-1251045685;true;0.00392741757443452;0;1;;"test0";7398;4700157
95;1553522605;true;0.0039334772091913295;0;1;;"test0";7932;4700157
95;1241955083;true;0.0039334772091913295;0;1;;"test0";5775;4700157
95;1331727935;true;0.0039334772091913295;0;1;;"test0";8098;4700157
95;1367194573;true;0.0039334772091913295;0;1;;"test0";6838;4700157
95;1518225334;true;0.003934678733098571;0;1;;"test0";6623;4700157
95;-626301693;true;0.00397508597276459;0;1;;"test0";6764;4700157
95;-1821087581;true;0.003976110182310492;0;1;;"test0";6338;4700157
95;-551869203;true;0.003976110182310492;0;1;;"test0";8334;4700157
95;1919528453;true;0.003976110182310492;0;1;;"test0";8183;4700157
95;-2060300305;true;0.003980430254315684;0;1;;"test0";6090;4700157
95;-1134995707;true;0.0039865342872755834;0;1;;"test0";6533;4700157
95;975846816;true;0.0039865342872755834;0;1;;"test0";7626;4700157
95;-340446494;true;0.003993932077870677;0;1;;"test0";5988;4700157
95;711421108;true;0.004000321967775602;0;1;;"test0";8132;4700157
95;-1457103817;true;0.004000321967775602;0;1;;"test0";8216;4700157
95;-1598419823;true;0.004000321967775602;0;1;;"test0";8283;4700157
95;-605776089;true;0.004000321967775602;0;1;;"test0";8240;4700157
95;1523788890;true;0.004001587392349194;0;1;;"test0";2;4700157
95;2079382517;true;0.004001587392349194;0;1;;"test0";6132;4700157
95;-117650819;true;0.004001587392349194;0;1;;"test0";6776;4700157
95;2079382517;true;0.004001587392349194;0;1;;"test0";7481;4700157
95;-311910886;true;0.004001587392349194;0;1;;"test0";7257;4700157
95;2079382517;true;0.004001587392349194;0;1;;"test0";7206;4700157
95;1554823385;true;0.004001587392349194;0;1;;"test0";5587;4700157
95;497570424;true;0.004001587392349194;0;1;;"test0";7441;4700157
96;244129942;false;-1;0;1;;"test0";NaN;4756644
96;512081750;true;0.0028642005243457043;0;1;;"test0";7969;4756644
96;-1158850537;true;0.00286427732079906;0;1;;"test0";7515;4756644
96;-678392366;true;0.00286427732079906;0;1;;"test0";8188;4756644
96;-1412990135;true;0.0034523666030999104;0;1;;"test0";8181;4756644
96;833842459;true;0.003576304850000565;0;1;;"test0";8146;4756644
96;833842459;true;0.003576304850000565;0;1;;"test0";7129;4756644
96;259039664;true;0.0035994427202612617;0;1;;"test0";8239;4756644
96;-35515283;true;0.003608054361321069;0;1;;"test0";7745;4756644
96;-1692074221;true;0.00362114064283464;0;1;;"test0";4089;4756644
96;-926889295;true;0.003796113882157877;0;1;;"test0";6403;4756644
96;1675987840;true;0.003886592346508793;0;1;;"test0";8832;4756644
96;1227871878;true;0.003886592346508793;0;1;;"test0";7894;4756644
96;1319345791;true;0.0038870282335081445;0;1;;"test0";8157;4756644
96;-2101818452;true;0.0038870282335081445;0;1;;"test0";5026;4756644
96;-1251045685;true;0.00392741757443452;0;1;;"test0";7749;4756644
96;317270853;true;0.00392741757443452;0;1;;"test0";6823;4756644
96;1031598716;true;0.00392741757443452;0;1;;"test0";7652;4756644
96;43425777;true;0.00392741757443452;0;1;;"test0";7999;4756644
96;1714655985;true;0.00392741757443452;0;1;;"test0";6958;4756644
96;557896341;true;0.0039334772091913295;0;1;;"test0";6978;4756644
96;1241955083;true;0.0039334772091913295;0;1;;"test0";7140;4756644
96;1241955083;true;0.0039334772091913295;0;1;;"test0";8137;4756644
96;1553522605;true;0.0039334772091913295;0;1;;"test0";7001;4756644
96;-42660389;true;0.003934678733098571;0;1;;"test0";7724;4756644
96;1224363410;true;0.00397508597276459;0;1;;"test0";6960;4756644
96;-626301693;true;0.00397508597276459;0;1;;"test0";6958;4756644
96;-227303800;true;0.003976110182310492;0;1;;"test0";8290;4756644
96;-1821087581;true;0.003976110182310492;0;1;;"test0";6915;4756644
96;639791326;true;0.003976110182310492;0;1;;"test0";8545;4756644
96;251863662;true;0.003979369140726256;0;1;;"test0";8173;4756644
96;-2060300305;true;0.003980430254315684;0;1;;"test0";8303;4756644
96;-558319509;true;0.003980430254315684;0;1;;"test0";6901;4756644
96;-1653315112;true;0.0039865342872755834;0;1;;"test0";7253;4756644
96;303282622;true;0.0039865342872755834;0;1;;"test0";8383;4756644
96;-1134995707;true;0.0039865342872755834;0;1;;"test0";7798;4756644
96;975846816;true;0.0039865342872755834;0;1;;"test0";8955;4756644
96;-1134995707;true;0.0039865342872755834;0;1;;"test0";8554;4756644
96;-340446494;true;0.003993932077870677;0;1;;"test0";7704;4756644
96;814143295;true;0.003993932077870677;0;1;;"test0";6978;4756644
96;-477402925;true;0.003993932077870677;0;1;;"test0";7329;4756644
96;-340446494;true;0.003993932077870677;0;1;;"test0";7323;4756644
96;-340446494;true;0.003993932077870677;0;1;;"test0";7323;4756644
96;1398386042;true;0.004000321967775602;0;1;;"test0";8060;4756644
96;1140539183;true;0.004001587392349194;0;1;;"test0";8366;4756644
96;497570424;true;0.004001587392349194;0;1;;"test0";7596;4756644
96;2079382517;true;0.004001587392349194;0;1;;"test0";8318;4756644
96;2079382517;true;0.004001587392349194;0;1;;"test0";7798;4756644
96;1554823385;true;0.004001587392349194;0;1;;"test0";2;4756644
97;1658481934;false;-1;0;1;;"test0";NaN;4810770
97;-1422541934;true;0.00286427732079906;0;1;;"test0";6688;4810770
97;414645417;true;0.00286427732079906;0;1;;"test0";7506;4810770
97;532662409;true;0.00286427732079906;0;1;;"test0";7025;4810770
97;463600044;true;0.0034961974924495646;0;1;;"test0";7233;4810770
97;-303965734;true;0.0035753273099229823;0;1;;"test0";7995;4810770
97;-396273143;true;0.0035994427202612617;0;1;;"test0";7526;4810770
97;-1768224946;true;0.0035994427202612617;0;1;;"test0";6652;4810770
97;69651730;true;0.00362114064283464;0;1;;"test0";7995;4810770
97;-1692074221;true;0.00362114064283464;0;1;;"test0";6857;4810770
97;-1692074221;true;0.00362114064283464;0;1;;"test0";7312;4810770
97;1573078089;true;0.00362114064283464;0;1;;"test0";7222;4810770
97;-2142138092;true;0.003796113882157877;0;1;;"test0";8241;4810770
97;-668981787;true;0.003796113882157877;0;1;;"test0";8344;4810770
97;427147655;true;0.0038870282335081445;0;1;;"test0";8359;4810770
97;743676594;true;0.0039334772091913295;0;1;;"test0";6986;4810770
97;-699672523;true;0.003934678733098571;0;1;;"test0";7871;4810770
97;-229173252;true;0.003934678733098571;0;1;;"test0";7927;4810770
97;-1722580349;true;0.003934678733098571;0;1;;"test0";7362;4810770
97;1224363410;true;0.00397508597276459;0;1;;"test0";7313;4810770
97;-1032159780;true;0.00397508597276459;0;1;;"test0";6471;4810770
97;-826721781;true;0.00397508597276459;0;1;;"test0";6548;4810770
97;1224363410;true;0.00397508597276459;0;1;;"test0";8354;4810770
97;-515866771;true;0.00397508597276459;0;1;;"test0";8317;4810770
97;596528982;true;0.00397508597276459;0;1;;"test0";7121;4810770
97;-1746176229;true;0.003976110182310492;0;1;;"test0";6410;4810770
97;-1821087581;true;0.003976110182310492;0;1;;"test0";6925;4810770
97;639791326;true;0.003976110182310492;0;1;;"test0";7850;4810770
97;-1821087581;true;0.003976110182310492;0;1;;"test0";7211;4810770
97;251863662;true;0.003979369140726256;0;1;;"test0";7202;4810770
97;-1888550766;true;0.003980326990020503;0;1;;"test0";7664;4810770
97;1951839594;true;0.003980430254315684;0;1;;"test0";7605;4810770
97;-467766826;true;0.003980430254315684;0;1;;"test0";8368;4810770
97;-306750180;true;0.0039865342872755834;0;1;;"test0";6962;4810770
97;1242284370;true;0.0039865342872755834;0;1;;"test0";8360;4810770
97;2081603921;true;0.0039865342872755834;0;1;;"test0";7114;4810770
97;-136701410;true;0.0039865342872755834;0;1;;"test0";6738;4810770
97;1794197233;true;0.003993932077870677;0;1;;"test0";7438;4810770
97;1865400267;true;0.003993932077870677;0;1;;"test0";7809;4810770
97;-2112154737;true;0.004000321967775602;0;1;;"test0";7844;4810770
97;1293364821;true;0.004000321967775602;0;1;;"test0";7144;4810770
97;2036427452;true;0.004000321967775602;0;1;;"test0";7492;4810770
97;511810759;true;0.004000321967775602;0;1;;"test0";7173;4810770
97;1398386042;true;0.004000321967775602;0;1;;"test0";7769;4810770
97;1382780812;true;0.004000321967775602;0;1;;"test0";6409;4810770
97;-75292655;true;0.004000321967775602;0;1;;"test0";8007;4810770
97;1554823385;true;0.004001587392349194;0;1;;"test0";2;4810770
97;2079382517;true;0.004001587392349194;0;1;;"test0";2;4810770
97;558910527;true;0.004001587392349194;0;1;;"test0";6096;4810770
97;-32073140;true;0.004001587392349194;0;1;;"test0";7054;4810770
98;702228128;true;0.0034356940616838637;0;1;;"test0";8209;4861965
98;-1559304472;true;0.0034523666030999104;0;1;;"test0";6910;4861965
98;2129453679;true;0.0035994427202612617;0;1;;"test0";7931;4861965
98;1873983718;true;0.0035994427202612617;0;1;;"test0";7867;4861965
98;-725849188;true;0.0035994427202612617;0;1;;"test0";8322;4861965
98;-1923142728;true;0.0035994427202612617;0;1;;"test0";8111;4861965
98;848982902;true;0.0035994427202612617;0;1;;"test0";8059;4861965
98;-575434801;true;0.0035994427202612617;0;1;;"test0";7872;4861965
98;485410838;true;0.003796113882157877;0;1;;"test0";7906;4861965
98;871957431;true;0.003796113882157877;0;1;;"test0";7797;4861965
98;1071048816;true;0.003796113882157877;0;1;;"test0";7656;4861965
98;1059972232;true;0.003796113882157877;0;1;;"test0";7271;4861965
98;106570035;true;0.003796113882157877;0;1;;"test0";8268;4861965
98;-1166306602;true;0.0038940473462301364;0;1;;"test0";8070;4861965
98;743676594;true;0.0039334772091913295;0;1;;"test0";7307;4861965
98;743676594;true;0.0039334772091913295;0;1;;"test0";8209;4861965
98;-515866771;true;0.00397508597276459;0;1;;"test0";8526;4861965
98;-515866771;true;0.00397508597276459;0;1;;"test0";7713;4861965
98;-1821087581;true;0.003976110182310492;0;1;;"test0";8251;4861965
98;1525612317;true;0.003976110182310492;0;1;;"test0";7302;4861965
98;251863662;true;0.003979369140726256;0;1;;"test0";6961;4861965
98;251863662;true;0.003979369140726256;0;1;;"test0";8548;4861965
98;-289286367;true;0.003980326990020503;0;1;;"test0";8507;4861965
98;-1888550766;true;0.003980326990020503;0;1;;"test0";8240;4861965
98;-420012705;true;0.003980326990020503;0;1;;"test0";8181;4861965
98;722035807;true;0.003980326990020503;0;1;;"test0";8559;4861965
98;-1888550766;true;0.003980326990020503;0;1;;"test0";7614;4861965
98;1415357062;true;0.003980430254315684;0;1;;"test0";7488;4861965
98;387537037;true;0.003980430254315684;0;1;;"test0";8268;4861965
98;886985840;true;0.003980430254315684;0;1;;"test0";6759;4861965
98;-1194201370;true;0.003981412244461138;0;1;;"test0";7187;4861965
98;-1898954095;true;0.003985425906272067;0;1;;"test0";7910;4861965
98;-583202350;true;0.0039859256410295744;0;1;;"test0";8680;4861965
98;-144076509;true;0.0039865342872755834;0;1;;"test0";6983;4861965
98;-136701410;true;0.0039865342872755834;0;1;;"test0";8350;4861965
98;-2043842900;true;0.0039865342872755834;0;1;;"test0";6938;4861965
98;1865400267;true;0.003993932077870677;0;1;;"test0";6996;4861965
98;1865400267;true;0.003993932077870677;0;1;;"test0";8423;4861965
98;1865400267;true;0.003993932077870677;0;1;;"test0";7231;4861965
98;1865400267;true;0.003993932077870677;0;1;;"test0";8321;4861965
98;479008394;true;0.003993932077870677;0;1;;"test0";7926;4861965
98;278217447;true;0.003993932077870677;0;1;;"test0";8095;4861965
98;1788596685;true;0.003993932077870677;0;1;;"test0";6738;4861965
98;1812965029;true;0.003993932077870677;0;1;;"test0";7704;4861965
98;-886907759;true;0.003993932077870677;0;1;;"test0";7853;4861965
98;1859602968;true;0.003995218493847514;0;1;;"test0";7278;4861965
98;-1117518598;true;0.004000321967775602;0;1;;"test0";8630;4861965
98;-2112154737;true;0.004000321967775602;0;1;;"test0";8154;4861965
98;-32073140;true;0.004001587392349194;0;1;;"test0";2;4861965
98;558910527;true;0.004001587392349194;0;1;;"test0";19;4861965
99;-2000206751;false;-1;0;1;;"test0";NaN;4916467
99;-1346253869;true;0.003447741951675743;0;1;;"test0";7554;4916467
99;811001058;true;0.0034523666030999104;0;1;;"test0";7607;4916467
99;815971576;true;0.003575247464352792;0;1;;"test0";6945;4916467
99;1656042227;true;0.003575702931616351;0;1;;"test0";7612;4916467
99;170804922;true;0.0035994427202612617;0;1;;"test0";8143;4916467
99;-1791437686;true;0.0035994427202612617;0;1;;"test0";7071;4916467
99;1222000754;true;0.003796113882157877;0;1;;"test0";6975;4916467
99;485410838;true;0.003796113882157877;0;1;;"test0";7024;4916467
99;350415579;true;0.003796113882157877;0;1;;"test0";7325;4916467
99;-66671315;true;0.0038092274555293227;0;1;;"test0";7916;4916467
99;743676594;true;0.0039334772091913295;0;1;;"test0";6863;4916467
99;-35059561;true;0.003934678733098571;0;1;;"test0";7726;4916467
99;-789747878;true;0.00397508597276459;0;1;;"test0";7209;4916467
99;107833818;true;0.00397508597276459;0;1;;"test0";7877;4916467
99;-515866771;true;0.00397508597276459;0;1;;"test0";8061;4916467
99;251863662;true;0.003979369140726256;0;1;;"test0";7210;4916467
99;-1295043290;true;0.003979369140726256;0;1;;"test0";4383;4916467
99;251863662;true;0.003979369140726256;0;1;;"test0";6904;4916467
99;1262985022;true;0.003980430254315684;0;1;;"test0";7278;4916467
99;1286616372;true;0.003980430254315684;0;1;;"test0";8434;4916467
99;1415357062;true;0.003980430254315684;0;1;;"test0";8620;4916467
99;886985840;true;0.003980430254315684;0;1;;"test0";7990;4916467
99;-1765509764;true;0.003980430254315684;0;1;;"test0";8135;4916467
99;-1194201370;true;0.003981412244461138;0;1;;"test0";7563;4916467
99;-1194201370;true;0.003981412244461138;0;1;;"test0";8816;4916467
99;1636117969;true;0.003981412244461138;0;1;;"test0";6056;4916467
99;1099830566;true;0.003981412244461138;0;1;;"test0";8298;4916467
99;-583202350;true;0.0039859256410295744;0;1;;"test0";6200;4916467
99;-583202350;true;0.0039859256410295744;0;1;;"test0";7342;4916467
99;-583202350;true;0.0039859256410295744;0;1;;"test0";8278;4916467
99;-1242709272;true;0.0039859256410295744;0;1;;"test0";8275;4916467
99;1228652990;true;0.0039865342872755834;0;1;;"test0";8494;4916467
99;-1782245526;true;0.003989384122902249;0;1;;"test0";6094;4916467
99;1865400267;true;0.003993932077870677;0;1;;"test0";8451;4916467
99;1865400267;true;0.003993932077870677;0;1;;"test0";7955;4916467
99;-1782367024;true;0.004000321967775602;0;1;;"test0";8380;4916467
99;1000779023;true;0.004000321967775602;0;1;;"test0";8030;4916467
99;-537788913;true;0.004000321967775602;0;1;;"test0";8015;4916467
99;1769053959;true;0.004000321967775602;0;1;;"test0";7198;4916467
99;-1117518598;true;0.004000321967775602;0;1;;"test0";7035;4916467
99;-32073140;true;0.004001587392349194;0;1;;"test0";6833;4916467
99;-983440446;true;0.004001587392349194;0;1;;"test0";6167;4916467
99;558910527;true;0.004001587392349194;0;1;;"test0";8277;4916467
99;-32073140;true;0.004001587392349194;0;1;;"test0";7798;4916467
99;1300663738;true;0.004001587392349194;0;1;;"test0";7844;4916467
99;558910527;true;0.004001587392349194;0;1;;"test0";7476;4916467
99;-1685016658;true;0.004001587392349194;0;1;;"test0";7477;4916467
100;1193209664;true;0.00286427732079906;0;1;;"test0";8639;4969922
100;-1463356986;true;0.003570705545237037;0;1;;"test0";8277;4969922
100;854166763;true;0.0035753273099229823;0;1;;"test0";8331;4969922
100;1085428158;true;0.0035753273099229823;0;1;;"test0";7774;4969922
100;-285956895;true;0.0035767300856429885;0;1;;"test0";8335;4969922
100;140251788;true;0.0035994427202612617;0;1;;"test0";8379;4969922
100;528941620;true;0.0035994427202612617;0;1;;"test0";7798;4969922
100;170804922;true;0.0035994427202612617;0;1;;"test0";7566;4969922
100;-891605191;true;0.0035994427202612617;0;1;;"test0";8248;4969922
100;1741242380;true;0.0035994427202612617;0;1;;"test0";8129;4969922
100;-2043693435;true;0.0035994427202612617;0;1;;"test0";8630;4969922
100;-1426777926;true;0.0035994427202612617;0;1;;"test0";7836;4969922
100;622530240;true;0.0035994427202612617;0;1;;"test0";8224;4969922
100;1222000754;true;0.003796113882157877;0;1;;"test0";8553;4969922
100;-311641920;true;0.003796113882157877;0;1;;"test0";8490;4969922
100;-115438797;true;0.003796113882157877;0;1;;"test0";8814;4969922
100;-66671315;true;0.0038092274555293227;0;1;;"test0";8338;4969922
100;-66671315;true;0.0038092274555293227;0;1;;"test0";8380;4969922
100;1257260538;true;0.0038095006537706834;0;1;;"test0";7866;4969922
100;-35059561;true;0.003934678733098571;0;1;;"test0";8524;4969922
100;-1547226974;true;0.003934678733098571;0;1;;"test0";8386;4969922
100;-780970833;true;0.00397508597276459;0;1;;"test0";8260;4969922
100;-515866771;true;0.00397508597276459;0;1;;"test0";7823;4969922
100;-100256113;true;0.00397508597276459;0;1;;"test0";8179;4969922
100;251863662;true;0.003979369140726256;0;1;;"test0";8532;4969922
100;-200385451;true;0.003979369140726256;0;1;;"test0";8501;4969922
100;-1765509764;true;0.003980430254315684;0;1;;"test0";8682;4969922
100;-1837825390;true;0.003980430254315684;0;1;;"test0";7845;4969922
100;-97833119;true;0.0039859256410295744;0;1;;"test0";8119;4969922
100;-977019113;true;0.0039859256410295744;0;1;;"test0";9476;4969922
100;-1928250567;true;0.0039859256410295744;0;1;;"test0";8659;4969922
100;-593322413;true;0.003989384122902249;0;1;;"test0";8514;4969922
100;-1782245526;true;0.003989384122902249;0;1;;"test0";8246;4969922
100;385021597;true;0.003989384122902249;0;1;;"test0";8761;4969922
100;-1782245526;true;0.003989384122902249;0;1;;"test0";8708;4969922
100;652323981;true;0.003993932077870677;0;1;;"test0";7683;4969922
100;-537788913;true;0.004000321967775602;0;1;;"test0";8307;4969922
100;2089829602;true;0.004000321967775602;0;1;;"test0";8216;4969922
100;566363259;true;0.004000321967775602;0;1;;"test0";8031;4969922
100;-1117518598;true;0.004000321967775602;0;1;;"test0";7722;4969922
100;1232466211;true;0.004000321967775602;0;1;;"test0";8314;4969922
100;-742403296;true;0.004000321967775602;0;1;;"test0";8087;4969922
100;-758624331;true;0.004000321967775602;0;1;;"test0";8194;4969922
100;53113383;true;0.004001587392349194;0;1;;"test0";8118;4969922
100;-1685016658;true;0.004001587392349194;0;1;;"test0";7700;4969922
100;-32073140;true;0.004001587392349194;0;1;;"test0";8400;4969922
100;-1685016658;true;0.004001587392349194;0;1;;"test0";7540;4969922
100;558910527;true;0.004001587392349194;0;1;;"test0";8457;4969922
101;2039223740;false;-1;0;1;;"test0";NaN;5035642
101;263845541;false;-1;0;1;;"test0";NaN;5035642
101;1429018147;true;0.00286427732079906;0;1;;"test0";8401;5035642
101;-139352957;true;0.003003432494279176;0;1;;"test0";8152;5035642
101;938472017;true;0.0034417029964927503;0;1;;"test0";8331;5035642
101;1979651419;true;0.0034485260626164367;0;1;;"test0";7406;5035642
101;545026615;true;0.0034523666030999104;0;1;;"test0";6284;5035642
101;-248397219;true;0.0035753273099229823;0;1;;"test0";8256;5035642
101;854166763;true;0.0035753273099229823;0;1;;"test0";7749;5035642
101;-657074620;true;0.0035753273099229823;0;1;;"test0";7561;5035642
101;609525048;true;0.0035753273099229823;0;1;;"test0";7725;5035642
101;-1070027192;true;0.0035753273099229823;0;1;;"test0";9100;5035642
101;-658741638;true;0.003577182176424323;0;1;;"test0";8322;5035642
101;2109764755;true;0.0035774120306526374;0;1;;"test0";8289;5035642
101;19705769;true;0.0035968165749268245;0;1;;"test0";7566;5035642
101;-1844068992;true;0.0035994427202612617;0;1;;"test0";8524;5035642
101;528941620;true;0.0035994427202612617;0;1;;"test0";7775;5035642
101;-866337013;true;0.0036112283796290914;0;1;;"test0";8371;5035642
101;1716321429;true;0.003796113882157877;0;1;;"test0";7387;5035642
101;-1248009557;true;0.0038092274555293227;0;1;;"test0";7298;5035642
101;1107157522;true;0.0038092274555293227;0;1;;"test0";8346;5035642
101;1257260538;true;0.0038095006537706834;0;1;;"test0";7699;5035642
101;1257260538;true;0.0038095006537706834;0;1;;"test0";6795;5035642
101;-827428619;true;0.0038478332637784532;0;1;;"test0";8414;5035642
101;-35059561;true;0.003934678733098571;0;1;;"test0";8574;5035642
101;-779777850;true;0.003934678733098571;0;1;;"test0";7110;5035642
101;122050338;true;0.003934678733098571;0;1;;"test0";7356;5035642
101;1642514265;true;0.00397508597276459;0;1;;"test0";8050;5035642
101;1671684101;true;0.003979369140726256;0;1;;"test0";7965;5035642
101;251863662;true;0.003979369140726256;0;1;;"test0";4618;5035642
101;-1765509764;true;0.003980430254315684;0;1;;"test0";8519;5035642
101;-1765509764;true;0.003980430254315684;0;1;;"test0";8218;5035642
101;-52377451;true;0.003989384122902249;0;1;;"test0";8003;5035642
101;385021597;true;0.003989384122902249;0;1;;"test0";7366;5035642
101;1966837547;true;0.003989384122902249;0;1;;"test0";8268;5035642
101;-1418980721;true;0.003989384122902249;0;1;;"test0";7364;5035642
101;652323981;true;0.003993932077870677;0;1;;"test0";8240;5035642
101;1759613497;true;0.003993932077870677;0;1;;"test0";7857;5035642
101;-758624331;true;0.004000321967775602;0;1;;"test0";4561;5035642
101;-1890213053;true;0.004000321967775602;0;1;;"test0";8081;5035642
101;-758624331;true;0.004000321967775602;0;1;;"test0";7303;5035642
101;566363259;true;0.004000321967775602;0;1;;"test0";7622;5035642
101;589802976;true;0.004001587392349194;0;1;;"test0";9170;5035642
101;1474781567;true;0.004001587392349194;0;1;;"test0";8503;5035642
101;-1685016658;true;0.004001587392349194;0;1;;"test0";1;5035642
101;-1276669253;true;0.004001587392349194;0;1;;"test0";8195;5035642
101;558910527;true;0.004001587392349194;0;1;;"test0";1;5035642
101;53113383;true;0.004001587392349194;0;1;;"test0";7695;5035642
101;53113383;true;0.004001587392349194;0;1;;"test0";7049;5035642
101;1080665483;true;0.004001587392349194;0;1;;"test0";8109;5035642
102;962755650;true;0.00286427732079906;0;1;;"test0";7476;5086493
102;-932163953;true;0.0035753273099229823;0;1;;"test0";6477;5086493
102;-636645755;true;0.0035753273099229823;0;1;;"test0";8968;5086493
102;2109764755;true;0.0035774120306526374;0;1;;"test0";8408;5086493
102;2109764755;true;0.0035774120306526374;0;1;;"test0";8418;5086493
102;-1844068992;true;0.0035994427202612617;0;1;;"test0";6977;5086493
102;-1683261670;true;0.0035994427202612617;0;1;;"test0";7889;5086493
102;-347286301;true;0.0035994427202612617;0;1;;"test0";7432;5086493
102;-1151851184;true;0.0035994427202612617;0;1;;"test0";8270;5086493
102;1506460703;true;0.0035994427202612617;0;1;;"test0";7952;5086493
102;528941620;true;0.0035994427202612617;0;1;;"test0";8431;5086493
102;-2070483794;true;0.0035994427202612617;0;1;;"test0";8435;5086493
102;214688568;true;0.0035994427202612617;0;1;;"test0";8412;5086493
102;1230960755;true;0.0036112283796290914;0;1;;"test0";8402;5086493
102;2053485932;true;0.0036112283796290914;0;1;;"test0";8389;5086493
102;482205076;true;0.003796113882157877;0;1;;"test0";7744;5086493
102;-1051065944;true;0.003796113882157877;0;1;;"test0";7962;5086493
102;-1532714481;true;0.003796113882157877;0;1;;"test0";7862;5086493
102;384954780;true;0.003796113882157877;0;1;;"test0";7200;5086493
102;1716321429;true;0.003796113882157877;0;1;;"test0";7507;5086493
102;-2100520060;true;0.0038092274555293227;0;1;;"test0";8332;5086493
102;1107157522;true;0.0038092274555293227;0;1;;"test0";8417;5086493
102;-1573565457;true;0.0038092274555293227;0;1;;"test0";7747;5086493
102;-1853009623;true;0.0038092274555293227;0;1;;"test0";7489;5086493
102;601597056;true;0.0038095006537706834;0;1;;"test0";7572;5086493
102;-827428619;true;0.0038478332637784532;0;1;;"test0";8111;5086493
102;525015382;true;0.00397508597276459;0;1;;"test0";8289;5086493
102;1642514265;true;0.00397508597276459;0;1;;"test0";8189;5086493
102;1642514265;true;0.00397508597276459;0;1;;"test0";8875;5086493
102;589283188;true;0.00397508597276459;0;1;;"test0";8353;5086493
102;1838174227;true;0.00397508597276459;0;1;;"test0";7881;5086493
102;1518479449;true;0.003979369140726256;0;1;;"test0";8412;5086493
102;-1135878921;true;0.003979369140726256;0;1;;"test0";8399;5086493
102;1671684101;true;0.003979369140726256;0;1;;"test0";7858;5086493
102;1671684101;true;0.003979369140726256;0;1;;"test0";8997;5086493
102;1708556058;true;0.003989384122902249;0;1;;"test0";9002;5086493
102;-52377451;true;0.003989384122902249;0;1;;"test0";8747;5086493
102;343171880;true;0.003993932077870677;0;1;;"test0";8245;5086493
102;-1547687267;true;0.003993932077870677;0;1;;"test0";8328;5086493
102;-758624331;true;0.004000321967775602;0;1;;"test0";5722;5086493
102;1586060344;true;0.004000321967775602;0;1;;"test0";7745;5086493
102;888802238;true;0.004000321967775602;0;1;;"test0";7547;5086493
102;-1890213053;true;0.004000321967775602;0;1;;"test0";8333;5086493
102;880509000;true;0.004001587392349194;0;1;;"test0";8619;5086493
102;53113383;true;0.004001587392349194;0;1;;"test0";1;5086493
102;-1429503246;true;0.004001587392349194;0;1;;"test0";8491;5086493
102;970767937;true;0.004001587392349194;0;1;;"test0";7877;5086493
102;-279945507;true;0.004001587392349194;0;1;;"test0";8297;5086493
102;1080665483;true;0.004001587392349194;0;1;;"test0";1;5086493
102;995096116;true;0.004001587392349194;0;1;;"test0";8382;5086493
103;-844266962;true;0.00286427732079906;0;1;;"test0";8344;5140334
103;1687107677;true;0.00286427732079906;0;1;;"test0";8255;5140334
103;-1714090091;true;0.0035748401723240176;0;1;;"test0";7700;5140334
103;1985662739;true;0.003575247464352792;0;1;;"test0";8223;5140334
103;-305704029;true;0.0035774120306526374;0;1;;"test0";8444;5140334
103;-533352777;true;0.0035994427202612617;0;1;;"test0";8681;5140334
103;-674534008;true;0.0035994427202612617;0;1;;"test0";8542;5140334
103;1966754731;true;0.0036112283796290914;0;1;;"test0";8480;5140334
103;-1684197015;true;0.0036112283796290914;0;1;;"test0";8088;5140334
103;1230960755;true;0.0036112283796290914;0;1;;"test0";8480;5140334
103;-1951381256;true;0.003796113882157877;0;1;;"test0";8894;5140334
103;-100042112;true;0.0037976002598750233;0;1;;"test0";8534;5140334
103;752937531;true;0.0038091741485492808;0;1;;"test0";8520;5140334
103;-1927552364;true;0.0038092274555293227;0;1;;"test0";8271;5140334
103;-1164050052;true;0.0038092274555293227;0;1;;"test0";8341;5140334
103;194490190;true;0.0038092274555293227;0;1;;"test0";7967;5140334
103;-1573565457;true;0.0038092274555293227;0;1;;"test0";7380;5140334
103;-1964510441;true;0.0038095006537706834;0;1;;"test0";8141;5140334
103;216660151;true;0.0038095006537706834;0;1;;"test0";8429;5140334
103;-827428619;true;0.0038478332637784532;0;1;;"test0";8470;5140334
103;-2068812168;true;0.0038478332637784532;0;1;;"test0";8466;5140334
103;-205957547;true;0.00397508597276459;0;1;;"test0";7829;5140334
103;1642514265;true;0.00397508597276459;0;1;;"test0";8529;5140334
103;970463196;true;0.003979369140726256;0;1;;"test0";9203;5140334
103;1518479449;true;0.003979369140726256;0;1;;"test0";8725;5140334
103;1062754257;true;0.003980430254315684;0;1;;"test0";8175;5140334
103;-1328613925;true;0.003981412244461138;0;1;;"test0";8378;5140334
103;1761403026;true;0.003989384122902249;0;1;;"test0";8407;5140334
103;1708556058;true;0.003989384122902249;0;1;;"test0";8492;5140334
103;-278813062;true;0.003989384122902249;0;1;;"test0";7458;5140334
103;-1547687267;true;0.003993932077870677;0;1;;"test0";8401;5140334
103;1566156883;true;0.003993932077870677;0;1;;"test0";8691;5140334
103;-165637432;true;0.003993932077870677;0;1;;"test0";8275;5140334
103;-2036105411;true;0.003993932077870677;0;1;;"test0";8391;5140334
103;2062427308;true;0.003993932077870677;0;1;;"test0";8702;5140334
103;888802238;true;0.004000321967775602;0;1;;"test0";8737;5140334
103;-170067919;true;0.004000321967775602;0;1;;"test0";8496;5140334
103;-758624331;true;0.004000321967775602;0;1;;"test0";9211;5140334
103;-2130791019;true;0.004000321967775602;0;1;;"test0";8039;5140334
103;995096116;true;0.004001587392349194;0;1;;"test0";8428;5140334
103;53113383;true;0.004001587392349194;0;1;;"test0";8775;5140334
103;880509000;true;0.004001587392349194;0;1;;"test0";7526;5140334
103;1080665483;true;0.004001587392349194;0;1;;"test0";1;5140334
103;-326773866;true;0.004001587392349194;0;1;;"test0";9421;5140334
103;1133369864;true;0.004001587392349194;0;1;;"test0";8206;5140334
103;1353445023;true;0.004001587392349194;0;1;;"test0";8400;5140334
103;446199016;true;0.004001587392349194;0;1;;"test0";7704;5140334
103;-351040024;true;0.004001587392349194;0;1;;"test0";7422;5140334
103;-275525908;true;0.004001587392349194;0;1;;"test0";8402;5140334
104;-2016063074;false;-1;0;1;;"test0";NaN;5197151
104;20448124;false;-1;0;1;;"test0";NaN;5197151
104;1507898395;true;0.0028642005243457043;0;1;;"test0";8777;5197151
104;-1389480855;true;0.00286427732079906;0;1;;"test0";7824;5197151
104;1151190666;true;0.003003432494279176;0;1;;"test0";8242;5197151
104;2040533226;true;0.003447741951675743;0;1;;"test0";8353;5197151
104;-124977145;true;0.0035774120306526374;0;1;;"test0";7769;5197151
104;278329757;true;0.0035994427202612617;0;1;;"test0";7891;5197151
104;-1022803655;true;0.0035994427202612617;0;1;;"test0";7205;5197151
104;-811462401;true;0.0035994427202612617;0;1;;"test0";7307;5197151
104;955939845;true;0.0035994427202612617;0;1;;"test0";7773;5197151
104;-616225805;true;0.0035994427202612617;0;1;;"test0";5608;5197151
104;-1138546722;true;0.0035994427202612617;0;1;;"test0";7972;5197151
104;-615208111;true;0.003608054361321069;0;1;;"test0";7190;5197151
104;690466160;true;0.0036112283796290914;0;1;;"test0";7986;5197151
104;-330295102;true;0.003796113882157877;0;1;;"test0";6646;5197151
104;1623962714;true;0.003796113882157877;0;1;;"test0";5135;5197151
104;1560977190;true;0.003806325741146182;0;1;;"test0";6557;5197151
104;752937531;true;0.0038091741485492808;0;1;;"test0";6980;5197151
104;-743186318;true;0.0038091741485492808;0;1;;"test0";8181;5197151
104;-2121629383;true;0.0038091741485492808;0;1;;"test0";8071;5197151
104;-1516723230;true;0.0038091741485492808;0;1;;"test0";7209;5197151
104;-1770183934;true;0.0038091741485492808;0;1;;"test0";6458;5197151
104;-1602394894;true;0.0038091741485492808;0;1;;"test0";6396;5197151
104;-997825649;true;0.0038091741485492808;0;1;;"test0";6601;5197151
104;-1927552364;true;0.0038092274555293227;0;1;;"test0";5976;5197151
104;-2068812168;true;0.0038478332637784532;0;1;;"test0";8301;5197151
104;-27956882;true;0.0038478332637784532;0;1;;"test0";7575;5197151
104;-2101951245;true;0.0038478332637784532;0;1;;"test0";7581;5197151
104;964358704;true;0.003848063837628399;0;1;;"test0";8063;5197151
104;-790120523;true;0.003848063837628399;0;1;;"test0";8169;5197151
104;1518479449;true;0.003979369140726256;0;1;;"test0";8888;5197151
104;970463196;true;0.003979369140726256;0;1;;"test0";6635;5197151
104;1518479449;true;0.003979369140726256;0;1;;"test0";6517;5197151
104;-745325322;true;0.003980430254315684;0;1;;"test0";8940;5197151
104;1062754257;true;0.003980430254315684;0;1;;"test0";5211;5197151
104;1062754257;true;0.003980430254315684;0;1;;"test0";5642;5197151
104;-379567207;true;0.003981412244461138;0;1;;"test0";7374;5197151
104;-1340037251;true;0.003985425906272067;0;1;;"test0";6444;5197151
104;-278813062;true;0.003989384122902249;0;1;;"test0";7399;5197151
104;1761403026;true;0.003989384122902249;0;1;;"test0";7962;5197151
104;-568977069;true;0.003989384122902249;0;1;;"test0";7810;5197151
104;408110736;true;0.003989384122902249;0;1;;"test0";6664;5197151
104;-278813062;true;0.003989384122902249;0;1;;"test0";6134;5197151
104;678604051;true;0.003993932077870677;0;1;;"test0";7889;5197151
104;-1459007658;true;0.004000321967775602;0;1;;"test0";8087;5197151
104;446199016;true;0.004001587392349194;0;1;;"test0";7046;5197151
104;15937706;true;0.004001587392349194;0;1;;"test0";8701;5197151
104;-351040024;true;0.004001587392349194;0;1;;"test0";1;5197151
104;-275525908;true;0.004001587392349194;0;1;;"test0";1;5197151
105;1062754257;false;-1;0;1;;"test0";NaN;5267582
105;744590074;true;0.0034381986802739565;0;1;;"test0";8181;5267582
105;-94730558;true;0.003443041114540441;0;1;;"test0";8332;5267582
105;1425185615;true;0.0035774120306526374;0;1;;"test0";8135;5267582
105;-124977145;true;0.0035774120306526374;0;1;;"test0";8439;5267582
105;-124977145;true;0.0035774120306526374;0;1;;"test0";8427;5267582
105;710572223;true;0.0035968165749268245;0;1;;"test0";8606;5267582
105;1631440787;true;0.0035973748018715626;0;1;;"test0";8388;5267582
105;-777491754;true;0.0035994427202612617;0;1;;"test0";8184;5267582
105;626138174;true;0.0035994427202612617;0;1;;"test0";8629;5267582
105;-1456696675;true;0.0035994427202612617;0;1;;"test0";9037;5267582
105;615381292;true;0.0036021007562967713;0;1;;"test0";8550;5267582
105;-615208111;true;0.003608054361321069;0;1;;"test0";6857;5267582
105;-615208111;true;0.003608054361321069;0;1;;"test0";8621;5267582
105;-615208111;true;0.003608054361321069;0;1;;"test0";6981;5267582
105;-1830843239;true;0.0036112283796290914;0;1;;"test0";8282;5267582
105;1597348755;true;0.0036214699215474677;0;1;;"test0";8388;5267582
105;-842728179;true;0.003796113882157877;0;1;;"test0";8267;5267582
105;858117806;true;0.003797594448847749;0;1;;"test0";8684;5267582
105;1560977190;true;0.003806325741146182;0;1;;"test0";8458;5267582
105;-161214676;true;0.003806325741146182;0;1;;"test0";8600;5267582
105;1560977190;true;0.003806325741146182;0;1;;"test0";8758;5267582
105;1176955800;true;0.003806325741146182;0;1;;"test0";8762;5267582
105;1560977190;true;0.003806325741146182;0;1;;"test0";8468;5267582
105;-1560422763;true;0.003806325741146182;0;1;;"test0";7771;5267582
105;1560977190;true;0.003806325741146182;0;1;;"test0";8609;5267582
105;-1927552364;true;0.0038092274555293227;0;1;;"test0";8456;5267582
105;1766265728;true;0.0038092274555293227;0;1;;"test0";8453;5267582
105;-485182240;true;0.0038478332637784532;0;1;;"test0";8611;5267582
105;-1472649078;true;0.0038478332637784532;0;1;;"test0";7998;5267582
105;-2068812168;true;0.0038478332637784532;0;1;;"test0";7403;5267582
105;-2068812168;true;0.0038478332637784532;0;1;;"test0";7925;5267582
105;-1458668980;true;0.003848063837628399;0;1;;"test0";8498;5267582
105;324976479;true;0.0038870282335081445;0;1;;"test0";8517;5267582
105;1518479449;true;0.003979369140726256;0;1;;"test0";9682;5267582
105;551280806;true;0.003980430254315684;0;1;;"test0";7823;5267582
105;-2011697156;true;0.003989384122902249;0;1;;"test0";8266;5267582
105;-1088430195;true;0.003989384122902249;0;1;;"test0";8553;5267582
105;678604051;true;0.003993932077870677;0;1;;"test0";8689;5267582
105;-1039982642;true;0.003993932077870677;0;1;;"test0";8546;5267582
105;-1495888231;true;0.003993932077870677;0;1;;"test0";9226;5267582
105;-247418276;true;0.003993932077870677;0;1;;"test0";7961;5267582
105;-1459007658;true;0.004000321967775602;0;1;;"test0";8646;5267582
105;817393047;true;0.004000321967775602;0;1;;"test0";8700;5267582
105;-468191955;true;0.004000321967775602;0;1;;"test0";7423;5267582
105;-275525908;true;0.004001587392349194;0;1;;"test0";8186;5267582
105;-351040024;true;0.004001587392349194;0;1;;"test0";1;5267582
105;622209363;true;0.004001587392349194;0;1;;"test0";8177;5267582
105;1044126142;true;0.004001587392349194;0;1;;"test0";8843;5267582
106;1703910803;true;0.00286427732079906;0;1;;"test0";6092;5319881
106;1323326977;true;0.00286427732079906;0;1;;"test0";8116;5319881
106;-2020715588;true;0.0034357672883224186;0;1;;"test0";6138;5319881
106;1696916551;true;0.0034381986802739565;0;1;;"test0";7344;5319881
106;-1464112096;true;0.0034425421559964695;0;1;;"test0";8970;5319881
106;102892799;true;0.003443041114540441;0;1;;"test0";7983;5319881
106;-2014885516;true;0.003576497010340642;0;1;;"test0";7215;5319881
106;-1325071274;true;0.0035903807733407653;0;1;;"test0";8921;5319881
106;2303896;true;0.003592593495650187;0;1;;"test0";7377;5319881
106;-357066898;true;0.003592880984180344;0;1;;"test0";8487;5319881
106;-1073557808;true;0.0035968165749268245;0;1;;"test0";8693;5319881
106;368483135;true;0.0035968165749268245;0;1;;"test0";7880;5319881
106;155300841;true;0.0035968165749268245;0;1;;"test0";6815;5319881
106;-1787098158;true;0.0035994427202612617;0;1;;"test0";8177;5319881
106;-1686072530;true;0.003608054361321069;0;1;;"test0";7465;5319881
106;-1675293553;true;0.003608054361321069;0;1;;"test0";8162;5319881
106;2131163658;true;0.003608054361321069;0;1;;"test0";6273;5319881
106;-1621543463;true;0.0036204277921061154;0;1;;"test0";7349;5319881
106;-842728179;true;0.003796113882157877;0;1;;"test0";7337;5319881
106;626094832;true;0.003796113882157877;0;1;;"test0";7484;5319881
106;-1605875276;true;0.003796113882157877;0;1;;"test0";7853;5319881
106;858117806;true;0.003797594448847749;0;1;;"test0";8888;5319881
106;1902066030;true;0.0038003487984556573;0;1;;"test0";9676;5319881
106;155817893;true;0.0038006456225995796;0;1;;"test0";7134;5319881
106;1176955800;true;0.003806325741146182;0;1;;"test0";7230;5319881
106;-146479774;true;0.0038091741485492808;0;1;;"test0";9556;5319881
106;-1927552364;true;0.0038092274555293227;0;1;;"test0";8167;5319881
106;-1472649078;true;0.0038478332637784532;0;1;;"test0";8867;5319881
106;1494129060;true;0.003848063837628399;0;1;;"test0";8092;5319881
106;-1458668980;true;0.003848063837628399;0;1;;"test0";8172;5319881
106;-1458668980;true;0.003848063837628399;0;1;;"test0";7191;5319881
106;121461755;true;0.003848063837628399;0;1;;"test0";7631;5319881
106;-576299650;true;0.003886592346508793;0;1;;"test0";8858;5319881
106;1760745794;true;0.003886592346508793;0;1;;"test0";8527;5319881
106;324976479;true;0.0038870282335081445;0;1;;"test0";8129;5319881
106;1518479449;true;0.003979369140726256;0;1;;"test0";8789;5319881
106;-711419080;true;0.003980430254315684;0;1;;"test0";8737;5319881
106;-801724957;true;0.003981466520785733;0;1;;"test0";8259;5319881
106;712718364;true;0.003989384122902249;0;1;;"test0";8537;5319881
106;-2011697156;true;0.003989384122902249;0;1;;"test0";8101;5319881
106;-2011697156;true;0.003989384122902249;0;1;;"test0";8530;5319881
106;-2011697156;true;0.003989384122902249;0;1;;"test0";8112;5319881
106;-662082429;true;0.004000321967775602;0;1;;"test0";8407;5319881
106;-351040024;true;0.004001587392349194;0;1;;"test0";8469;5319881
106;-121314349;true;0.004001587392349194;0;1;;"test0";7793;5319881
106;1044126142;true;0.004001587392349194;0;1;;"test0";2;5319881
106;-544846532;true;0.004001587392349194;0;1;;"test0";8297;5319881
106;622209363;true;0.004001587392349194;0;1;;"test0";2;5319881
106;-424383436;true;0.004001587392349194;0;1;;"test0";8116;5319881
106;1342192264;true;0.004001587392349194;0;1;;"test0";8117;5319881
107;-2122751309;true;0.00286427732079906;0;1;;"test0";8964;5370913
107;1786905466;true;0.00286427732079906;0;1;;"test0";8115;5370913
107;836078106;true;0.003003432494279176;0;1;;"test0";6075;5370913
107;-1484310777;true;0.003441278788047559;0;1;;"test0";7717;5370913
107;1260559576;true;0.0035632074918432607;0;1;;"test0";8839;5370913
107;-1327505034;true;0.003575247464352792;0;1;;"test0";5452;5370913
107;172439105;true;0.003576497010340642;0;1;;"test0";9224;5370913
107;-1374270631;true;0.0035771080819105845;0;1;;"test0";8977;5370913
107;1771414444;true;0.0035771080819105845;0;1;;"test0";9031;5370913
107;500580340;true;0.0035985649180485134;0;1;;"test0";8972;5370913
107;2138127833;true;0.0035994427202612617;0;1;;"test0";8199;5370913
107;210641912;true;0.0035994427202612617;0;1;;"test0";7261;5370913
107;615060945;true;0.003608054361321069;0;1;;"test0";8462;5370913
107;-1686072530;true;0.003608054361321069;0;1;;"test0";8084;5370913
107;-730941181;true;0.0036204277921061154;0;1;;"test0";7844;5370913
107;-1621543463;true;0.0036204277921061154;0;1;;"test0";7572;5370913
107;-1570515863;true;0.003796113882157877;0;1;;"test0";8439;5370913
107;337407121;true;0.003796113882157877;0;1;;"test0";8080;5370913
107;-1832175318;true;0.003796113882157877;0;1;;"test0";8379;5370913
107;1654599502;true;0.003796113882157877;0;1;;"test0";8713;5370913
107;493484644;true;0.003797594448847749;0;1;;"test0";6671;5370913
107;-115219856;true;0.0038003487984556573;0;1;;"test0";8430;5370913
107;641910119;true;0.0038091741485492808;0;1;;"test0";7797;5370913
107;817946497;true;0.0038091741485492808;0;1;;"test0";7534;5370913
107;1230765776;true;0.0038091741485492808;0;1;;"test0";7536;5370913
107;2036312010;true;0.0038091741485492808;0;1;;"test0";6807;5370913
107;-1927552364;true;0.0038092274555293227;0;1;;"test0";6983;5370913
107;1671250951;true;0.0038248615789484076;0;1;;"test0";8532;5370913
107;-2063472658;true;0.003834142671596543;0;1;;"test0";7194;5370913
107;-280098788;true;0.003848063837628399;0;1;;"test0";7220;5370913
107;-1166412871;true;0.0038870282335081445;0;1;;"test0";7715;5370913
107;-1544788298;true;0.0038870282335081445;0;1;;"test0";7419;5370913
107;-2104200399;true;0.0038870282335081445;0;1;;"test0";7911;5370913
107;324976479;true;0.0038870282335081445;0;1;;"test0";8095;5370913
107;102682894;true;0.003979369140726256;0;1;;"test0";6745;5370913
107;57390255;true;0.003979369140726256;0;1;;"test0";6281;5370913
107;-860788137;true;0.003979369140726256;0;1;;"test0";6375;5370913
107;1261262163;true;0.003980430254315684;0;1;;"test0";8317;5370913
107;-711419080;true;0.003980430254315684;0;1;;"test0";7231;5370913
107;1880221094;true;0.003981466520785733;0;1;;"test0";7925;5370913
107;-717722647;true;0.003981466520785733;0;1;;"test0";8244;5370913
107;2087073262;true;0.003988244687636859;0;1;;"test0";8980;5370913
107;217024165;true;0.004000321967775602;0;1;;"test0";6177;5370913
107;1503911575;true;0.004000321967775602;0;1;;"test0";8523;5370913
107;-1275559732;true;0.004000321967775602;0;1;;"test0";7074;5370913
107;1342192264;true;0.004001587392349194;0;1;;"test0";2;5370913
107;-544846532;true;0.004001587392349194;0;1;;"test0";7524;5370913
107;194147451;true;0.004001587392349194;0;1;;"test0";8104;5370913
107;-424383436;true;0.004001587392349194;0;1;;"test0";2;5370913
107;-1423153977;true;0.004001587392349194;0;1;;"test0";8906;5370913
108;-1050739665;true;0.002574370709382151;0;1;;"test0";8660;5423136
108;-8632704;true;0.00286427732079906;0;1;;"test0";8709;5423136
108;1748505334;true;0.003575881669786906;0;1;;"test0";7978;5423136
108;-1374270631;true;0.0035771080819105845;0;1;;"test0";8702;5423136
108;1016586787;true;0.0035771080819105845;0;1;;"test0";8501;5423136
108;-1651271429;true;0.0035903807733407653;0;1;;"test0";8155;5423136
108;-1459581159;true;0.003592487619084591;0;1;;"test0";8685;5423136
108;500580340;true;0.0035985649180485134;0;1;;"test0";7240;5423136
108;-1541046900;true;0.0035985649180485134;0;1;;"test0";7211;5423136
108;2138127833;true;0.0035994427202612617;0;1;;"test0";7120;5423136
108;-295769776;true;0.0035994427202612617;0;1;;"test0";6937;5423136
108;1838855769;true;0.003608054361321069;0;1;;"test0";7995;5423136
108;1457257695;true;0.003608054361321069;0;1;;"test0";7290;5423136
108;-1832175318;true;0.003796113882157877;0;1;;"test0";8973;5423136
108;2096843988;true;0.003796113882157877;0;1;;"test0";8115;5423136
108;421552564;true;0.0037976002598750233;0;1;;"test0";9125;5423136
108;-373029404;true;0.0038003487984556573;0;1;;"test0";9245;5423136
108;-115219856;true;0.0038003487984556573;0;1;;"test0";8120;5423136
108;1936782185;true;0.0038091741485492808;0;1;;"test0";8291;5423136
108;-583315875;true;0.0038091741485492808;0;1;;"test0";8653;5423136
108;582144385;true;0.0038248615789484076;0;1;;"test0";8454;5423136
108;-1151446507;true;0.0038248615789484076;0;1;;"test0";8237;5423136
108;-2063472658;true;0.003834142671596543;0;1;;"test0";6317;5423136
108;-1069103684;true;0.003834142671596543;0;1;;"test0";8707;5423136
108;-2063472658;true;0.003834142671596543;0;1;;"test0";8803;5423136
108;-157816972;true;0.003834142671596543;0;1;;"test0";9037;5423136
108;-636735076;true;0.0038478332637784532;0;1;;"test0";7752;5423136
108;-280098788;true;0.003848063837628399;0;1;;"test0";8214;5423136
108;-2104200399;true;0.0038870282335081445;0;1;;"test0";7675;5423136
108;-2104200399;true;0.0038870282335081445;0;1;;"test0";8982;5423136
108;57390255;true;0.003979369140726256;0;1;;"test0";6869;5423136
108;-711419080;true;0.003980430254315684;0;1;;"test0";8211;5423136
108;-1536894630;true;0.003981466520785733;0;1;;"test0";8594;5423136
108;-1391038642;true;0.003981466520785733;0;1;;"test0";7458;5423136
108;-717722647;true;0.003981466520785733;0;1;;"test0";8496;5423136
108;-1276761181;true;0.003981466520785733;0;1;;"test0";8209;5423136
108;-555475690;true;0.003981466520785733;0;1;;"test0";8009;5423136
108;-878894313;true;0.003981466520785733;0;1;;"test0";8481;5423136
108;1944391096;true;0.0039865342872755834;0;1;;"test0";8490;5423136
108;-906864866;true;0.004000321967775602;0;1;;"test0";8111;5423136
108;-544846532;true;0.004001587392349194;0;1;;"test0";6846;5423136
108;1598930419;true;0.004001587392349194;0;1;;"test0";8929;5423136
108;660943614;true;0.004001587392349194;0;1;;"test0";8304;5423136
108;-1521079955;true;0.004001587392349194;0;1;;"test0";8409;5423136
108;-501210268;true;0.004001587392349194;0;1;;"test0";8587;5423136
108;1342192264;true;0.004001587392349194;0;1;;"test0";8429;5423136
108;162465684;true;0.004001587392349194;0;1;;"test0";6504;5423136
108;837131936;true;0.004001587392349194;0;1;;"test0";5880;5423136
108;-424383436;true;0.004001587392349194;0;1;;"test0";1;5423136
108;-1423153977;true;0.004001587392349194;0;1;;"test0";1;5423136
109;836457117;true;0.002574370709382151;0;1;;"test0";8088;5475341
109;97700513;true;0.00286427732079906;0;1;;"test0";8616;5475341
109;40405871;true;0.0035771080819105845;0;1;;"test0";8481;5475341
109;-754912389;true;0.003577182176424323;0;1;;"test0";8917;5475341
109;1650870268;true;0.0035994427202612617;0;1;;"test0";7601;5475341
109;34933318;true;0.0035994427202612617;0;1;;"test0";8183;5475341
109;-704084796;true;0.0035994427202612617;0;1;;"test0";7305;5475341
109;1457257695;true;0.003608054361321069;0;1;;"test0";7929;5475341
109;1838855769;true;0.003608054361321069;0;1;;"test0";8341;5475341
109;1457257695;true;0.003608054361321069;0;1;;"test0";8595;5475341
109;-167475419;true;0.0037976002598750233;0;1;;"test0";7351;5475341
109;421552564;true;0.0037976002598750233;0;1;;"test0";8724;5475341
109;-373029404;true;0.0038003487984556573;0;1;;"test0";8169;5475341
109;-457824933;true;0.0038003487984556573;0;1;;"test0";8473;5475341
109;459791900;true;0.0038248615789484076;0;1;;"test0";8730;5475341
109;-891069846;true;0.0038248615789484076;0;1;;"test0";8595;5475341
109;-2011108054;true;0.003834142671596543;0;1;;"test0";9231;5475341
109;-1867000791;true;0.003834142671596543;0;1;;"test0";8787;5475341
109;2043946689;true;0.003848063837628399;0;1;;"test0";9023;5475341
109;-2104200399;true;0.0038870282335081445;0;1;;"test0";8388;5475341
109;-2104200399;true;0.0038870282335081445;0;1;;"test0";8271;5475341
109;-1461810252;true;0.0039737130144057485;0;1;;"test0";8438;5475341
109;-388907464;true;0.003979369140726256;0;1;;"test0";8734;5475341
109;57390255;true;0.003979369140726256;0;1;;"test0";8832;5475341
109;57390255;true;0.003979369140726256;0;1;;"test0";8828;5475341
109;-711419080;true;0.003980430254315684;0;1;;"test0";9128;5475341
109;-878894313;true;0.003981466520785733;0;1;;"test0";9526;5475341
109;142382359;true;0.003981466520785733;0;1;;"test0";7067;5475341
109;-878894313;true;0.003981466520785733;0;1;;"test0";8388;5475341
109;-1538230102;true;0.003981466520785733;0;1;;"test0";8454;5475341
109;-1558083526;true;0.003981466520785733;0;1;;"test0";7367;5475341
109;1565737681;true;0.003981466520785733;0;1;;"test0";8578;5475341
109;-1625999717;true;0.0039865342872755834;0;1;;"test0";9222;5475341
109;-387231901;true;0.0039865342872755834;0;1;;"test0";9426;5475341
109;1944391096;true;0.0039865342872755834;0;1;;"test0";8602;5475341
109;1944391096;true;0.0039865342872755834;0;1;;"test0";8470;5475341
109;-906864866;true;0.004000321967775602;0;1;;"test0";6738;5475341
109;1942788958;true;0.004000321967775602;0;1;;"test0";7244;5475341
109;-906864866;true;0.004000321967775602;0;1;;"test0";7786;5475341
109;-906864866;true;0.004000321967775602;0;1;;"test0";8516;5475341
109;-1724696314;true;0.004000321967775602;0;1;;"test0";8887;5475341
109;-2016012730;true;0.004000321967775602;0;1;;"test0";7780;5475341
109;1669548140;true;0.004000321967775602;0;1;;"test0";6912;5475341
109;-501210268;true;0.004001587392349194;0;1;;"test0";7799;5475341
109;-921209354;true;0.004001587392349194;0;1;;"test0";8570;5475341
109;-1423153977;true;0.004001587392349194;0;1;;"test0";2;5475341
109;570208739;true;0.004001587392349194;0;1;;"test0";7709;5475341
109;-424383436;true;0.004001587392349194;0;1;;"test0";8940;5475341
109;1587328895;true;0.004001587392349194;0;1;;"test0";8841;5475341
110;1038825437;false;-1;0;1;;"test0";NaN;5541411
110;-906864866;false;-1;0;1;;"test0";NaN;5541411
110;1460814110;true;0.0028642005243457043;0;1;;"test0";8098;5541411
110;-1228947447;true;0.00286427732079906;0;1;;"test0";7086;5541411
110;535128320;true;0.00286427732079906;0;1;;"test0";8800;5541411
110;-883186336;true;0.00286427732079906;0;1;;"test0";7752;5541411
110;-113910280;true;0.0028643572950366922;0;1;;"test0";7181;5541411
110;1984100875;true;0.0035735045543126903;0;1;;"test0";7424;5541411
110;2124910607;true;0.003576468713283562;0;1;;"test0";6528;5541411
110;288078642;true;0.0035766888016301062;0;1;;"test0";8242;5541411
110;1472730343;true;0.0035770360716424377;0;1;;"test0";8305;5541411
110;1741481997;true;0.0035771080819105845;0;1;;"test0";8791;5541411
110;684295128;true;0.0035771080819105845;0;1;;"test0";7504;5541411
110;1270346989;true;0.0035812155099633645;0;1;;"test0";8604;5541411
110;-1506009783;true;0.0035854007793519123;0;1;;"test0";8188;5541411
110;-1983289064;true;0.0035991312499327912;0;1;;"test0";8611;5541411
110;204369984;true;0.0035994427202612617;0;1;;"test0";6472;5541411
110;1457257695;true;0.003608054361321069;0;1;;"test0";8315;5541411
110;-163740043;true;0.003608054361321069;0;1;;"test0";8983;5541411
110;-809290634;true;0.003608054361321069;0;1;;"test0";8252;5541411
110;-1614071231;true;0.003608054361321069;0;1;;"test0";8017;5541411
110;-329298582;true;0.00362114064283464;0;1;;"test0";6680;5541411
110;-1435449853;true;0.003796113882157877;0;1;;"test0";7295;5541411
110;421552564;true;0.0037976002598750233;0;1;;"test0";6751;5541411
110;2043946689;true;0.003848063837628399;0;1;;"test0";4556;5541411
110;2043946689;true;0.003848063837628399;0;1;;"test0";8177;5541411
110;-334747302;true;0.003848063837628399;0;1;;"test0";8689;5541411
110;1444672057;true;0.003848063837628399;0;1;;"test0";7471;5541411
110;-1381340582;true;0.0038870282335081445;0;1;;"test0";7492;5541411
110;1519674314;true;0.0039737130144057485;0;1;;"test0";7284;5541411
110;-1461810252;true;0.0039737130144057485;0;1;;"test0";7608;5541411
110;1699404378;true;0.003979369140726256;0;1;;"test0";7728;5541411
110;781410115;true;0.003979369140726256;0;1;;"test0";7165;5541411
110;-1739485825;true;0.003979369140726256;0;1;;"test0";7142;5541411
110;-1538422438;true;0.003980430254315684;0;1;;"test0";6903;5541411
110;-785885018;true;0.003981466520785733;0;1;;"test0";9188;5541411
110;710003201;true;0.003985425906272067;0;1;;"test0";8508;5541411
110;1088523098;true;0.0039865342872755834;0;1;;"test0";8555;5541411
110;2041110155;true;0.0039865342872755834;0;1;;"test0";9178;5541411
110;1811526578;true;0.0039865342872755834;0;1;;"test0";6777;5541411
110;-387231901;true;0.0039865342872755834;0;1;;"test0";7436;5541411
110;435842962;true;0.0039865342872755834;0;1;;"test0";8241;5541411
110;452727963;true;0.0039865342872755834;0;1;;"test0";7670;5541411
110;-1363700277;true;0.0039865342872755834;0;1;;"test0";8156;5541411
110;1669548140;true;0.004000321967775602;0;1;;"test0";8554;5541411
110;1659449436;true;0.004000321967775602;0;1;;"test0";8830;5541411
110;-1632034187;true;0.004000321967775602;0;1;;"test0";7955;5541411
110;1587328895;true;0.004001587392349194;0;1;;"test0";2;5541411
110;-424383436;true;0.004001587392349194;0;1;;"test0";9000;5541411
111;-2000014694;true;0.00286427732079906;0;1;;"test0";7217;5594622
111;737875674;true;0.00286427732079906;0;1;;"test0";8548;5594622
111;563518218;true;0.00286427732079906;0;1;;"test0";8263;5594622
111;991172793;true;0.003003432494279176;0;1;;"test0";8506;5594622
111;-490367229;true;0.003566829652975918;0;1;;"test0";8610;5594622
111;1344866140;true;0.0035735045543126903;0;1;;"test0";8899;5594622
111;1984100875;true;0.0035735045543126903;0;1;;"test0";6888;5594622
111;288078642;true;0.0035766888016301062;0;1;;"test0";8424;5594622
111;2054445424;true;0.0035766888016301062;0;1;;"test0";8712;5594622
111;-491387736;true;0.0035771080819105845;0;1;;"test0";8688;5594622
111;-1535582600;true;0.0035812155099633645;0;1;;"test0";8334;5594622
111;-1309122681;true;0.0035812155099633645;0;1;;"test0";8282;5594622
111;157450679;true;0.0035941402085716894;0;1;;"test0";8125;5594622
111;-343331758;true;0.0035985683179799513;0;1;;"test0";8537;5594622
111;-1983289064;true;0.0035991312499327912;0;1;;"test0";9279;5594622
111;1430999130;true;0.0035991312499327912;0;1;;"test0";8275;5594622
111;536441881;true;0.0035991312499327912;0;1;;"test0";8786;5594622
111;1116923192;true;0.0035994427202612617;0;1;;"test0";8667;5594622
111;-872774369;true;0.0035994427202612617;0;1;;"test0";8646;5594622
111;660508114;true;0.0035994427202612617;0;1;;"test0";7995;5594622
111;1457257695;true;0.003608054361321069;0;1;;"test0";8425;5594622
111;-1058371176;true;0.003796113882157877;0;1;;"test0";7924;5594622
111;-1447042212;true;0.003848063837628399;0;1;;"test0";8244;5594622
111;2043946689;true;0.003848063837628399;0;1;;"test0";9043;5594622
111;2043946689;true;0.003848063837628399;0;1;;"test0";8455;5594622
111;-334747302;true;0.003848063837628399;0;1;;"test0";8228;5594622
111;1435155596;true;0.0038870282335081445;0;1;;"test0";8270;5594622
111;1289237712;true;0.0038870282335081445;0;1;;"test0";8718;5594622
111;1410295816;true;0.0038870282335081445;0;1;;"test0";8687;5594622
111;-1381340582;true;0.0038870282335081445;0;1;;"test0";8322;5594622
111;1519674314;true;0.0039737130144057485;0;1;;"test0";8440;5594622
111;185543976;true;0.0039737130144057485;0;1;;"test0";8482;5594622
111;-1401494569;true;0.00397508597276459;0;1;;"test0";8682;5594622
111;-941835054;true;0.003979369140726256;0;1;;"test0";8375;5594622
111;-1538422438;true;0.003980430254315684;0;1;;"test0";8466;5594622
111;135574252;true;0.003980430254315684;0;1;;"test0";8392;5594622
111;-160739511;true;0.003980430254315684;0;1;;"test0";8198;5594622
111;-1538422438;true;0.003980430254315684;0;1;;"test0";8500;5594622
111;-1538422438;true;0.003980430254315684;0;1;;"test0";7995;5594622
111;-785885018;true;0.003981466520785733;0;1;;"test0";9655;5594622
111;-728412378;true;0.003982719748067643;0;1;;"test0";8640;5594622
111;710003201;true;0.003985425906272067;0;1;;"test0";9065;5594622
111;710003201;true;0.003985425906272067;0;1;;"test0";8825;5594622
111;-1808200051;true;0.003985425906272067;0;1;;"test0";9183;5594622
111;1663489542;true;0.004000321967775602;0;1;;"test0";7560;5594622
111;-166145946;true;0.004000321967775602;0;1;;"test0";8256;5594622
111;-1391348545;true;0.004000321967775602;0;1;;"test0";7649;5594622
111;1587328895;true;0.004001587392349194;0;1;;"test0";34;5594622
111;-424383436;true;0.004001587392349194;0;1;;"test0";7;5594622
111;1075378844;true;0.004001587392349194;0;1;;"test0";8137;5594622
112;1137589055;true;0.002955758962623951;0;1;;"test0";8858;5648659
112;956319377;true;0.003003432494279176;0;1;;"test0";8912;5648659
112;-1754585077;true;0.003003432494279176;0;1;;"test0";8536;5648659
112;-132911015;true;0.003557586116000347;0;1;;"test0";7541;5648659
112;613098870;true;0.003575247464352792;0;1;;"test0";9027;5648659
112;-1373706986;true;0.0035766888016301062;0;1;;"test0";8900;5648659
112;2054445424;true;0.0035766888016301062;0;1;;"test0";8509;5648659
112;-249790074;true;0.003577182176424323;0;1;;"test0";8275;5648659
112;-1432434939;true;0.0035812155099633645;0;1;;"test0";7641;5648659
112;-1535582600;true;0.0035812155099633645;0;1;;"test0";7647;5648659
112;-1535582600;true;0.0035812155099633645;0;1;;"test0";6597;5648659
112;-343331758;true;0.0035985683179799513;0;1;;"test0";8595;5648659
112;-343331758;true;0.0035985683179799513;0;1;;"test0";8598;5648659
112;243565586;true;0.0035985683179799513;0;1;;"test0";8906;5648659
112;536441881;true;0.0035991312499327912;0;1;;"test0";8025;5648659
112;559046101;true;0.0035991312499327912;0;1;;"test0";7574;5648659
112;714003889;true;0.0035994427202612617;0;1;;"test0";9122;5648659
112;660508114;true;0.0035994427202612617;0;1;;"test0";8007;5648659
112;1363730116;true;0.0035994427202612617;0;1;;"test0";7560;5648659
112;-618015291;true;0.0035994427202612617;0;1;;"test0";7197;5648659
112;660508114;true;0.0035994427202612617;0;1;;"test0";9508;5648659
112;1457257695;true;0.003608054361321069;0;1;;"test0";7451;5648659
112;1129271579;true;0.0036264018182908227;0;1;;"test0";8540;5648659
112;-1058371176;true;0.003796113882157877;0;1;;"test0";8503;5648659
112;-2042928914;true;0.003796113882157877;0;1;;"test0";8464;5648659
112;-502683788;true;0.003796113882157877;0;1;;"test0";8715;5648659
112;2019855043;true;0.0038870282335081445;0;1;;"test0";6568;5648659
112;-212379462;true;0.0038870282335081445;0;1;;"test0";8084;5648659
112;1435155596;true;0.0038870282335081445;0;1;;"test0";8999;5648659
112;1212316200;true;0.0038870282335081445;0;1;;"test0";8382;5648659
112;456991323;true;0.003890633952580125;0;1;;"test0";8751;5648659
112;403566812;true;0.00397508597276459;0;1;;"test0";8377;5648659
112;-1401494569;true;0.00397508597276459;0;1;;"test0";8308;5648659
112;1060462210;true;0.0039782839806576705;0;1;;"test0";7805;5648659
112;483095886;true;0.003979369140726256;0;1;;"test0";8443;5648659
112;-1347768876;true;0.003979369140726256;0;1;;"test0";8969;5648659
112;-941835054;true;0.003979369140726256;0;1;;"test0";8989;5648659
112;1987813728;true;0.003981466520785733;0;1;;"test0";9451;5648659
112;-1489743094;true;0.003981466520785733;0;1;;"test0";8709;5648659
112;400500221;true;0.003982719748067643;0;1;;"test0";8539;5648659
112;1387109728;true;0.003982719748067643;0;1;;"test0";8989;5648659
112;-728412378;true;0.003982719748067643;0;1;;"test0";8231;5648659
112;-728412378;true;0.003982719748067643;0;1;;"test0";9506;5648659
112;2106902871;true;0.003985425906272067;0;1;;"test0";7269;5648659
112;-1808200051;true;0.003985425906272067;0;1;;"test0";8011;5648659
112;-1808200051;true;0.003985425906272067;0;1;;"test0";8594;5648659
112;1146209091;true;0.004000321967775602;0;1;;"test0";8661;5648659
112;-166145946;true;0.004000321967775602;0;1;;"test0";8833;5648659
112;1075378844;true;0.004001587392349194;0;1;;"test0";2;5648659
112;-424383436;true;0.004001587392349194;0;1;;"test0";2;5648659
113;536441881;false;-1;0;1;;"test0";NaN;5703376
113;33045120;true;0.003003432494279176;0;1;;"test0";8917;5703376
113;1142773658;true;0.003003432494279176;0;1;;"test0";9092;5703376
113;833546138;true;0.0035767640679486294;0;1;;"test0";7365;5703376
113;-1414619594;true;0.0035854007793519123;0;1;;"test0";6982;5703376
113;2095151579;true;0.003592880984180344;0;1;;"test0";7935;5703376
113;1907906578;true;0.0035985649180485134;0;1;;"test0";6197;5703376
113;-394355164;true;0.0035985683179799513;0;1;;"test0";6710;5703376
113;-343331758;true;0.0035985683179799513;0;1;;"test0";8074;5703376
113;1093875457;true;0.0035994427202612617;0;1;;"test0";7043;5703376
113;1990341371;true;0.0035994427202612617;0;1;;"test0";6811;5703376
113;-168210650;true;0.0035994427202612617;0;1;;"test0";7402;5703376
113;1717050906;true;0.003608054361321069;0;1;;"test0";8750;5703376
113;181555712;true;0.003608054361321069;0;1;;"test0";9011;5703376
113;1457257695;true;0.003608054361321069;0;1;;"test0";6612;5703376
113;1129271579;true;0.0036264018182908227;0;1;;"test0";7427;5703376
113;1129271579;true;0.0036264018182908227;0;1;;"test0";7350;5703376
113;-1100017486;true;0.003796113882157877;0;1;;"test0";7468;5703376
113;-2042928914;true;0.003796113882157877;0;1;;"test0";8774;5703376
113;-497240472;true;0.003796113882157877;0;1;;"test0";7783;5703376
113;-2042928914;true;0.003796113882157877;0;1;;"test0";8033;5703376
113;214439460;true;0.003796113882157877;0;1;;"test0";9013;5703376
113;-1294156521;true;0.0038092274555293227;0;1;;"test0";6331;5703376
113;2019855043;true;0.0038870282335081445;0;1;;"test0";6877;5703376
113;-1501605511;true;0.0038870282335081445;0;1;;"test0";6709;5703376
113;-1744845780;true;0.003890633952580125;0;1;;"test0";7371;5703376
113;-1151148802;true;0.003890633952580125;0;1;;"test0";6710;5703376
113;456991323;true;0.003890633952580125;0;1;;"test0";6528;5703376
113;1719720600;true;0.003890633952580125;0;1;;"test0";6402;5703376
113;-92433591;true;0.003976110182310492;0;1;;"test0";8270;5703376
113;483095886;true;0.003979369140726256;0;1;;"test0";6836;5703376
113;-565627819;true;0.003979369140726256;0;1;;"test0";8106;5703376
113;-1347768876;true;0.003979369140726256;0;1;;"test0";7137;5703376
113;590005382;true;0.003981466520785733;0;1;;"test0";7992;5703376
113;-2118737534;true;0.003981466520785733;0;1;;"test0";8096;5703376
113;1987813728;true;0.003981466520785733;0;1;;"test0";8387;5703376
113;1987813728;true;0.003981466520785733;0;1;;"test0";7783;5703376
113;400500221;true;0.003982719748067643;0;1;;"test0";8726;5703376
113;-558280172;true;0.003982719748067643;0;1;;"test0";6902;5703376
113;-1808200051;true;0.003985425906272067;0;1;;"test0";7252;5703376
113;-279870184;true;0.003985425906272067;0;1;;"test0";7747;5703376
113;-1808200051;true;0.003985425906272067;0;1;;"test0";8978;5703376
113;2095209745;true;0.003985425906272067;0;1;;"test0";9033;5703376
113;1848791556;true;0.003985425906272067;0;1;;"test0";8206;5703376
113;657817745;true;0.004000321967775602;0;1;;"test0";8181;5703376
113;-717446549;true;0.004001587392349194;0;1;;"test0";7197;5703376
113;-730196142;true;0.004001587392349194;0;1;;"test0";7488;5703376
113;-424383436;true;0.004001587392349194;0;1;;"test0";2;5703376
113;1075378844;true;0.004001587392349194;0;1;;"test0";7237;5703376
114;1075378844;false;-1;0;1;;"test0";NaN;5772492
114;863874947;true;0.00286427732079906;0;1;;"test0";8929;5772492
114;-329084737;true;0.00286427732079906;0;1;;"test0";8591;5772492
114;130644523;true;0.00286427732079906;0;1;;"test0";8678;5772492
114;-1563043395;true;0.003566829652975918;0;1;;"test0";8266;5772492
114;-1411413313;true;0.0035753273099229823;0;1;;"test0";6301;5772492
114;710572041;true;0.0035753273099229823;0;1;;"test0";6962;5772492
114;2091011876;true;0.0035767640679486294;0;1;;"test0";7331;5772492
114;833546138;true;0.0035767640679486294;0;1;;"test0";6800;5772492
114;833546138;true;0.0035767640679486294;0;1;;"test0";6668;5772492
114;-594008069;true;0.003593409151279145;0;1;;"test0";8480;5772492
114;-594004534;true;0.0035994427202612617;0;1;;"test0";9231;5772492
114;1291460424;true;0.0035994427202612617;0;1;;"test0";7545;5772492
114;-1827034815;true;0.0035994427202612617;0;1;;"test0";8113;5772492
114;1431713542;true;0.003623665884072921;0;1;;"test0";8496;5772492
114;-256200338;true;0.003796113882157877;0;1;;"test0";8494;5772492
114;-2042928914;true;0.003796113882157877;0;1;;"test0";7282;5772492
114;1261097469;true;0.003796113882157877;0;1;;"test0";8587;5772492
114;1865335084;true;0.0038092274555293227;0;1;;"test0";8086;5772492
114;1490139303;true;0.0038092274555293227;0;1;;"test0";9164;5772492
114;-1453574790;true;0.0038870282335081445;0;1;;"test0";8240;5772492
114;619669392;true;0.0038870282335081445;0;1;;"test0";7353;5772492
114;504342480;true;0.0038870282335081445;0;1;;"test0";8263;5772492
114;2094637577;true;0.003889494001552823;0;1;;"test0";9550;5772492
114;-1690812832;true;0.003976110182310492;0;1;;"test0";8452;5772492
114;-92433591;true;0.003976110182310492;0;1;;"test0";8961;5772492
114;1724764140;true;0.003979369140726256;0;1;;"test0";8562;5772492
114;-1683515804;true;0.003979369140726256;0;1;;"test0";8219;5772492
114;-558280172;true;0.003982719748067643;0;1;;"test0";8824;5772492
114;2095209745;true;0.003985425906272067;0;1;;"test0";8915;5772492
114;-181396032;true;0.003985425906272067;0;1;;"test0";8437;5772492
114;1635096202;true;0.003985425906272067;0;1;;"test0";8503;5772492
114;-279870184;true;0.003985425906272067;0;1;;"test0";8018;5772492
114;-1043744654;true;0.0039865342872755834;0;1;;"test0";8539;5772492
114;333911250;true;0.004000321967775602;0;1;;"test0";8391;5772492
114;657817745;true;0.004000321967775602;0;1;;"test0";8922;5772492
114;643310564;true;0.004000321967775602;0;1;;"test0";9221;5772492
114;657817745;true;0.004000321967775602;0;1;;"test0";8245;5772492
114;657817745;true;0.004000321967775602;0;1;;"test0";9089;5772492
114;1741932787;true;0.004000321967775602;0;1;;"test0";7942;5772492
114;657817745;true;0.004000321967775602;0;1;;"test0";6939;5772492
114;-1597164559;true;0.004000321967775602;0;1;;"test0";7667;5772492
114;657817745;true;0.004000321967775602;0;1;;"test0";7037;5772492
114;657817745;true;0.004000321967775602;0;1;;"test0";6924;5772492
114;1164269522;true;0.004000321967775602;0;1;;"test0";9033;5772492
114;1075378844;true;0.004001587392349194;0;1;;"test0";7869;5772492
114;392609204;true;0.004001587392349194;0;1;;"test0";6280;5772492
114;-424383436;true;0.004001587392349194;0;1;;"test0";3;5772492
114;1942975072;true;0.004001587392349194;0;1;;"test0";8135;5772492
115;-2083272568;true;0.002002288329519451;0;1;;"test0";8952;5826058
115;-875082003;true;0.002574370709382151;0;1;;"test0";8478;5826058
115;2116057236;true;0.00286427732079906;0;1;;"test0";8522;5826058
115;-920443762;true;0.00286427732079906;0;1;;"test0";8667;5826058
115;668618398;true;0.00286427732079906;0;1;;"test0";8311;5826058
115;-1672858640;true;0.0034417029964927503;0;1;;"test0";8359;5826058
115;454304996;true;0.0034482005167923583;0;1;;"test0";8918;5826058
115;106327757;true;0.003575247464352792;0;1;;"test0";7441;5826058
115;190798040;true;0.003575247464352792;0;1;;"test0";7432;5826058
115;-1411413313;true;0.0035753273099229823;0;1;;"test0";7136;5826058
115;-1411413313;true;0.0035753273099229823;0;1;;"test0";7381;5826058
115;1876341799;true;0.003592487619084591;0;1;;"test0";8577;5826058
115;1431713542;true;0.003623665884072921;0;1;;"test0";8395;5826058
115;-653332775;true;0.003623665884072921;0;1;;"test0";6858;5826058
115;-415286638;true;0.003623665884072921;0;1;;"test0";7018;5826058
115;999717488;true;0.003797594448847749;0;1;;"test0";8334;5826058
115;946883252;true;0.0038092274555293227;0;1;;"test0";8334;5826058
115;1865335084;true;0.0038092274555293227;0;1;;"test0";8555;5826058
115;1490139303;true;0.0038092274555293227;0;1;;"test0";8799;5826058
115;1106443708;true;0.0038092274555293227;0;1;;"test0";7786;5826058
115;1865335084;true;0.0038092274555293227;0;1;;"test0";8551;5826058
115;1865335084;true;0.0038092274555293227;0;1;;"test0";8895;5826058
115;-1986066405;true;0.00382409223884582;0;1;;"test0";8461;5826058
115;2094637577;true;0.003889494001552823;0;1;;"test0";7374;5826058
115;2094637577;true;0.003889494001552823;0;1;;"test0";7166;5826058
115;2094637577;true;0.003889494001552823;0;1;;"test0";8696;5826058
115;2094637577;true;0.003889494001552823;0;1;;"test0";8286;5826058
115;483861269;true;0.003976110182310492;0;1;;"test0";9049;5826058
115;-1022874796;true;0.003979369140726256;0;1;;"test0";8944;5826058
115;-1683515804;true;0.003979369140726256;0;1;;"test0";8834;5826058
115;1952036493;true;0.003979369140726256;0;1;;"test0";8133;5826058
115;-1654324467;true;0.003979369140726256;0;1;;"test0";8670;5826058
115;1914942597;true;0.003979369140726256;0;1;;"test0";8334;5826058
115;-558280172;true;0.003982719748067643;0;1;;"test0";7318;5826058
115;648427458;true;0.003982719748067643;0;1;;"test0";6916;5826058
115;1635096202;true;0.003985425906272067;0;1;;"test0";7732;5826058
115;-181396032;true;0.003985425906272067;0;1;;"test0";7301;5826058
115;-1323275072;true;0.003985425906272067;0;1;;"test0";9046;5826058
115;1467943026;true;0.003985425906272067;0;1;;"test0";9293;5826058
115;-349374349;true;0.0039865342872755834;0;1;;"test0";7645;5826058
115;-1092870338;true;0.0039865342872755834;0;1;;"test0";8619;5826058
115;-1332798809;true;0.0039865342872755834;0;1;;"test0";8009;5826058
115;-2066439492;true;0.0039865342872755834;0;1;;"test0";8279;5826058
115;465973654;true;0.0039865342872755834;0;1;;"test0";8077;5826058
115;1872906111;true;0.004000321967775602;0;1;;"test0";9019;5826058
115;684841024;true;0.004000321967775602;0;1;;"test0";8695;5826058
115;657817745;true;0.004000321967775602;0;1;;"test0";9597;5826058
115;1942975072;true;0.004001587392349194;0;1;;"test0";8673;5826058
115;-424383436;true;0.004001587392349194;0;1;;"test0";2;5826058
116;402859147;true;0.00286427732079906;0;1;;"test0";8190;5880277
116;2116057236;true;0.00286427732079906;0;1;;"test0";7403;5880277
116;899908400;true;0.00286427732079906;0;1;;"test0";8005;5880277
116;59504197;true;0.002866698518872432;0;1;;"test0";8794;5880277
116;1972982148;true;0.003435748669240933;0;1;;"test0";8602;5880277
116;-373720195;true;0.0034482005167923583;0;1;;"test0";8281;5880277
116;-1743734302;true;0.0034482005167923583;0;1;;"test0";8525;5880277
116;454304996;true;0.0034482005167923583;0;1;;"test0";6972;5880277
116;-1835610991;true;0.0034485260626164367;0;1;;"test0";7939;5880277
116;-433233537;true;0.00345049114166193;0;1;;"test0";7786;5880277
116;417710768;true;0.0035670442105357274;0;1;;"test0";8776;5880277
116;-1816739949;true;0.003575247464352792;0;1;;"test0";7505;5880277
116;1591341770;true;0.003575247464352792;0;1;;"test0";8112;5880277
116;1140131872;true;0.0035753273099229823;0;1;;"test0";8604;5880277
116;-1411413313;true;0.0035753273099229823;0;1;;"test0";8234;5880277
116;729451310;true;0.0035753273099229823;0;1;;"test0";8277;5880277
116;-1411413313;true;0.0035753273099229823;0;1;;"test0";8445;5880277
116;-469546900;true;0.0035753273099229823;0;1;;"test0";9230;5880277
116;-111837018;true;0.0035753273099229823;0;1;;"test0";5767;5880277
116;1840784782;true;0.0035753273099229823;0;1;;"test0";8275;5880277
116;1784939186;true;0.0035765499668021137;0;1;;"test0";8867;5880277
116;1060354132;true;0.0035767640679486294;0;1;;"test0";7771;5880277
116;1876341799;true;0.003592487619084591;0;1;;"test0";8252;5880277
116;-28056555;true;0.003592487619084591;0;1;;"test0";8729;5880277
116;-227857855;true;0.003592487619084591;0;1;;"test0";8034;5880277
116;1876341799;true;0.003592487619084591;0;1;;"test0";8845;5880277
116;1975256068;true;0.003796113882157877;0;1;;"test0";7942;5880277
116;-409800498;true;0.003796113882157877;0;1;;"test0";8751;5880277
116;-157957464;true;0.003796113882157877;0;1;;"test0";8946;5880277
116;1937533156;true;0.0038239753540351682;0;1;;"test0";8194;5880277
116;1448129408;true;0.00382409223884582;0;1;;"test0";8122;5880277
116;-1569770189;true;0.003889494001552823;0;1;;"test0";8055;5880277
116;483861269;true;0.003976110182310492;0;1;;"test0";9288;5880277
116;214962945;true;0.003976110182310492;0;1;;"test0";8256;5880277
116;-1683515804;true;0.003979369140726256;0;1;;"test0";8268;5880277
116;246604169;true;0.003985425906272067;0;1;;"test0";8761;5880277
116;1347120554;true;0.0039865342872755834;0;1;;"test0";8968;5880277
116;684841024;true;0.004000321967775602;0;1;;"test0";8957;5880277
116;1872906111;true;0.004000321967775602;0;1;;"test0";8754;5880277
116;-1659813842;true;0.004000321967775602;0;1;;"test0";9311;5880277
116;1872906111;true;0.004000321967775602;0;1;;"test0";8446;5880277
116;1378120073;true;0.004000321967775602;0;1;;"test0";8266;5880277
116;1872906111;true;0.004000321967775602;0;1;;"test0";8691;5880277
116;-271665570;true;0.004000321967775602;0;1;;"test0";8770;5880277
116;-1043507588;true;0.004001587392349194;0;1;;"test0";8728;5880277
116;-337893218;true;0.004001587392349194;0;1;;"test0";8555;5880277
116;-424383436;true;0.004001587392349194;0;1;;"test0";9207;5880277
116;2125047192;true;0.004001587392349194;0;1;;"test0";7776;5880277
116;1942975072;true;0.004001587392349194;0;1;;"test0";2;5880277
117;1883452651;false;-1;0;1;;"test0";NaN;5936729
117;1094905252;true;0.00286427732079906;0;1;;"test0";6186;5936729
117;491757669;true;0.002866698518872432;0;1;;"test0";8385;5936729
117;-900721994;true;0.003003432494279176;0;1;;"test0";8719;5936729
117;1032769885;true;0.003441544431248401;0;1;;"test0";6374;5936729
117;-13818625;true;0.003447282783144606;0;1;;"test0";8821;5936729
117;-1835610991;true;0.0034485260626164367;0;1;;"test0";8929;5936729
117;-407998759;true;0.0034485260626164367;0;1;;"test0";6298;5936729
117;1591341770;true;0.003575247464352792;0;1;;"test0";7684;5936729
117;1840784782;true;0.0035753273099229823;0;1;;"test0";8178;5936729
117;1784939186;true;0.0035765499668021137;0;1;;"test0";8284;5936729
117;1412140563;true;0.0035765499668021137;0;1;;"test0";8456;5936729
117;1784939186;true;0.0035765499668021137;0;1;;"test0";8193;5936729
117;1461025482;true;0.0035766888016301062;0;1;;"test0";8695;5936729
117;-1288330;true;0.003577182176424323;0;1;;"test0";5094;5936729
117;1800769099;true;0.0035936091163447166;0;1;;"test0";9455;5936729
117;1464738594;true;0.0035941402085716894;0;1;;"test0";7035;5936729
117;-942716653;true;0.0035968165749268245;0;1;;"test0";8771;5936729
117;1731182950;true;0.0035994427202612617;0;1;;"test0";6324;5936729
117;250103824;true;0.003796113882157877;0;1;;"test0";8255;5936729
117;1727957326;true;0.003796113882157877;0;1;;"test0";6665;5936729
117;1533168665;true;0.003796113882157877;0;1;;"test0";6688;5936729
117;717846570;true;0.00382409223884582;0;1;;"test0";8979;5936729
117;1448129408;true;0.00382409223884582;0;1;;"test0";7537;5936729
117;2121525372;true;0.00382409223884582;0;1;;"test0";6230;5936729
117;1448129408;true;0.00382409223884582;0;1;;"test0";8878;5936729
117;811225034;true;0.0038870282335081445;0;1;;"test0";7590;5936729
117;-1569770189;true;0.003889494001552823;0;1;;"test0";8273;5936729
117;446809694;true;0.003889494001552823;0;1;;"test0";7474;5936729
117;690184377;true;0.003979369140726256;0;1;;"test0";8571;5936729
117;-1564851914;true;0.003979369140726256;0;1;;"test0";8766;5936729
117;-1683515804;true;0.003979369140726256;0;1;;"test0";5797;5936729
117;-1230887040;true;0.003985425906272067;0;1;;"test0";8358;5936729
117;-2061648868;true;0.003985425906272067;0;1;;"test0";8650;5936729
117;1258895709;true;0.0039865342872755834;0;1;;"test0";6489;5936729
117;1498961851;true;0.0039865342872755834;0;1;;"test0";8251;5936729
117;-2106886342;true;0.0039865342872755834;0;1;;"test0";7432;5936729
117;1557143204;true;0.0039865342872755834;0;1;;"test0";4662;5936729
117;1347120554;true;0.0039865342872755834;0;1;;"test0";7434;5936729
117;-282233967;true;0.0039865342872755834;0;1;;"test0";6123;5936729
117;-959249689;true;0.003988593554511776;0;1;;"test0";7288;5936729
117;-837767033;true;0.004000321967775602;0;1;;"test0";8021;5936729
117;-1136700870;true;0.004000321967775602;0;1;;"test0";8200;5936729
117;411069042;true;0.004000321967775602;0;1;;"test0";8494;5936729
117;1588511177;true;0.004000321967775602;0;1;;"test0";7721;5936729
117;1942975072;true;0.004001587392349194;0;1;;"test0";1;5936729
117;2109980308;true;0.004001587392349194;0;1;;"test0";9548;5936729
117;2125047192;true;0.004001587392349194;0;1;;"test0";2;5936729
117;-931147674;true;0.004001587392349194;0;1;;"test0";7487;5936729
117;743306274;true;0.004001587392349194;0;1;;"test0";8292;5936729
118;556125151;false;-1;0;1;;"test0";NaN;5994115
118;637463962;true;0.00286427732079906;0;1;;"test0";8958;5994115
118;-1946881181;true;0.0034482782823407844;0;1;;"test0";8258;5994115
118;-1627859205;true;0.0034485260626164367;0;1;;"test0";8676;5994115
118;-238102844;true;0.0035670442105357274;0;1;;"test0";7611;5994115
118;842790433;true;0.003575247464352792;0;1;;"test0";8600;5994115
118;1244630727;true;0.003575247464352792;0;1;;"test0";8578;5994115
118;1591341770;true;0.003575247464352792;0;1;;"test0";8833;5994115
118;1591341770;true;0.003575247464352792;0;1;;"test0";8180;5994115
118;-733237747;true;0.0035753273099229823;0;1;;"test0";7410;5994115
118;1840784782;true;0.0035753273099229823;0;1;;"test0";7289;5994115
118;-784435697;true;0.003575702931616351;0;1;;"test0";7337;5994115
118;-1288330;true;0.003577182176424323;0;1;;"test0";7334;5994115
118;-1660873691;true;0.003577182176424323;0;1;;"test0";9072;5994115
118;1627833945;true;0.003577182176424323;0;1;;"test0";8186;5994115
118;-1288330;true;0.003577182176424323;0;1;;"test0";9239;5994115
118;-1977173008;true;0.0035774849907312407;0;1;;"test0";8375;5994115
118;905745439;true;0.0035994427202612617;0;1;;"test0";6623;5994115
118;42934167;true;0.0035994427202612617;0;1;;"test0";8825;5994115
118;2038558354;true;0.003796113882157877;0;1;;"test0";6485;5994115
118;1555236671;true;0.003796113882157877;0;1;;"test0";7407;5994115
118;163134761;true;0.003796113882157877;0;1;;"test0";8318;5994115
118;-1562565889;true;0.003797594448847749;0;1;;"test0";7388;5994115
118;717846570;true;0.00382409223884582;0;1;;"test0";7818;5994115
118;1384152513;true;0.00382409223884582;0;1;;"test0";7838;5994115
118;1448129408;true;0.00382409223884582;0;1;;"test0";8074;5994115
118;1448129408;true;0.00382409223884582;0;1;;"test0";8229;5994115
118;811225034;true;0.0038870282335081445;0;1;;"test0";6320;5994115
118;1647815932;true;0.0038870282335081445;0;1;;"test0";7792;5994115
118;-1330748200;true;0.003890633952580125;0;1;;"test0";6716;5994115
118;-1107128054;true;0.003976110182310492;0;1;;"test0";8895;5994115
118;-1564851914;true;0.003979369140726256;0;1;;"test0";7340;5994115
118;1630371587;true;0.003979369140726256;0;1;;"test0";8253;5994115
118;-81913510;true;0.003979369140726256;0;1;;"test0";8604;5994115
118;1927175654;true;0.003980430254315684;0;1;;"test0";4832;5994115
118;290237565;true;0.003980430254315684;0;1;;"test0";8206;5994115
118;-2061648868;true;0.003985425906272067;0;1;;"test0";8497;5994115
118;-1138981837;true;0.003985425906272067;0;1;;"test0";9016;5994115
118;-959249689;true;0.003988593554511776;0;1;;"test0";8859;5994115
118;-230386911;true;0.003988593554511776;0;1;;"test0";7609;5994115
118;-959249689;true;0.003988593554511776;0;1;;"test0";8296;5994115
118;-1644208867;true;0.004000321967775602;0;1;;"test0";8157;5994115
118;-837767033;true;0.004000321967775602;0;1;;"test0";9144;5994115
118;1588511177;true;0.004000321967775602;0;1;;"test0";8002;5994115
118;1410969783;true;0.004000321967775602;0;1;;"test0";9057;5994115
118;-837767033;true;0.004000321967775602;0;1;;"test0";8973;5994115
118;-931147674;true;0.004001587392349194;0;1;;"test0";9203;5994115
118;-2082326669;true;0.004001587392349194;0;1;;"test0";7152;5994115
118;743306274;true;0.004001587392349194;0;1;;"test0";1;5994115
119;-633230450;false;-1;0;1;;"test0";NaN;6050654
119;2056268007;true;0.00286427732079906;0;1;;"test0";8055;6050654
119;-303976354;true;0.00286427732079906;0;1;;"test0";8820;6050654
119;448745528;true;0.00286427732079906;0;1;;"test0";8815;6050654
119;667413527;true;0.0034485260626164367;0;1;;"test0";7905;6050654
119;545113032;true;0.0035767640679486294;0;1;;"test0";6751;6050654
119;2058903523;true;0.003577182176424323;0;1;;"test0";9095;6050654
119;-78755529;true;0.0035774120306526374;0;1;;"test0";7873;6050654
119;681151667;true;0.0035774849907312407;0;1;;"test0";9474;6050654
119;-1977173008;true;0.0035774849907312407;0;1;;"test0";8348;6050654
119;-212394722;true;0.0035854007793519123;0;1;;"test0";6709;6050654
119;789793010;true;0.0035994427202612617;0;1;;"test0";6402;6050654
119;1350912180;true;0.0035994427202612617;0;1;;"test0";7479;6050654
119;1233640644;true;0.0035994427202612617;0;1;;"test0";8611;6050654
119;42934167;true;0.0035994427202612617;0;1;;"test0";9397;6050654
119;338182691;true;0.0035994427202612617;0;1;;"test0";9049;6050654
119;42934167;true;0.0035994427202612617;0;1;;"test0";7358;6050654
119;-355799786;true;0.0035994427202612617;0;1;;"test0";8358;6050654
119;1744084617;true;0.0035994427202612617;0;1;;"test0";8134;6050654
119;1943323957;true;0.0035994427202612617;0;1;;"test0";7210;6050654
119;1969222282;true;0.003796113882157877;0;1;;"test0";8164;6050654
119;961244773;true;0.003796113882157877;0;1;;"test0";7112;6050654
119;-1918611674;true;0.003796113882157877;0;1;;"test0";7702;6050654
119;-1562565889;true;0.003797594448847749;0;1;;"test0";8882;6050654
119;-1954731463;true;0.003797594448847749;0;1;;"test0";7861;6050654
119;819265213;true;0.003797594448847749;0;1;;"test0";7593;6050654
119;847717599;true;0.0038003321179944853;0;1;;"test0";7933;6050654
119;1448129408;true;0.00382409223884582;0;1;;"test0";8653;6050654
119;23396973;true;0.00382409223884582;0;1;;"test0";8655;6050654
119;546133956;true;0.0038870282335081445;0;1;;"test0";7916;6050654
119;1971287315;true;0.003908360161416444;0;1;;"test0";8954;6050654
119;-1107128054;true;0.003976110182310492;0;1;;"test0";7385;6050654
119;-1977537435;true;0.003979369140726256;0;1;;"test0";8250;6050654
119;-1464395015;true;0.003979369140726256;0;1;;"test0";7730;6050654
119;-1164054030;true;0.003979369140726256;0;1;;"test0";8087;6050654
119;-1232936497;true;0.003985425906272067;0;1;;"test0";4835;6050654
119;-2061648868;true;0.003985425906272067;0;1;;"test0";8112;6050654
119;-1138981837;true;0.003985425906272067;0;1;;"test0";8061;6050654
119;-1604917360;true;0.0039865342872755834;0;1;;"test0";7980;6050654
119;772477641;true;0.003988593554511776;0;1;;"test0";9437;6050654
119;-959249689;true;0.003988593554511776;0;1;;"test0";7683;6050654
119;-959249689;true;0.003988593554511776;0;1;;"test0";8343;6050654
119;343319502;true;0.003988593554511776;0;1;;"test0";8121;6050654
119;-1441465363;true;0.003988593554511776;0;1;;"test0";8852;6050654
119;1588511177;true;0.004000321967775602;0;1;;"test0";7176;6050654
119;-1928891490;true;0.004000321967775602;0;1;;"test0";6316;6050654
119;-2082326669;true;0.004001587392349194;0;1;;"test0";7340;6050654
119;743306274;true;0.004001587392349194;0;1;;"test0";7764;6050654
120;1694554851;true;0.002002288329519451;0;1;;"test0";9474;6103137
120;-191377614;true;0.002574370709382151;0;1;;"test0";6700;6103137
120;-1609401798;true;0.00286427732079906;0;1;;"test0";7457;6103137
120;-1965280206;true;0.003003432494279176;0;1;;"test0";8760;6103137
120;451293641;true;0.0034523666030999104;0;1;;"test0";8861;6103137
120;1072430110;true;0.0035767640679486294;0;1;;"test0";8281;6103137
120;1520702894;true;0.0035767640679486294;0;1;;"test0";6628;6103137
120;-1181352850;true;0.0035994427202612617;0;1;;"test0";8613;6103137
120;1322548033;true;0.0035994427202612617;0;1;;"test0";8616;6103137
120;-784494989;true;0.0035994427202612617;0;1;;"test0";8796;6103137
120;-1000906373;true;0.0035994427202612617;0;1;;"test0";8830;6103137
120;-612737000;true;0.003796113882157877;0;1;;"test0";8603;6103137
120;-2125372065;true;0.003796113882157877;0;1;;"test0";9474;6103137
120;1126011042;true;0.0038003321179944853;0;1;;"test0";8697;6103137
120;-875266440;true;0.0038003321179944853;0;1;;"test0";7831;6103137
120;396238120;true;0.0038003321179944853;0;1;;"test0";6968;6103137
120;23396973;true;0.00382409223884582;0;1;;"test0";7512;6103137
120;23396973;true;0.00382409223884582;0;1;;"test0";8577;6103137
120;1448129408;true;0.00382409223884582;0;1;;"test0";8415;6103137
120;23396973;true;0.00382409223884582;0;1;;"test0";8570;6103137
120;1244021531;true;0.00382409223884582;0;1;;"test0";8136;6103137
120;-1598415916;true;0.00382409223884582;0;1;;"test0";8957;6103137
120;-934332902;true;0.0038870282335081445;0;1;;"test0";8724;6103137
120;-2088456026;true;0.0038870282335081445;0;1;;"test0";6769;6103137
120;-976456956;true;0.003908360161416444;0;1;;"test0";8124;6103137
120;-1921836387;true;0.0039089335808415076;0;1;;"test0";6131;6103137
120;-1164054030;true;0.003979369140726256;0;1;;"test0";9145;6103137
120;1282553565;true;0.003979369140726256;0;1;;"test0";9028;6103137
120;420757923;true;0.003985425906272067;0;1;;"test0";8753;6103137
120;-1138981837;true;0.003985425906272067;0;1;;"test0";7261;6103137
120;837089778;true;0.003985425906272067;0;1;;"test0";9453;6103137
120;-1604917360;true;0.0039865342872755834;0;1;;"test0";7280;6103137
120;-1604917360;true;0.0039865342872755834;0;1;;"test0";8569;6103137
120;-1942737969;true;0.0039865342872755834;0;1;;"test0";8270;6103137
120;-1604917360;true;0.0039865342872755834;0;1;;"test0";8545;6103137
120;1191071009;true;0.003988593554511776;0;1;;"test0";8869;6103137
120;772477641;true;0.003988593554511776;0;1;;"test0";8870;6103137
120;343319502;true;0.003988593554511776;0;1;;"test0";8605;6103137
120;138875930;true;0.003989384122902249;0;1;;"test0";6725;6103137
120;-1928891490;true;0.004000321967775602;0;1;;"test0";6652;6103137
120;954248020;true;0.004000321967775602;0;1;;"test0";7590;6103137
120;-2082326669;true;0.004001587392349194;0;1;;"test0";6479;6103137
120;-1651436504;true;0.004001587392349194;0;1;;"test0";9065;6103137
120;743306274;true;0.004001587392349194;0;1;;"test0";9113;6103137
120;-2082326669;true;0.004001587392349194;0;1;;"test0";7721;6103137
120;1475187471;true;0.004001587392349194;0;1;;"test0";7182;6103137
120;-386375782;true;0.004001587392349194;0;1;;"test0";7587;6103137
120;-1113070499;true;0.004001587392349194;0;1;;"test0";7547;6103137
121;-1921836387;false;-1;0;1;;"test0";NaN;6168579
121;-1977885718;false;-1;0;1;;"test0";NaN;6168579
121;2078496249;true;0.002002288329519451;0;1;;"test0";8470;6168579
121;-1965280206;true;0.003003432494279176;0;1;;"test0";9063;6168579
121;554257695;true;0.003003432494279176;0;1;;"test0";8951;6168579
121;2130698347;true;0.003557586116000347;0;1;;"test0";8375;6168579
121;-1121402132;true;0.003557586116000347;0;1;;"test0";8819;6168579
121;97595703;true;0.0035753273099229823;0;1;;"test0";5332;6168579
121;-1393639037;true;0.0035765499668021137;0;1;;"test0";7233;6168579
121;-345676215;true;0.0035766888016301062;0;1;;"test0";8219;6168579
121;1520702894;true;0.0035767640679486294;0;1;;"test0";8750;6168579
121;346897472;true;0.0035767640679486294;0;1;;"test0";6533;6168579
121;-542821700;true;0.0035767640679486294;0;1;;"test0";8071;6168579
121;837486493;true;0.0035767640679486294;0;1;;"test0";9250;6168579
121;-111665347;true;0.0035767640679486294;0;1;;"test0";9334;6168579
121;226256957;true;0.0035854007793519123;0;1;;"test0";6735;6168579
121;226256957;true;0.0035854007793519123;0;1;;"test0";8101;6168579
121;702795560;true;0.0035968165749268245;0;1;;"test0";6151;6168579
121;-2132215789;true;0.0035994427202612617;0;1;;"test0";7734;6168579
121;343496806;true;0.0035994427202612617;0;1;;"test0";8275;6168579
121;496740370;true;0.0035994427202612617;0;1;;"test0";8847;6168579
121;-820592158;true;0.0035994427202612617;0;1;;"test0";7620;6168579
121;-333482107;true;0.003796113882157877;0;1;;"test0";8147;6168579
121;-294589254;true;0.0038091741485492808;0;1;;"test0";6533;6168579
121;-1264172736;true;0.003908360161416444;0;1;;"test0";9607;6168579
121;-636649890;true;0.003908360161416444;0;1;;"test0";9170;6168579
121;-976456956;true;0.003908360161416444;0;1;;"test0";7250;6168579
121;-816962387;true;0.0039089335808415076;0;1;;"test0";8885;6168579
121;-734848619;true;0.0039089335808415076;0;1;;"test0";9110;6168579
121;1282553565;true;0.003979369140726256;0;1;;"test0";6729;6168579
121;1282553565;true;0.003979369140726256;0;1;;"test0";4683;6168579
121;-1138981837;true;0.003985425906272067;0;1;;"test0";7464;6168579
121;-1604917360;true;0.0039865342872755834;0;1;;"test0";7975;6168579
121;2038895151;true;0.0039865342872755834;0;1;;"test0";8932;6168579
121;-1604917360;true;0.0039865342872755834;0;1;;"test0";7579;6168579
121;-527558908;true;0.0039865342872755834;0;1;;"test0";8686;6168579
121;1417508961;true;0.0039865342872755834;0;1;;"test0";8044;6168579
121;1318604748;true;0.0039865342872755834;0;1;;"test0";8777;6168579
121;-1000774044;true;0.003987469054900865;0;1;;"test0";7492;6168579
121;-1808501459;true;0.003988593554511776;0;1;;"test0";9052;6168579
121;343319502;true;0.003988593554511776;0;1;;"test0";7709;6168579
121;772477641;true;0.003988593554511776;0;1;;"test0";8847;6168579
121;-1802665016;true;0.004000321967775602;0;1;;"test0";7019;6168579
121;-2054708076;true;0.004001587392349194;0;1;;"test0";7983;6168579
121;-1651436504;true;0.004001587392349194;0;1;;"test0";9058;6168579
121;-386375782;true;0.004001587392349194;0;1;;"test0";6384;6168579
121;-1113070499;true;0.004001587392349194;0;1;;"test0";2;6168579
121;-1820055331;true;0.004001587392349194;0;1;;"test0";8285;6168579
121;-965605987;true;0.004001587392349194;0;1;;"test0";7108;6168579
122;188478200;true;0.0028642257818459194;0;1;;"test0";6455;6220930
122;235933542;true;0.00286427732079906;0;1;;"test0";6921;6220930
122;146836561;true;0.00286427732079906;0;1;;"test0";8421;6220930
122;803151454;true;0.00286427732079906;0;1;;"test0";7558;6220930
122;1449364988;true;0.0028643036161833156;0;1;;"test0";8543;6220930
122;-1253074739;true;0.003003432494279176;0;1;;"test0";8664;6220930
122;765811879;true;0.003557586116000347;0;1;;"test0";8548;6220930
122;-1779699476;true;0.003557586116000347;0;1;;"test0";8555;6220930
122;-1393639037;true;0.0035765499668021137;0;1;;"test0";8721;6220930
122;972801893;true;0.0035765499668021137;0;1;;"test0";8980;6220930
122;-1308599245;true;0.0035767640679486294;0;1;;"test0";8104;6220930
122;590251987;true;0.0035767640679486294;0;1;;"test0";7724;6220930
122;837486493;true;0.0035767640679486294;0;1;;"test0";8024;6220930
122;-542821700;true;0.0035767640679486294;0;1;;"test0";8053;6220930
122;226256957;true;0.0035854007793519123;0;1;;"test0";7535;6220930
122;1970802747;true;0.0035854007793519123;0;1;;"test0";7931;6220930
122;646113697;true;0.0035968165749268245;0;1;;"test0";6973;6220930
122;496740370;true;0.0035994427202612617;0;1;;"test0";9218;6220930
122;1080010256;true;0.0035994427202612617;0;1;;"test0";7997;6220930
122;496740370;true;0.0035994427202612617;0;1;;"test0";8950;6220930
122;2127189076;true;0.003796113882157877;0;1;;"test0";6512;6220930
122;-333482107;true;0.003796113882157877;0;1;;"test0";8201;6220930
122;-223361487;true;0.003796113882157877;0;1;;"test0";7247;6220930
122;-1249949694;true;0.0038003487984556573;0;1;;"test0";8492;6220930
122;-1746094103;true;0.0038091741485492808;0;1;;"test0";7401;6220930
122;-904704513;true;0.0038092274555293227;0;1;;"test0";6169;6220930
122;-734848619;true;0.0039089335808415076;0;1;;"test0";6607;6220930
122;-1077788323;true;0.0039089335808415076;0;1;;"test0";6330;6220930
122;-2075235964;true;0.00397508597276459;0;1;;"test0";8361;6220930
122;1150308838;true;0.003979369140726256;0;1;;"test0";9062;6220930
122;1282553565;true;0.003979369140726256;0;1;;"test0";9019;6220930
122;746358010;true;0.003985425906272067;0;1;;"test0";7123;6220930
122;274627446;true;0.003985425906272067;0;1;;"test0";8565;6220930
122;-1138981837;true;0.003985425906272067;0;1;;"test0";6886;6220930
122;-690717708;true;0.0039865342872755834;0;1;;"test0";8915;6220930
122;1417508961;true;0.0039865342872755834;0;1;;"test0";7970;6220930
122;-1744678899;true;0.0039865342872755834;0;1;;"test0";7719;6220930
122;-1000774044;true;0.003987469054900865;0;1;;"test0";8094;6220930
122;343319502;true;0.003988593554511776;0;1;;"test0";8284;6220930
122;-39475589;true;0.003988593554511776;0;1;;"test0";7215;6220930
122;-657302802;true;0.003988593554511776;0;1;;"test0";7848;6220930
122;-1512486639;true;0.004000321967775602;0;1;;"test0";8553;6220930
122;-801082455;true;0.004000321967775602;0;1;;"test0";7013;6220930
122;-1802665016;true;0.004000321967775602;0;1;;"test0";7398;6220930
122;-1820055331;true;0.004001587392349194;0;1;;"test0";8601;6220930
122;-965605987;true;0.004001587392349194;0;1;;"test0";2;6220930
122;-1909980024;true;0.004001587392349194;0;1;;"test0";8987;6220930
122;-162223066;true;0.004001587392349194;0;1;;"test0";9497;6220930
122;-1820055331;true;0.004001587392349194;0;1;;"test0";7930;6220930
123;-1646396338;false;-1;0;1;;"test0";NaN;6283306
123;-1786009418;false;-1;0;1;;"test0";NaN;6283306
123;-1304026326;true;0.0028642005243457043;0;1;;"test0";7442;6283306
123;-227991531;true;0.0028642005243457043;0;1;;"test0";8843;6283306
123;-1888243970;true;0.0028642257818459194;0;1;;"test0";7377;6283306
123;874446034;true;0.00286427732079906;0;1;;"test0";8048;6283306
123;899735169;true;0.00286427732079906;0;1;;"test0";6054;6283306
123;114606505;true;0.00286427732079906;0;1;;"test0";6976;6283306
123;1751474639;true;0.003003432494279176;0;1;;"test0";7040;6283306
123;-124224454;true;0.003003432494279176;0;1;;"test0";8624;6283306
123;-1460418534;true;0.003003432494279176;0;1;;"test0";9069;6283306
123;998604756;true;0.0034466410560443144;0;1;;"test0";7436;6283306
123;87505117;true;0.0035767640679486294;0;1;;"test0";8157;6283306
123;-510479388;true;0.0035767640679486294;0;1;;"test0";8408;6283306
123;-114956316;true;0.0035767640679486294;0;1;;"test0";7936;6283306
123;1970802747;true;0.0035854007793519123;0;1;;"test0";6774;6283306
123;646113697;true;0.0035968165749268245;0;1;;"test0";8731;6283306
123;-223361487;true;0.003796113882157877;0;1;;"test0";7488;6283306
123;-223361487;true;0.003796113882157877;0;1;;"test0";6539;6283306
123;1560269434;true;0.0038003321179944853;0;1;;"test0";6639;6283306
123;-1249949694;true;0.0038003487984556573;0;1;;"test0";8983;6283306
123;-1746094103;true;0.0038091741485492808;0;1;;"test0";6938;6283306
123;-1746094103;true;0.0038091741485492808;0;1;;"test0";6893;6283306
123;701993392;true;0.0038222794307045454;0;1;;"test0";8664;6283306
123;36010981;true;0.003889494001552823;0;1;;"test0";6554;6283306
123;-734848619;true;0.0039089335808415076;0;1;;"test0";8749;6283306
123;-1763993064;true;0.0039089335808415076;0;1;;"test0";6433;6283306
123;-734848619;true;0.0039089335808415076;0;1;;"test0";8688;6283306
123;785172875;true;0.00397508597276459;0;1;;"test0";8968;6283306
123;-2075235964;true;0.00397508597276459;0;1;;"test0";7285;6283306
123;1242995496;true;0.003976110182310492;0;1;;"test0";6439;6283306
123;384696005;true;0.0039771461816639495;0;1;;"test0";6874;6283306
123;1282553565;true;0.003979369140726256;0;1;;"test0";7698;6283306
123;-1297353946;true;0.003979369140726256;0;1;;"test0";7799;6283306
123;-1544229905;true;0.003979369140726256;0;1;;"test0";7680;6283306
123;1150308838;true;0.003979369140726256;0;1;;"test0";7882;6283306
123;-1138981837;true;0.003985425906272067;0;1;;"test0";6640;6283306
123;-1619273743;true;0.003985425906272067;0;1;;"test0";8479;6283306
123;-1411683107;true;0.003985425906272067;0;1;;"test0";8425;6283306
123;68954584;true;0.0039865342872755834;0;1;;"test0";9136;6283306
123;460478913;true;0.0039865342872755834;0;1;;"test0";8810;6283306
123;-1000774044;true;0.003987469054900865;0;1;;"test0";7737;6283306
123;-1000774044;true;0.003987469054900865;0;1;;"test0";4551;6283306
123;1484379944;true;0.003987469054900865;0;1;;"test0";7315;6283306
123;-1802665016;true;0.004000321967775602;0;1;;"test0";7716;6283306
123;1993438489;true;0.004000321967775602;0;1;;"test0";6464;6283306
123;-1802665016;true;0.004000321967775602;0;1;;"test0";7550;6283306
123;635744086;true;0.004000321967775602;0;1;;"test0";8562;6283306
123;-1820055331;true;0.004001587392349194;0;1;;"test0";1;6283306
123;-162223066;true;0.004001587392349194;0;1;;"test0";1;6283306
124;-2098048333;true;0.002002288329519451;0;1;;"test0";6443;6335213
124;1465862188;true;0.002574370709382151;0;1;;"test0";8091;6335213
124;-1304026326;true;0.0028642005243457043;0;1;;"test0";8646;6335213
124;95858521;true;0.00286427732079906;0;1;;"test0";9008;6335213
124;-152530318;true;0.003447895208986261;0;1;;"test0";8573;6335213
124;1329459237;true;0.003575247464352792;0;1;;"test0";8671;6335213
124;-1908556133;true;0.0035854007793519123;0;1;;"test0";7870;6335213
124;-1325576006;true;0.0035994427202612617;0;1;;"test0";6914;6335213
124;200916642;true;0.0035994427202612617;0;1;;"test0";8179;6335213
124;-1608081376;true;0.003796113882157877;0;1;;"test0";8309;6335213
124;-756220869;true;0.003796113882157877;0;1;;"test0";6826;6335213
124;124879278;true;0.0038003321179944853;0;1;;"test0";7620;6335213
124;-1589164173;true;0.0038003321179944853;0;1;;"test0";8930;6335213
124;-89267806;true;0.0038003487984556573;0;1;;"test0";7718;6335213
124;-1187851387;true;0.0038003487984556573;0;1;;"test0";7129;6335213
124;701993392;true;0.0038222794307045454;0;1;;"test0";7618;6335213
124;414600586;true;0.0038222794307045454;0;1;;"test0";7504;6335213
124;701993392;true;0.0038222794307045454;0;1;;"test0";8865;6335213
124;557874421;true;0.0038222794307045454;0;1;;"test0";8607;6335213
124;1071150928;true;0.0038222794307045454;0;1;;"test0";6400;6335213
124;1172137758;true;0.0039089335808415076;0;1;;"test0";8510;6335213
124;-1937513774;true;0.0039089335808415076;0;1;;"test0";6199;6335213
124;-41082184;true;0.0039089335808415076;0;1;;"test0";5988;6335213
124;25710735;true;0.0039089335808415076;0;1;;"test0";7941;6335213
124;1817668002;true;0.0039089335808415076;0;1;;"test0";8342;6335213
124;-1763993064;true;0.0039089335808415076;0;1;;"test0";7239;6335213
124;-1763993064;true;0.0039089335808415076;0;1;;"test0";8858;6335213
124;1430215899;true;0.0039089335808415076;0;1;;"test0";6775;6335213
124;1093142684;true;0.0039089335808415076;0;1;;"test0";7614;6335213
124;268426108;true;0.0039089335808415076;0;1;;"test0";8566;6335213
124;-2075235964;true;0.00397508597276459;0;1;;"test0";8267;6335213
124;785172875;true;0.00397508597276459;0;1;;"test0";8995;6335213
124;-463644299;true;0.00397508597276459;0;1;;"test0";7806;6335213
124;-1333486035;true;0.00397508597276459;0;1;;"test0";9227;6335213
124;-1053284460;true;0.0039771461816639495;0;1;;"test0";7805;6335213
124;-75173754;true;0.003985425906272067;0;1;;"test0";8836;6335213
124;592779223;true;0.003985425906272067;0;1;;"test0";8596;6335213
124;2076492360;true;0.003985425906272067;0;1;;"test0";8352;6335213
124;1051124182;true;0.0039865342872755834;0;1;;"test0";5644;6335213
124;-2110709183;true;0.0039865342872755834;0;1;;"test0";8430;6335213
124;594291207;true;0.0039865342872755834;0;1;;"test0";6435;6335213
124;-2059756109;true;0.003987469054900865;0;1;;"test0";8823;6335213
124;-1945847253;true;0.003987469054900865;0;1;;"test0";8742;6335213
124;-1802665016;true;0.004000321967775602;0;1;;"test0";9290;6335213
124;-1820055331;true;0.004001587392349194;0;1;;"test0";1;6335213
124;-162223066;true;0.004001587392349194;0;1;;"test0";6826;6335213
124;-1341669337;true;0.004001587392349194;0;1;;"test0";8510;6335213
124;1356885482;true;0.004001587392349194;0;1;;"test0";6910;6335213
124;-844728282;true;0.004001587392349194;0;1;;"test0";8272;6335213
125;1487071256;true;0.0028642005243457043;0;1;;"test0";7937;6389298
125;39194711;true;0.0028642005243457043;0;1;;"test0";7891;6389298
125;1133265771;true;0.0028642005243457043;0;1;;"test0";8038;6389298
125;185367740;true;0.0028642005243457043;0;1;;"test0";7629;6389298
125;-486648014;true;0.00286427732079906;0;1;;"test0";9355;6389298
125;2010978952;true;0.00286427732079906;0;1;;"test0";7288;6389298
125;95858521;true;0.00286427732079906;0;1;;"test0";9324;6389298
125;107461031;true;0.0028643036161833156;0;1;;"test0";8634;6389298
125;-299242893;true;0.0028643036161833156;0;1;;"test0";9350;6389298
125;-1326795660;true;0.00345049114166193;0;1;;"test0";7276;6389298
125;929817610;true;0.003557586116000347;0;1;;"test0";8779;6389298
125;-145194998;true;0.003574421118046035;0;1;;"test0";9235;6389298
125;1329459237;true;0.003575247464352792;0;1;;"test0";6643;6389298
125;1329459237;true;0.003575247464352792;0;1;;"test0";8364;6389298
125;1329459237;true;0.003575247464352792;0;1;;"test0";8323;6389298
125;295145420;true;0.0035994427202612617;0;1;;"test0";8711;6389298
125;915668677;true;0.0035994427202612617;0;1;;"test0";8527;6389298
125;-717143124;true;0.0035994427202612617;0;1;;"test0";8669;6389298
125;-1501408540;true;0.0035994427202612617;0;1;;"test0";9018;6389298
125;1119185790;true;0.0035994427202612617;0;1;;"test0";9309;6389298
125;-1803592483;true;0.0035994427202612617;0;1;;"test0";8559;6389298
125;-2018653247;true;0.0038003321179944853;0;1;;"test0";8180;6389298
125;-1388673198;true;0.0038003321179944853;0;1;;"test0";7564;6389298
125;-2024165355;true;0.0038003487984556573;0;1;;"test0";8164;6389298
125;-89267806;true;0.0038003487984556573;0;1;;"test0";7297;6389298
125;-1237755378;true;0.0038221710434263945;0;1;;"test0";7097;6389298
125;-1735893169;true;0.0038222794307045454;0;1;;"test0";8552;6389298
125;1034713039;true;0.0038222794307045454;0;1;;"test0";8981;6389298
125;1071150928;true;0.0038222794307045454;0;1;;"test0";7405;6389298
125;1995469665;true;0.0039089335808415076;0;1;;"test0";8381;6389298
125;-493834654;true;0.0039089335808415076;0;1;;"test0";9013;6389298
125;-2075235964;true;0.00397508597276459;0;1;;"test0";8677;6389298
125;-1913225588;true;0.00397508597276459;0;1;;"test0";8738;6389298
125;-1053284460;true;0.0039771461816639495;0;1;;"test0";9637;6389298
125;-1299911537;true;0.0039771461816639495;0;1;;"test0";8503;6389298
125;-1450686395;true;0.003985425906272067;0;1;;"test0";9000;6389298
125;1133748618;true;0.0039865342872755834;0;1;;"test0";7996;6389298
125;-2110709183;true;0.0039865342872755834;0;1;;"test0";8585;6389298
125;2037381;true;0.0039865342872755834;0;1;;"test0";8705;6389298
125;-2059756109;true;0.003987469054900865;0;1;;"test0";9253;6389298
125;763670169;true;0.003987469054900865;0;1;;"test0";7883;6389298
125;2051863018;true;0.003987469054900865;0;1;;"test0";9293;6389298
125;-2059756109;true;0.003987469054900865;0;1;;"test0";8109;6389298
125;-1893371543;true;0.003988593554511776;0;1;;"test0";8303;6389298
125;-1883684588;true;0.004000321967775602;0;1;;"test0";7197;6389298
125;1897108629;true;0.004000321967775602;0;1;;"test0";8211;6389298
125;-230911230;true;0.004001587392349194;0;1;;"test0";8793;6389298
125;-844728282;true;0.004001587392349194;0;1;;"test0";1;6389298
125;1356885482;true;0.004001587392349194;0;1;;"test0";7381;6389298
126;1995469665;false;-1;0;1;;"test0";NaN;6450339
126;1174547708;true;0.002574370709382151;0;1;;"test0";9311;6450339
126;-829450376;true;0.003557586116000347;0;1;;"test0";4897;6450339
126;929817610;true;0.003557586116000347;0;1;;"test0";7604;6450339
126;556288296;true;0.0035747335298115133;0;1;;"test0";7725;6450339
126;71388720;true;0.003575247464352792;0;1;;"test0";9226;6450339
126;1695691877;true;0.003575247464352792;0;1;;"test0";7692;6450339
126;-950027426;true;0.003575247464352792;0;1;;"test0";6987;6450339
126;-1029338205;true;0.0035765499668021137;0;1;;"test0";7017;6450339
126;405177945;true;0.0035766888016301062;0;1;;"test0";8895;6450339
126;-1355289935;true;0.0035830718175041986;0;1;;"test0";8882;6450339
126;-697103825;true;0.0035994427202612617;0;1;;"test0";9158;6450339
126;253871706;true;0.0035994427202612617;0;1;;"test0";8494;6450339
126;-496158075;true;0.0035994427202612617;0;1;;"test0";8764;6450339
126;-1803592483;true;0.0035994427202612617;0;1;;"test0";7804;6450339
126;648863676;true;0.003796113882157877;0;1;;"test0";8516;6450339
126;-2018653247;true;0.0038003321179944853;0;1;;"test0";9190;6450339
126;-2018653247;true;0.0038003321179944853;0;1;;"test0";8077;6450339
126;-1482339408;true;0.0038003321179944853;0;1;;"test0";7137;6450339
126;-1034944902;true;0.0038003321179944853;0;1;;"test0";7491;6450339
126;-504332336;true;0.0038221710434263945;0;1;;"test0";8840;6450339
126;-682207321;true;0.0038222794307045454;0;1;;"test0";8604;6450339
126;394281314;true;0.0038222794307045454;0;1;;"test0";8597;6450339
126;-1393384132;true;0.0038222794307045454;0;1;;"test0";8941;6450339
126;-520363183;true;0.0039089335808415076;0;1;;"test0";8728;6450339
126;1077965958;true;0.0039089335808415076;0;1;;"test0";8683;6450339
126;1511265135;true;0.0039089335808415076;0;1;;"test0";8506;6450339
126;-1460477301;true;0.00397508597276459;0;1;;"test0";6354;6450339
126;-2075235964;true;0.00397508597276459;0;1;;"test0";7752;6450339
126;192873272;true;0.0039771461816639495;0;1;;"test0";7710;6450339
126;1938980886;true;0.0039771461816639495;0;1;;"test0";9223;6450339
126;-1299911537;true;0.0039771461816639495;0;1;;"test0";8809;6450339
126;1255775004;true;0.0039771461816639495;0;1;;"test0";7539;6450339
126;-161199980;true;0.003985425906272067;0;1;;"test0";8057;6450339
126;-1450686395;true;0.003985425906272067;0;1;;"test0";8802;6450339
126;1956564346;true;0.003985425906272067;0;1;;"test0";7514;6450339
126;-363411749;true;0.0039865342872755834;0;1;;"test0";9408;6450339
126;1177039102;true;0.0039865342872755834;0;1;;"test0";4559;6450339
126;1863162703;true;0.0039865342872755834;0;1;;"test0";8705;6450339
126;-323161254;true;0.003987469054900865;0;1;;"test0";8257;6450339
126;283378538;true;0.003988593554511776;0;1;;"test0";8730;6450339
126;2053632980;true;0.003988593554511776;0;1;;"test0";8352;6450339
126;2062006607;true;0.003988593554511776;0;1;;"test0";8792;6450339
126;2051302754;true;0.003988593554511776;0;1;;"test0";8415;6450339
126;-1883684588;true;0.004000321967775602;0;1;;"test0";8817;6450339
126;-1120252183;true;0.004000321967775602;0;1;;"test0";8257;6450339
126;-1844281066;true;0.004000321967775602;0;1;;"test0";7591;6450339
126;-844728282;true;0.004001587392349194;0;1;;"test0";2;6450339
126;1591042780;true;0.004001587392349194;0;1;;"test0";8407;6450339
126;1356885482;true;0.004001587392349194;0;1;;"test0";3;6450339
127;1285690445;false;-1;0;1;;"test0";NaN;6507793
127;-2137908981;true;0.00286427732079906;0;1;;"test0";8094;6507793
127;-574894800;true;0.003146453089244851;0;1;;"test0";7201;6507793
127;1705860207;true;0.003568920752999029;0;1;;"test0";8594;6507793
127;-1148312339;true;0.0035747335298115133;0;1;;"test0";8266;6507793
127;1857708708;true;0.0035753273099229823;0;1;;"test0";8449;6507793
127;-853211538;true;0.0035766888016301062;0;1;;"test0";7194;6507793
127;405177945;true;0.0035766888016301062;0;1;;"test0";7908;6507793
127;1850868462;true;0.0035830718175041986;0;1;;"test0";8370;6507793
127;-1355289935;true;0.0035830718175041986;0;1;;"test0";8438;6507793
127;-174351652;true;0.0035994427202612617;0;1;;"test0";7474;6507793
127;748440412;true;0.0036548090456856625;0;1;;"test0";8158;6507793
127;-1317792813;true;0.003796113882157877;0;1;;"test0";7788;6507793
127;648863676;true;0.003796113882157877;0;1;;"test0";8290;6507793
127;-1034944902;true;0.0038003321179944853;0;1;;"test0";7257;6507793
127;-215987608;true;0.0038003321179944853;0;1;;"test0";7771;6507793
127;-134807186;true;0.0038091741485492808;0;1;;"test0";8451;6507793
127;105128613;true;0.0038091741485492808;0;1;;"test0";8973;6507793
127;-1431583989;true;0.0038092274555293227;0;1;;"test0";7655;6507793
127;-504332336;true;0.0038221710434263945;0;1;;"test0";8563;6507793
127;-1393384132;true;0.0038222794307045454;0;1;;"test0";7974;6507793
127;826725937;true;0.0038222794307045454;0;1;;"test0";7517;6507793
127;-520363183;true;0.0039089335808415076;0;1;;"test0";7511;6507793
127;-692394268;true;0.00397508597276459;0;1;;"test0";7495;6507793
127;-1460477301;true;0.00397508597276459;0;1;;"test0";8051;6507793
127;-964874139;true;0.00397508597276459;0;1;;"test0";7559;6507793
127;1459953743;true;0.003976110182310492;0;1;;"test0";7305;6507793
127;1360662873;true;0.0039771461816639495;0;1;;"test0";8178;6507793
127;-323161254;true;0.003987469054900865;0;1;;"test0";7273;6507793
127;482403783;true;0.003987469054900865;0;1;;"test0";7713;6507793
127;-1700057814;true;0.003987469054900865;0;1;;"test0";8164;6507793
127;-446668377;true;0.004000321967775602;0;1;;"test0";7751;6507793
127;680489180;true;0.004000321967775602;0;1;;"test0";5586;6507793
127;-1074749536;true;0.004000321967775602;0;1;;"test0";8905;6507793
127;-1844281066;true;0.004000321967775602;0;1;;"test0";7335;6507793
127;457612367;true;0.004000321967775602;0;1;;"test0";8452;6507793
127;1989535790;true;0.004000321967775602;0;1;;"test0";8702;6507793
127;-1844281066;true;0.004000321967775602;0;1;;"test0";5289;6507793
127;359231239;true;0.004000321967775602;0;1;;"test0";8837;6507793
127;-512099743;true;0.004001587392349194;0;1;;"test0";7834;6507793
127;1356885482;true;0.004001587392349194;0;1;;"test0";7809;6507793
127;-127303993;true;0.004001587392349194;0;1;;"test0";8181;6507793
127;1591042780;true;0.004001587392349194;0;1;;"test0";1;6507793
127;-246077326;true;0.004001587392349194;0;1;;"test0";7855;6507793
127;2003707453;true;0.004001587392349194;0;1;;"test0";7716;6507793
127;-1930142635;true;0.004001587392349194;0;1;;"test0";8409;6507793
127;1810089413;true;0.004001587392349194;0;1;;"test0";8271;6507793
127;1356885482;true;0.004001587392349194;0;1;;"test0";6987;6507793
127;1257282823;true;0.004001587392349194;0;1;;"test0";7422;6507793
128;680489180;false;-1;0;1;;"test0";NaN;6574200
128;-789631984;true;0.0035686801944170726;0;1;;"test0";6674;6574200
128;1705860207;true;0.003568920752999029;0;1;;"test0";8353;6574200
128;-1972433849;true;0.003575247464352792;0;1;;"test0";8869;6574200
128;1882315056;true;0.003575247464352792;0;1;;"test0";9258;6574200
128;2122753447;true;0.0035766256191777255;0;1;;"test0";8593;6574200
128;822349869;true;0.0035766888016301062;0;1;;"test0";7588;6574200
128;405177945;true;0.0035766888016301062;0;1;;"test0";7575;6574200
128;1853932581;true;0.0035774849907312407;0;1;;"test0";8637;6574200
128;-1573453319;true;0.0035830718175041986;0;1;;"test0";8913;6574200
128;1389463659;true;0.003595186165254495;0;1;;"test0";7610;6574200
128;2111197369;true;0.0035968267186548704;0;1;;"test0";6903;6574200
128;-174351652;true;0.0035994427202612617;0;1;;"test0";8445;6574200
128;-174351652;true;0.0035994427202612617;0;1;;"test0";9146;6574200
128;-34700586;true;0.0035994427202612617;0;1;;"test0";9533;6574200
128;-787307808;true;0.0035994427202612617;0;1;;"test0";8687;6574200
128;648863676;true;0.003796113882157877;0;1;;"test0";8655;6574200
128;1555831744;true;0.003796113882157877;0;1;;"test0";8246;6574200
128;1763661426;true;0.003796113882157877;0;1;;"test0";8675;6574200
128;185350346;true;0.003796113882157877;0;1;;"test0";8500;6574200
128;1063411023;true;0.0038091741485492808;0;1;;"test0";6970;6574200
128;1687516565;true;0.0038092274555293227;0;1;;"test0";9212;6574200
128;-1616337518;true;0.0038092274555293227;0;1;;"test0";7058;6574200
128;771401480;true;0.0038092274555293227;0;1;;"test0";9081;6574200
128;-1431583989;true;0.0038092274555293227;0;1;;"test0";6926;6574200
128;-504332336;true;0.0038221710434263945;0;1;;"test0";8355;6574200
128;219986521;true;0.0038221710434263945;0;1;;"test0";7871;6574200
128;-504332336;true;0.0038221710434263945;0;1;;"test0";7424;6574200
128;917934761;true;0.0039089335808415076;0;1;;"test0";7732;6574200
128;-1707992279;true;0.0039089335808415076;0;1;;"test0";9234;6574200
128;1793187770;true;0.0039089335808415076;0;1;;"test0";9473;6574200
128;-520363183;true;0.0039089335808415076;0;1;;"test0";7063;6574200
128;1016278657;true;0.00397508597276459;0;1;;"test0";8620;6574200
128;2077446093;true;0.00397508597276459;0;1;;"test0";7605;6574200
128;-964874139;true;0.00397508597276459;0;1;;"test0";9017;6574200
128;1459953743;true;0.003976110182310492;0;1;;"test0";10371;6574200
128;1459953743;true;0.003976110182310492;0;1;;"test0";7363;6574200
128;-528001254;true;0.003987469054900865;0;1;;"test0";8861;6574200
128;-323161254;true;0.003987469054900865;0;1;;"test0";8851;6574200
128;-1700057814;true;0.003987469054900865;0;1;;"test0";8363;6574200
128;-174901779;true;0.003987469054900865;0;1;;"test0";7791;6574200
128;-1700057814;true;0.003987469054900865;0;1;;"test0";8539;6574200
128;-270956309;true;0.004000321967775602;0;1;;"test0";6978;6574200
128;196123430;true;0.004001587392349194;0;1;;"test0";8361;6574200
128;-2113289882;true;0.004001587392349194;0;1;;"test0";7732;6574200
128;1257282823;true;0.004001587392349194;0;1;;"test0";1;6574200
128;1356885482;true;0.004001587392349194;0;1;;"test0";2;6574200
128;-268806053;true;0.004001587392349194;0;1;;"test0";8137;6574200
128;1793216296;true;0.004001587392349194;0;1;;"test0";8436;6574200
128;969989533;true;0.004001587392349194;0;1;;"test0";8353;6574200
129;917934761;false;-1;0;1;;"test0";NaN;6631274
129;935688598;true;0.00286427732079906;0;1;;"test0";8066;6631274
129;1430340056;true;0.00286427732079906;0;1;;"test0";8136;6631274
129;-1145793205;true;0.003575247464352792;0;1;;"test0";9204;6631274
129;-195359002;true;0.0035753273099229823;0;1;;"test0";8071;6631274
129;-1271343307;true;0.0035753273099229823;0;1;;"test0";7723;6631274
129;2122753447;true;0.0035766256191777255;0;1;;"test0";8184;6631274
129;822349869;true;0.0035766888016301062;0;1;;"test0";7502;6631274
129;1853932581;true;0.0035774849907312407;0;1;;"test0";8928;6631274
129;1853932581;true;0.0035774849907312407;0;1;;"test0";7417;6631274
129;-1809153854;true;0.0035830718175041986;0;1;;"test0";7770;6631274
129;324808092;true;0.003595186165254495;0;1;;"test0";7933;6631274
129;2117003926;true;0.003595186165254495;0;1;;"test0";7352;6631274
129;1051863133;true;0.0035968165749268245;0;1;;"test0";8981;6631274
129;2111197369;true;0.0035968267186548704;0;1;;"test0";8176;6631274
129;1614606615;true;0.0035968267186548704;0;1;;"test0";7611;6631274
129;2111197369;true;0.0035968267186548704;0;1;;"test0";7878;6631274
129;2111197369;true;0.0035968267186548704;0;1;;"test0";6805;6631274
129;-914063891;true;0.0035994427202612617;0;1;;"test0";9088;6631274
129;-158224401;true;0.0035994427202612617;0;1;;"test0";7374;6631274
129;-1062231096;true;0.0035994427202612617;0;1;;"test0";7618;6631274
129;1116185152;true;0.0035994427202612617;0;1;;"test0";8196;6631274
129;-913742865;true;0.0038003487984556573;0;1;;"test0";6452;6631274
129;-1717537408;true;0.0038091741485492808;0;1;;"test0";7798;6631274
129;-1498156097;true;0.0038091741485492808;0;1;;"test0";8179;6631274
129;1342163575;true;0.0038091741485492808;0;1;;"test0";7875;6631274
129;-1435340664;true;0.0038092274555293227;0;1;;"test0";8538;6631274
129;771401480;true;0.0038092274555293227;0;1;;"test0";9033;6631274
129;-504332336;true;0.0038221710434263945;0;1;;"test0";7320;6631274
129;-504332336;true;0.0038221710434263945;0;1;;"test0";8446;6631274
129;856649890;true;0.0038221710434263945;0;1;;"test0";8043;6631274
129;-361026385;true;0.0039089335808415076;0;1;;"test0";8174;6631274
129;917934761;true;0.0039089335808415076;0;1;;"test0";9147;6631274
129;-1979120564;true;0.0039089335808415076;0;1;;"test0";8395;6631274
129;168445559;true;0.0039089335808415076;0;1;;"test0";8364;6631274
129;-1766204578;true;0.003976110182310492;0;1;;"test0";8171;6631274
129;557529584;true;0.003978714284137195;0;1;;"test0";8802;6631274
129;201575377;true;0.0039865342872755834;0;1;;"test0";7834;6631274
129;-323161254;true;0.003987469054900865;0;1;;"test0";7909;6631274
129;-2145112729;true;0.004000321967775602;0;1;;"test0";8160;6631274
129;1318620371;true;0.004000321967775602;0;1;;"test0";8516;6631274
129;-1249200682;true;0.004000321967775602;0;1;;"test0";8944;6631274
129;-72604997;true;0.004000321967775602;0;1;;"test0";7541;6631274
129;-369476794;true;0.004001587392349194;0;1;;"test0";8832;6631274
129;969989533;true;0.004001587392349194;0;1;;"test0";2;6631274
129;1793216296;true;0.004001587392349194;0;1;;"test0";2;6631274
129;1356885482;true;0.004001587392349194;0;1;;"test0";7193;6631274
129;1356885482;true;0.004001587392349194;0;1;;"test0";8950;6631274
129;1356885482;true;0.004001587392349194;0;1;;"test0";8065;6631274
129;-268806053;true;0.004001587392349194;0;1;;"test0";7313;6631274
130;-1284971936;false;-1;0;1;;"test0";NaN;6690760
130;77448421;true;0.002574370709382151;0;1;;"test0";7416;6690760
130;-1145793205;true;0.003575247464352792;0;1;;"test0";5687;6690760
130;-2046398508;true;0.0035762739291860354;0;1;;"test0";9128;6690760
130;-1759808994;true;0.0035766888016301062;0;1;;"test0";8906;6690760
130;1853932581;true;0.0035774849907312407;0;1;;"test0";8762;6690760
130;1853932581;true;0.0035774849907312407;0;1;;"test0";8686;6690760
130;-446937363;true;0.003594451129694073;0;1;;"test0";7855;6690760
130;1012455123;true;0.0035944698493278844;0;1;;"test0";7201;6690760
130;-1912030319;true;0.0035968267186548704;0;1;;"test0";9268;6690760
130;714104238;true;0.0035968267186548704;0;1;;"test0";8368;6690760
130;-648243064;true;0.0035968267186548704;0;1;;"test0";8011;6690760
130;2111197369;true;0.0035968267186548704;0;1;;"test0";7980;6690760
130;-1957717274;true;0.0035994427202612617;0;1;;"test0";8055;6690760
130;-1296841016;true;0.0035994427202612617;0;1;;"test0";8784;6690760
130;-672381805;true;0.003796113882157877;0;1;;"test0";9198;6690760
130;-1488253152;true;0.003796113882157877;0;1;;"test0";8775;6690760
130;-1829111176;true;0.0038003487984556573;0;1;;"test0";8720;6690760
130;1903177478;true;0.0038003487984556573;0;1;;"test0";7558;6690760
130;-913742865;true;0.0038003487984556573;0;1;;"test0";8948;6690760
130;-1139702054;true;0.0038003487984556573;0;1;;"test0";8197;6690760
130;1131571641;true;0.0038003487984556573;0;1;;"test0";7096;6690760
130;-913742865;true;0.0038003487984556573;0;1;;"test0";7454;6690760
130;-2074543118;true;0.0038003487984556573;0;1;;"test0";8528;6690760
130;-1717537408;true;0.0038091741485492808;0;1;;"test0";8477;6690760
130;1641393577;true;0.0038221710434263945;0;1;;"test0";7909;6690760
130;-336100094;true;0.0038221710434263945;0;1;;"test0";8977;6690760
130;1503156305;true;0.0038221710434263945;0;1;;"test0";8488;6690760
130;856649890;true;0.0038221710434263945;0;1;;"test0";8523;6690760
130;-504332336;true;0.0038221710434263945;0;1;;"test0";9004;6690760
130;-361026385;true;0.0039089335808415076;0;1;;"test0";9008;6690760
130;-1135865059;true;0.0039089335808415076;0;1;;"test0";8592;6690760
130;-1766204578;true;0.003976110182310492;0;1;;"test0";4605;6690760
130;-1766204578;true;0.003976110182310492;0;1;;"test0";6619;6690760
130;-1766204578;true;0.003976110182310492;0;1;;"test0";7515;6690760
130;-1796235695;true;0.003978714284137195;0;1;;"test0";9286;6690760
130;73788879;true;0.003978714284137195;0;1;;"test0";10118;6690760
130;-1126527372;true;0.003978714284137195;0;1;;"test0";9142;6690760
130;-262455512;true;0.003985425906272067;0;1;;"test0";8982;6690760
130;201575377;true;0.0039865342872755834;0;1;;"test0";8981;6690760
130;-1618418600;true;0.0039865342872755834;0;1;;"test0";6075;6690760
130;201575377;true;0.0039865342872755834;0;1;;"test0";8011;6690760
130;-323161254;true;0.003987469054900865;0;1;;"test0";8899;6690760
130;-323161254;true;0.003987469054900865;0;1;;"test0";8832;6690760
130;-400481669;true;0.004000321967775602;0;1;;"test0";8884;6690760
130;-72604997;true;0.004000321967775602;0;1;;"test0";7608;6690760
130;-1408743893;true;0.004000321967775602;0;1;;"test0";7447;6690760
130;-1249200682;true;0.004000321967775602;0;1;;"test0";8349;6690760
130;1356885482;true;0.004001587392349194;0;1;;"test0";1;6690760
130;-268806053;true;0.004001587392349194;0;1;;"test0";2;6690760
131;-11748509;true;0.002574370709382151;0;1;;"test0";7742;6744217
131;218088010;true;0.00286427732079906;0;1;;"test0";8981;6744217
131;75022759;true;0.003435469413825541;0;1;;"test0";8394;6744217
131;-1759808994;true;0.0035766888016301062;0;1;;"test0";6685;6744217
131;1417848316;true;0.0035767640679486294;0;1;;"test0";9055;6744217
131;1903179099;true;0.0035774120306526374;0;1;;"test0";6504;6744217
131;-1664199484;true;0.0035774849907312407;0;1;;"test0";8387;6744217
131;1012455123;true;0.0035944698493278844;0;1;;"test0";7866;6744217
131;290606363;true;0.0035944698493278844;0;1;;"test0";7491;6744217
131;-993772789;true;0.0035944698493278844;0;1;;"test0";6667;6744217
131;-1606441327;true;0.0035994427202612617;0;1;;"test0";6319;6744217
131;-1296841016;true;0.0035994427202612617;0;1;;"test0";9607;6744217
131;-20676144;true;0.0035994427202612617;0;1;;"test0";9060;6744217
131;1135229981;true;0.0035994427202612617;0;1;;"test0";6731;6744217
131;2090335442;true;0.003796113882157877;0;1;;"test0";9200;6744217
131;-1696752558;true;0.003796113882157877;0;1;;"test0";7150;6744217
131;-672381805;true;0.003796113882157877;0;1;;"test0";9400;6744217
131;-802163471;true;0.0038003487984556573;0;1;;"test0";8384;6744217
131;1129998954;true;0.0038003487984556573;0;1;;"test0";8821;6744217
131;2045202858;true;0.0038003487984556573;0;1;;"test0";7975;6744217
131;-1135865059;true;0.0039089335808415076;0;1;;"test0";9766;6744217
131;1482983762;true;0.0039089335808415076;0;1;;"test0";8074;6744217
131;1302981591;true;0.0039089335808415076;0;1;;"test0";7757;6744217
131;-1973121412;true;0.00397508597276459;0;1;;"test0";8317;6744217
131;-1766204578;true;0.003976110182310492;0;1;;"test0";8648;6744217
131;1169015123;true;0.003976110182310492;0;1;;"test0";7565;6744217
131;-433542245;true;0.003976110182310492;0;1;;"test0";9094;6744217
131;203145953;true;0.003977482233872973;0;1;;"test0";6282;6744217
131;-1086399494;true;0.003978714284137195;0;1;;"test0";7035;6744217
131;-262455512;true;0.003985425906272067;0;1;;"test0";9040;6744217
131;201575377;true;0.0039865342872755834;0;1;;"test0";8719;6744217
131;-1802404995;true;0.0039865342872755834;0;1;;"test0";8662;6744217
131;201575377;true;0.0039865342872755834;0;1;;"test0";8825;6744217
131;-323161254;true;0.003987469054900865;0;1;;"test0";8908;6744217
131;-1944724609;true;0.003987469054900865;0;1;;"test0";7632;6744217
131;-121351347;true;0.003987469054900865;0;1;;"test0";9162;6744217
131;-1453675835;true;0.003987469054900865;0;1;;"test0";8580;6744217
131;229923994;true;0.003987469054900865;0;1;;"test0";9737;6744217
131;-1489815740;true;0.003987469054900865;0;1;;"test0";8886;6744217
131;-1408743893;true;0.004000321967775602;0;1;;"test0";8629;6744217
131;2065699441;true;0.004000321967775602;0;1;;"test0";8105;6744217
131;477981245;true;0.004000321967775602;0;1;;"test0";8061;6744217
131;-813589960;true;0.004000321967775602;0;1;;"test0";9199;6744217
131;-226929182;true;0.004001587392349194;0;1;;"test0";7827;6744217
131;-268806053;true;0.004001587392349194;0;1;;"test0";1;6744217
131;-954669975;true;0.004001587392349194;0;1;;"test0";7215;6744217
131;-1828991610;true;0.004001587392349194;0;1;;"test0";8707;6744217
131;-205230686;true;0.004001587392349194;0;1;;"test0";8763;6744217
131;1356885482;true;0.004001587392349194;0;1;;"test0";8723;6744217
132;-1489798299;false;-1;0;1;;"test0";NaN;6813304
132;-1086399494;false;-1;0;1;;"test0";NaN;6813304
132;534428850;true;0.00286427732079906;0;1;;"test0";8503;6813304
132;-844653492;true;0.00286427732079906;0;1;;"test0";8097;6813304
132;1417848316;true;0.0035767640679486294;0;1;;"test0";7175;6813304
132;1397369773;true;0.0035767640679486294;0;1;;"test0";7549;6813304
132;-1950332366;true;0.0035767640679486294;0;1;;"test0";9044;6813304
132;-1287277097;true;0.0035767640679486294;0;1;;"test0";7968;6813304
132;1417848316;true;0.0035767640679486294;0;1;;"test0";9054;6813304
132;1903179099;true;0.0035774120306526374;0;1;;"test0";8849;6813304
132;773915195;true;0.0035774120306526374;0;1;;"test0";8391;6813304
132;1903179099;true;0.0035774120306526374;0;1;;"test0";7749;6813304
132;2054192969;true;0.0035774120306526374;0;1;;"test0";7624;6813304
132;290606363;true;0.0035944698493278844;0;1;;"test0";8518;6813304
132;639131207;true;0.0035944698493278844;0;1;;"test0";7984;6813304
132;1495295087;true;0.0035994427202612617;0;1;;"test0";9210;6813304
132;1666417582;true;0.0035994427202612617;0;1;;"test0";9756;6813304
132;-26305956;true;0.0035994427202612617;0;1;;"test0";7712;6813304
132;-1296841016;true;0.0035994427202612617;0;1;;"test0";9189;6813304
132;1690419038;true;0.003796113882157877;0;1;;"test0";7991;6813304
132;2090335442;true;0.003796113882157877;0;1;;"test0";9166;6813304
132;1038723162;true;0.003796113882157877;0;1;;"test0";9132;6813304
132;-761807214;true;0.0038003487984556573;0;1;;"test0";8841;6813304
132;-802163471;true;0.0038003487984556573;0;1;;"test0";6780;6813304
132;499358356;true;0.0038003487984556573;0;1;;"test0";4624;6813304
132;2045202858;true;0.0038003487984556573;0;1;;"test0";9113;6813304
132;1298388276;true;0.0038092274555293227;0;1;;"test0";4795;6813304
132;-1507816885;true;0.00397508597276459;0;1;;"test0";8063;6813304
132;-1154422201;true;0.00397508597276459;0;1;;"test0";8032;6813304
132;-925315570;true;0.00397508597276459;0;1;;"test0";8191;6813304
132;-1973121412;true;0.00397508597276459;0;1;;"test0";8479;6813304
132;1065523376;true;0.003976110182310492;0;1;;"test0";9171;6813304
132;203145953;true;0.003977482233872973;0;1;;"test0";7713;6813304
132;-912426139;true;0.003978714284137195;0;1;;"test0";7492;6813304
132;-673441779;true;0.003978714284137195;0;1;;"test0";9033;6813304
132;1388269201;true;0.003985425906272067;0;1;;"test0";9267;6813304
132;-2005305615;true;0.003985425906272067;0;1;;"test0";8521;6813304
132;-262455512;true;0.003985425906272067;0;1;;"test0";7079;6813304
132;1424877617;true;0.0039865342872755834;0;1;;"test0";8512;6813304
132;-30592808;true;0.0039865342872755834;0;1;;"test0";7700;6813304
132;-1944724609;true;0.003987469054900865;0;1;;"test0";9062;6813304
132;-121351347;true;0.003987469054900865;0;1;;"test0";9739;6813304
132;-1944724609;true;0.003987469054900865;0;1;;"test0";8531;6813304
132;-1944724609;true;0.003987469054900865;0;1;;"test0";9087;6813304
132;1635409853;true;0.003988593554511776;0;1;;"test0";9961;6813304
132;428698143;true;0.004000321967775602;0;1;;"test0";9366;6813304
132;-881097865;true;0.004000321967775602;0;1;;"test0";10081;6813304
132;727761530;true;0.004000321967775602;0;1;;"test0";6763;6813304
132;-205230686;true;0.004001587392349194;0;1;;"test0";2;6813304
132;1356885482;true;0.004001587392349194;0;1;;"test0";2;6813304
133;-925315570;false;-1;0;1;;"test0";NaN;6873788
133;222208710;true;0.002574370709382151;0;1;;"test0";7971;6873788
133;-874466769;true;0.0028642005243457043;0;1;;"test0";8879;6873788
133;-1294207133;true;0.00286427732079906;0;1;;"test0";9328;6873788
133;-298918779;true;0.0034482005167923583;0;1;;"test0";9442;6873788
133;1385984437;true;0.003573841747388412;0;1;;"test0";7976;6873788
133;-192059828;true;0.0035765499668021137;0;1;;"test0";9040;6873788
133;1168076796;true;0.0035994427202612617;0;1;;"test0";8221;6873788
133;-1296841016;true;0.0035994427202612617;0;1;;"test0";8695;6873788
133;-1862139353;true;0.0035994427202612617;0;1;;"test0";8146;6873788
133;-295187330;true;0.0035994427202612617;0;1;;"test0";8197;6873788
133;2090335442;true;0.003796113882157877;0;1;;"test0";9491;6873788
133;394844991;true;0.003796113882157877;0;1;;"test0";8710;6873788
133;1681263824;true;0.003796113882157877;0;1;;"test0";9100;6873788
133;-811728801;true;0.003796113882157877;0;1;;"test0";6957;6873788
133;864914715;true;0.0038003487984556573;0;1;;"test0";8666;6873788
133;1065523376;true;0.003976110182310492;0;1;;"test0";8323;6873788
133;752060862;true;0.003976110182310492;0;1;;"test0";8222;6873788
133;-2105035274;true;0.003977482233872973;0;1;;"test0";8603;6873788
133;1764274052;true;0.003977482233872973;0;1;;"test0";8539;6873788
133;-673441779;true;0.003978714284137195;0;1;;"test0";8468;6873788
133;90434852;true;0.003978714284137195;0;1;;"test0";6962;6873788
133;-125154636;true;0.003978714284137195;0;1;;"test0";7786;6873788
133;2063723783;true;0.003978714284137195;0;1;;"test0";8205;6873788
133;1283352945;true;0.003985425906272067;0;1;;"test0";8996;6873788
133;-2005305615;true;0.003985425906272067;0;1;;"test0";8864;6873788
133;-266631327;true;0.003985425906272067;0;1;;"test0";6709;6873788
133;-1979084749;true;0.0039865342872755834;0;1;;"test0";8929;6873788
133;-465538597;true;0.0039865342872755834;0;1;;"test0";7602;6873788
133;-126817057;true;0.0039865342872755834;0;1;;"test0";8639;6873788
133;2028662814;true;0.0039865342872755834;0;1;;"test0";8776;6873788
133;2017608516;true;0.0039865342872755834;0;1;;"test0";7852;6873788
133;-1944724609;true;0.003987469054900865;0;1;;"test0";8328;6873788
133;336706766;true;0.003987469054900865;0;1;;"test0";9365;6873788
133;1064392782;true;0.003987469054900865;0;1;;"test0";8191;6873788
133;-1944724609;true;0.003987469054900865;0;1;;"test0";5181;6873788
133;-1944724609;true;0.003987469054900865;0;1;;"test0";9068;6873788
133;-1774258017;true;0.003987469054900865;0;1;;"test0";9039;6873788
133;-812269969;true;0.003987469054900865;0;1;;"test0";8738;6873788
133;-1152437935;true;0.003988593554511776;0;1;;"test0";8338;6873788
133;-155700082;true;0.003988593554511776;0;1;;"test0";7934;6873788
133;1635409853;true;0.003988593554511776;0;1;;"test0";8732;6873788
133;1635409853;true;0.003988593554511776;0;1;;"test0";9016;6873788
133;-1344109407;true;0.003988593554511776;0;1;;"test0";9313;6873788
133;1635409853;true;0.003988593554511776;0;1;;"test0";8641;6873788
133;2010095645;true;0.003988593554511776;0;1;;"test0";8758;6873788
133;-1481535389;true;0.003988593554511776;0;1;;"test0";9201;6873788
133;-205230686;true;0.004001587392349194;0;1;;"test0";8065;6873788
133;1356885482;true;0.004001587392349194;0;1;;"test0";1;6873788
134;-716916656;true;0.002002288329519451;0;1;;"test0";6947;6928282
134;-400189353;true;0.0028641509998354794;0;1;;"test0";9308;6928282
134;383839461;true;0.0028642005243457043;0;1;;"test0";8777;6928282
134;-94924015;true;0.00286427732079906;0;1;;"test0";7925;6928282
134;-548497984;true;0.00286427732079906;0;1;;"test0";8459;6928282
134;-2029068760;true;0.0028643036161833156;0;1;;"test0";9307;6928282
134;1236695904;true;0.0034431135861241195;0;1;;"test0";6940;6928282
134;169581300;true;0.0035743599068303314;0;1;;"test0";6778;6928282
134;375095878;true;0.0035753273099229823;0;1;;"test0";7463;6928282
134;-192059828;true;0.0035765499668021137;0;1;;"test0";9136;6928282
134;-727264956;true;0.0035765499668021137;0;1;;"test0";8910;6928282
134;1962926976;true;0.0035994427202612617;0;1;;"test0";7730;6928282
134;-1769574509;true;0.00362114064283464;0;1;;"test0";9375;6928282
134;732620470;true;0.003796113882157877;0;1;;"test0";8468;6928282
134;1681263824;true;0.003796113882157877;0;1;;"test0";7244;6928282
134;-1637799226;true;0.003801251557062169;0;1;;"test0";7186;6928282
134;1975221593;true;0.003977482233872973;0;1;;"test0";8227;6928282
134;-2019443423;true;0.003977482233872973;0;1;;"test0";9307;6928282
134;950700855;true;0.003977482233872973;0;1;;"test0";9531;6928282
134;-521800171;true;0.003977482233872973;0;1;;"test0";9554;6928282
134;-2105035274;true;0.003977482233872973;0;1;;"test0";6761;6928282
134;90434852;true;0.003978714284137195;0;1;;"test0";8952;6928282
134;90434852;true;0.003978714284137195;0;1;;"test0";9248;6928282
134;-1256684962;true;0.003978714284137195;0;1;;"test0";9194;6928282
134;1695726044;true;0.003978714284137195;0;1;;"test0";8266;6928282
134;-2005305615;true;0.003985425906272067;0;1;;"test0";9332;6928282
134;-126817057;true;0.0039865342872755834;0;1;;"test0";8731;6928282
134;1532022593;true;0.0039865342872755834;0;1;;"test0";7678;6928282
134;-1979084749;true;0.0039865342872755834;0;1;;"test0";7263;6928282
134;1389804592;true;0.0039865342872755834;0;1;;"test0";9649;6928282
134;-1979084749;true;0.0039865342872755834;0;1;;"test0";7719;6928282
134;-465538597;true;0.0039865342872755834;0;1;;"test0";8039;6928282
134;81801914;true;0.0039865342872755834;0;1;;"test0";9467;6928282
134;-465538597;true;0.0039865342872755834;0;1;;"test0";8477;6928282
134;2107617410;true;0.0039865342872755834;0;1;;"test0";9191;6928282
134;2028662814;true;0.0039865342872755834;0;1;;"test0";9597;6928282
134;-658365975;true;0.003987469054900865;0;1;;"test0";9377;6928282
134;217457836;true;0.003987469054900865;0;1;;"test0";8860;6928282
134;-1944724609;true;0.003987469054900865;0;1;;"test0";8294;6928282
134;-2019872839;true;0.003987469054900865;0;1;;"test0";7293;6928282
134;-812269969;true;0.003987469054900865;0;1;;"test0";9764;6928282
134;1911437254;true;0.003987469054900865;0;1;;"test0";9307;6928282
134;-365852971;true;0.003988593554511776;0;1;;"test0";9920;6928282
134;-1407438512;true;0.003988593554511776;0;1;;"test0";7043;6928282
134;-781087926;true;0.003988593554511776;0;1;;"test0";8451;6928282
134;-381924446;true;0.003988593554511776;0;1;;"test0";9233;6928282
134;566590680;true;0.003988593554511776;0;1;;"test0";9366;6928282
134;1635409853;true;0.003988593554511776;0;1;;"test0";9610;6928282
134;-205230686;true;0.004001587392349194;0;1;;"test0";3;6928282
134;1356885482;true;0.004001587392349194;0;1;;"test0";1;6928282
135;-990953925;true;0.002002288329519451;0;1;;"test0";9271;6985059
135;-1459096941;true;0.002574370709382151;0;1;;"test0";7616;6985059
135;99247459;true;0.00286427732079906;0;1;;"test0";8949;6985059
135;-2059450813;true;0.00286427732079906;0;1;;"test0";7379;6985059
135;1154173707;true;0.00286427732079906;0;1;;"test0";8944;6985059
135;-1923884174;true;0.003146453089244851;0;1;;"test0";9261;6985059
135;959029940;true;0.0035743599068303314;0;1;;"test0";9166;6985059
135;-1983017683;true;0.0035753273099229823;0;1;;"test0";9275;6985059
135;1500527147;true;0.0035753273099229823;0;1;;"test0";9424;6985059
135;600907200;true;0.0035766888016301062;0;1;;"test0";9177;6985059
135;308283203;true;0.0035766888016301062;0;1;;"test0";8889;6985059
135;743300769;true;0.0035985649180485134;0;1;;"test0";9629;6985059
135;-1683792702;true;0.0035994427202612617;0;1;;"test0";7390;6985059
135;-1274562619;true;0.0035994427202612617;0;1;;"test0";9142;6985059
135;-1769574509;true;0.00362114064283464;0;1;;"test0";6948;6985059
135;-1769574509;true;0.00362114064283464;0;1;;"test0";6970;6985059
135;-713386306;true;0.00362114064283464;0;1;;"test0";8929;6985059
135;-1632680653;true;0.003796113882157877;0;1;;"test0";8338;6985059
135;-1098757509;true;0.003796113882157877;0;1;;"test0";9111;6985059
135;585868120;true;0.003796113882157877;0;1;;"test0";9370;6985059
135;732620470;true;0.003796113882157877;0;1;;"test0";8517;6985059
135;-1637799226;true;0.003801251557062169;0;1;;"test0";9759;6985059
135;-393635102;true;0.003801251557062169;0;1;;"test0";7291;6985059
135;-1151428917;true;0.003801251557062169;0;1;;"test0";9040;6985059
135;-1637799226;true;0.003801251557062169;0;1;;"test0";8014;6985059
135;-1637799226;true;0.003801251557062169;0;1;;"test0";9113;6985059
135;-552837220;true;0.003801271924182993;0;1;;"test0";9126;6985059
135;-249836090;true;0.003812104439940866;0;1;;"test0";7206;6985059
135;718774129;true;0.003965206487380838;0;1;;"test0";8434;6985059
135;1258099578;true;0.003977482233872973;0;1;;"test0";8558;6985059
135;-521800171;true;0.003977482233872973;0;1;;"test0";8356;6985059
135;-905849068;true;0.003978714284137195;0;1;;"test0";9005;6985059
135;-1979664882;true;0.003978714284137195;0;1;;"test0";9413;6985059
135;-1979930537;true;0.003985425906272067;0;1;;"test0";9946;6985059
135;-543618947;true;0.0039865342872755834;0;1;;"test0";6942;6985059
135;1497347549;true;0.0039865342872755834;0;1;;"test0";6961;6985059
135;-126817057;true;0.0039865342872755834;0;1;;"test0";9394;6985059
135;-1524768662;true;0.003987469054900865;0;1;;"test0";9325;6985059
135;-2059588684;true;0.003988593554511776;0;1;;"test0";8892;6985059
135;-2010545791;true;0.003988593554511776;0;1;;"test0";9698;6985059
135;1635409853;true;0.003988593554511776;0;1;;"test0";9242;6985059
135;1615560308;true;0.003988593554511776;0;1;;"test0";8101;6985059
135;1635409853;true;0.003988593554511776;0;1;;"test0";9518;6985059
135;348380960;true;0.004001587392349194;0;1;;"test0";9349;6985059
135;-1244260550;true;0.004001587392349194;0;1;;"test0";7562;6985059
135;-1804609915;true;0.004001587392349194;0;1;;"test0";7107;6985059
135;1356885482;true;0.004001587392349194;0;1;;"test0";6682;6985059
135;-205230686;true;0.004001587392349194;0;1;;"test0";8293;6985059
136;31379798;true;0.002574370709382151;0;1;;"test0";9360;7043117
136;199653967;true;0.00286427732079906;0;1;;"test0";8527;7043117
136;1058770439;true;0.00286427732079906;0;1;;"test0";9537;7043117
136;-1650598358;true;0.0028643036161833156;0;1;;"test0";10344;7043117
136;225092904;true;0.0030561613607045864;0;1;;"test0";9330;7043117
136;-2101544575;true;0.003146453089244851;0;1;;"test0";8585;7043117
136;900647329;true;0.003146453089244851;0;1;;"test0";9040;7043117
136;-1495454786;true;0.0035733377669226805;0;1;;"test0";9314;7043117
136;894912055;true;0.003573841747388412;0;1;;"test0";8872;7043117
136;926232071;true;0.0035753273099229823;0;1;;"test0";8625;7043117
136;75887896;true;0.003593585547126349;0;1;;"test0";8990;7043117
136;-1583872370;true;0.0035983774551315993;0;1;;"test0";8782;7043117
136;-1683792702;true;0.0035994427202612617;0;1;;"test0";8054;7043117
136;-1683792702;true;0.0035994427202612617;0;1;;"test0";9191;7043117
136;-1683792702;true;0.0035994427202612617;0;1;;"test0";8903;7043117
136;-1709250709;true;0.0035994427202612617;0;1;;"test0";8411;7043117
136;2083534723;true;0.0035994427202612617;0;1;;"test0";8887;7043117
136;-713386306;true;0.00362114064283464;0;1;;"test0";9349;7043117
136;-1769574509;true;0.00362114064283464;0;1;;"test0";9143;7043117
136;824895617;true;0.00362114064283464;0;1;;"test0";9145;7043117
136;-1454920042;true;0.0038003321179944853;0;1;;"test0";8453;7043117
136;-380587194;true;0.0038003487984556573;0;1;;"test0";9511;7043117
136;1552113353;true;0.003801251557062169;0;1;;"test0";10103;7043117
136;2084184886;true;0.003801271924182993;0;1;;"test0";9130;7043117
136;-552837220;true;0.003801271924182993;0;1;;"test0";9157;7043117
136;-1719456209;true;0.0038091741485492808;0;1;;"test0";8669;7043117
136;-249836090;true;0.003812104439940866;0;1;;"test0";9800;7043117
136;1150172569;true;0.003977482233872973;0;1;;"test0";9378;7043117
136;-521800171;true;0.003977482233872973;0;1;;"test0";9776;7043117
136;-707479740;true;0.003977482233872973;0;1;;"test0";9290;7043117
136;-1979664882;true;0.003978714284137195;0;1;;"test0";8161;7043117
136;-1633390674;true;0.003978714284137195;0;1;;"test0";9520;7043117
136;-1979664882;true;0.003978714284137195;0;1;;"test0";7923;7043117
136;1687339516;true;0.003978714284137195;0;1;;"test0";8957;7043117
136;1804411304;true;0.003978714284137195;0;1;;"test0";7361;7043117
136;431668622;true;0.003985425906272067;0;1;;"test0";8996;7043117
136;-97105111;true;0.003985425906272067;0;1;;"test0";9727;7043117
136;-689703064;true;0.003985425906272067;0;1;;"test0";8440;7043117
136;-1724327528;true;0.0039865342872755834;0;1;;"test0";9275;7043117
136;-1094706216;true;0.003987469054900865;0;1;;"test0";9075;7043117
136;1391685236;true;0.003987469054900865;0;1;;"test0";9676;7043117
136;-1524768662;true;0.003987469054900865;0;1;;"test0";8590;7043117
136;-1845754955;true;0.003987469054900865;0;1;;"test0";9405;7043117
136;-1244260550;true;0.004001587392349194;0;1;;"test0";9775;7043117
136;-205230686;true;0.004001587392349194;0;1;;"test0";2;7043117
136;1356885482;true;0.004001587392349194;0;1;;"test0";2;7043117
136;275784798;true;0.004001587392349194;0;1;;"test0";9314;7043117
136;2111400898;true;0.004001587392349194;0;1;;"test0";9320;7043117
136;-2110547157;true;0.004001587392349194;0;1;;"test0";9168;7043117
136;-1953708987;true;0.004001587392349194;0;1;;"test0";8809;7043117
137;44971045;false;-1;0;1;;"test0";NaN;7114791
137;-1031591240;true;0.00345049114166193;0;1;;"test0";8254;7114791
137;2018677040;true;0.00345049114166193;0;1;;"test0";7878;7114791
137;1235313838;true;0.003557586116000347;0;1;;"test0";8686;7114791
137;-753736872;true;0.003574287127504959;0;1;;"test0";7153;7114791
137;-1280316217;true;0.0035753273099229823;0;1;;"test0";9068;7114791
137;-1258902120;true;0.003592593495650187;0;1;;"test0";8975;7114791
137;-1881205801;true;0.0035983774551315993;0;1;;"test0";8382;7114791
137;-1583872370;true;0.0035983774551315993;0;1;;"test0";9458;7114791
137;-1583872370;true;0.0035983774551315993;0;1;;"test0";9357;7114791
137;799200722;true;0.0035983774551315993;0;1;;"test0";9359;7114791
137;-919842649;true;0.0035985683179799513;0;1;;"test0";8698;7114791
137;684626963;true;0.0035994427202612617;0;1;;"test0";8048;7114791
137;-1683792702;true;0.0035994427202612617;0;1;;"test0";7937;7114791
137;767911065;true;0.00362114064283464;0;1;;"test0";8640;7114791
137;1179204214;true;0.003796113882157877;0;1;;"test0";8152;7114791
137;1228633744;true;0.0038003487984556573;0;1;;"test0";7806;7114791
137;-380587194;true;0.0038003487984556573;0;1;;"test0";8753;7114791
137;-1360699481;true;0.003801251557062169;0;1;;"test0";9611;7114791
137;2084184886;true;0.003801271924182993;0;1;;"test0";9295;7114791
137;-757353331;true;0.003801271924182993;0;1;;"test0";9378;7114791
137;2084184886;true;0.003801271924182993;0;1;;"test0";8612;7114791
137;-552837220;true;0.003801271924182993;0;1;;"test0";8221;7114791
137;-952664549;true;0.003801271924182993;0;1;;"test0";9477;7114791
137;-203729088;true;0.003812104439940866;0;1;;"test0";8671;7114791
137;69968741;true;0.003812104439940866;0;1;;"test0";9891;7114791
137;-1970805088;true;0.0038221710434263945;0;1;;"test0";10561;7114791
137;142743326;true;0.0038222794307045454;0;1;;"test0";8129;7114791
137;-707479740;true;0.003977482233872973;0;1;;"test0";7463;7114791
137;-968436982;true;0.003977482233872973;0;1;;"test0";8474;7114791
137;-1979664882;true;0.003978714284137195;0;1;;"test0";8485;7114791
137;-1979664882;true;0.003978714284137195;0;1;;"test0";7440;7114791
137;1465261506;true;0.003978714284137195;0;1;;"test0";8204;7114791
137;-1474704674;true;0.003978714284137195;0;1;;"test0";10014;7114791
137;143877443;true;0.003985425906272067;0;1;;"test0";8332;7114791
137;-97105111;true;0.003985425906272067;0;1;;"test0";8084;7114791
137;2127708594;true;0.003985425906272067;0;1;;"test0";7262;7114791
137;-2115917284;true;0.003985425906272067;0;1;;"test0";10247;7114791
137;431668622;true;0.003985425906272067;0;1;;"test0";8358;7114791
137;1379333337;true;0.0039865342872755834;0;1;;"test0";9228;7114791
137;-1724327528;true;0.0039865342872755834;0;1;;"test0";8312;7114791
137;-1724327528;true;0.0039865342872755834;0;1;;"test0";8572;7114791
137;-1724327528;true;0.0039865342872755834;0;1;;"test0";9213;7114791
137;-1726731073;true;0.0039865342872755834;0;1;;"test0";9895;7114791
137;1838985700;true;0.004001587392349194;0;1;;"test0";9162;7114791
137;-158910067;true;0.004001587392349194;0;1;;"test0";8596;7114791
137;-2110547157;true;0.004001587392349194;0;1;;"test0";2;7114791
137;275784798;true;0.004001587392349194;0;1;;"test0";9273;7114791
137;613738486;true;0.004001587392349194;0;1;;"test0";9048;7114791
137;-1953708987;true;0.004001587392349194;0;1;;"test0";3;7114791
138;-1661603307;false;-1;0;1;;"test0";NaN;7177039
138;644342287;true;0.00286427732079906;0;1;;"test0";9609;7177039
138;1926340408;true;0.003003432494279176;0;1;;"test0";6046;7177039
138;1431482406;true;0.0034419906693533946;0;1;;"test0";8510;7177039
138;1626817318;true;0.0035580835126161497;0;1;;"test0";6590;7177039
138;-782690005;true;0.0035753273099229823;0;1;;"test0";9050;7177039
138;-1280316217;true;0.0035753273099229823;0;1;;"test0";9037;7177039
138;-1583872370;true;0.0035983774551315993;0;1;;"test0";6594;7177039
138;920411818;true;0.0035983774551315993;0;1;;"test0";8100;7177039
138;532457569;true;0.0035983774551315993;0;1;;"test0";6785;7177039
138;-59569692;true;0.0035983815764856607;0;1;;"test0";7651;7177039
138;169743274;true;0.0035985683179799513;0;1;;"test0";9584;7177039
138;-1433312891;true;0.0035994427202612617;0;1;;"test0";6697;7177039
138;1034393593;true;0.0035994427202612617;0;1;;"test0";10166;7177039
138;684626963;true;0.0035994427202612617;0;1;;"test0";7938;7177039
138;-2024061133;true;0.0035994427202612617;0;1;;"test0";8242;7177039
138;1302059144;true;0.003796113882157877;0;1;;"test0";8467;7177039
138;295445651;true;0.003796113882157877;0;1;;"test0";8543;7177039
138;1179204214;true;0.003796113882157877;0;1;;"test0";8497;7177039
138;1022983120;true;0.0038003487984556573;0;1;;"test0";7104;7177039
138;-194950571;true;0.0038003487984556573;0;1;;"test0";8523;7177039
138;1375128011;true;0.0038003487984556573;0;1;;"test0";6818;7177039
138;-1492846420;true;0.0038003487984556573;0;1;;"test0";10148;7177039
138;-2051763849;true;0.0038003487984556573;0;1;;"test0";10153;7177039
138;1228633744;true;0.0038003487984556573;0;1;;"test0";6953;7177039
138;-94844175;true;0.003801251557062169;0;1;;"test0";8836;7177039
138;1167244881;true;0.003801251557062169;0;1;;"test0";9052;7177039
138;-552837220;true;0.003801271924182993;0;1;;"test0";7057;7177039
138;19888494;true;0.003801271924182993;0;1;;"test0";9031;7177039
138;-203729088;true;0.003812104439940866;0;1;;"test0";8053;7177039
138;788147125;true;0.003812104439940866;0;1;;"test0";8459;7177039
138;-1073743422;true;0.0038221710434263945;0;1;;"test0";8418;7177039
138;95691555;true;0.0038221710434263945;0;1;;"test0";8894;7177039
138;-1970805088;true;0.0038221710434263945;0;1;;"test0";9042;7177039
138;-1487979226;true;0.0038221710434263945;0;1;;"test0";7575;7177039
138;-1970805088;true;0.0038221710434263945;0;1;;"test0";9269;7177039
138;-707479740;true;0.003977482233872973;0;1;;"test0";8385;7177039
138;1058883978;true;0.003977482233872973;0;1;;"test0";8206;7177039
138;-97105111;true;0.003985425906272067;0;1;;"test0";9282;7177039
138;143877443;true;0.003985425906272067;0;1;;"test0";8162;7177039
138;-97105111;true;0.003985425906272067;0;1;;"test0";9106;7177039
138;1882460257;true;0.003985425906272067;0;1;;"test0";8594;7177039
138;2127708594;true;0.003985425906272067;0;1;;"test0";9201;7177039
138;1379333337;true;0.0039865342872755834;0;1;;"test0";9264;7177039
138;-956760576;true;0.0039865342872755834;0;1;;"test0";8481;7177039
138;2082012243;true;0.0039865342872755834;0;1;;"test0";7862;7177039
138;-1724327528;true;0.0039865342872755834;0;1;;"test0";9040;7177039
138;-1684333587;true;0.0039865342872755834;0;1;;"test0";9041;7177039
138;-1953708987;true;0.004001587392349194;0;1;;"test0";2;7177039
138;613738486;true;0.004001587392349194;0;1;;"test0";3;7177039
139;-2034688689;false;-1;0;1;;"test0";NaN;7252267
139;-1185013316;false;-1;0;1;;"test0";NaN;7252267
139;1020439249;true;0.002574370709382151;0;1;;"test0";8296;7252267
139;-1506687203;true;0.0028643036161833156;0;1;;"test0";8273;7252267
139;1626817318;true;0.0035580835126161497;0;1;;"test0";10026;7252267
139;168017370;true;0.0035580835126161497;0;1;;"test0";9285;7252267
139;-782690005;true;0.0035753273099229823;0;1;;"test0";8468;7252267
139;-1280316217;true;0.0035753273099229823;0;1;;"test0";9121;7252267
139;-782690005;true;0.0035753273099229823;0;1;;"test0";7849;7252267
139;807833672;true;0.0035765733960886094;0;1;;"test0";6920;7252267
139;-914726858;true;0.0035962629250598814;0;1;;"test0";8681;7252267
139;370200236;true;0.0035962751658594884;0;1;;"test0";8073;7252267
139;920411818;true;0.0035983774551315993;0;1;;"test0";8538;7252267
139;1766108561;true;0.0035983774551315993;0;1;;"test0";8429;7252267
139;532457569;true;0.0035983774551315993;0;1;;"test0";8869;7252267
139;1034393593;true;0.0035994427202612617;0;1;;"test0";9404;7252267
139;1550011808;true;0.0035994427202612617;0;1;;"test0";8620;7252267
139;1034393593;true;0.0035994427202612617;0;1;;"test0";9308;7252267
139;-139883326;true;0.0035994427202612617;0;1;;"test0";9465;7252267
139;1892489299;true;0.0035994427202612617;0;1;;"test0";9637;7252267
139;1664744326;true;0.003796113882157877;0;1;;"test0";8221;7252267
139;-1872858812;true;0.003796113882157877;0;1;;"test0";9336;7252267
139;-619259753;true;0.0038003487984556573;0;1;;"test0";9520;7252267
139;-94844175;true;0.003801251557062169;0;1;;"test0";8332;7252267
139;1167244881;true;0.003801251557062169;0;1;;"test0";9578;7252267
139;-548377229;true;0.003801251557062169;0;1;;"test0";8302;7252267
139;2114053309;true;0.003801251557062169;0;1;;"test0";9539;7252267
139;1662504685;true;0.003801251557062169;0;1;;"test0";8657;7252267
139;-94844175;true;0.003801251557062169;0;1;;"test0";8643;7252267
139;19888494;true;0.003801271924182993;0;1;;"test0";9049;7252267
139;-552837220;true;0.003801271924182993;0;1;;"test0";8435;7252267
139;-1521810821;true;0.003801271924182993;0;1;;"test0";10225;7252267
139;661218035;true;0.003801271924182993;0;1;;"test0";10004;7252267
139;-1073650014;true;0.0038091741485492808;0;1;;"test0";9286;7252267
139;-203729088;true;0.003812104439940866;0;1;;"test0";10245;7252267
139;-1274980382;true;0.003812104439940866;0;1;;"test0";8801;7252267
139;1672273226;true;0.0038221710434263945;0;1;;"test0";8492;7252267
139;-1836146105;true;0.0038221710434263945;0;1;;"test0";9069;7252267
139;-1750383512;true;0.003971919528810803;0;1;;"test0";8459;7252267
139;-556495756;true;0.003977482233872973;0;1;;"test0";7225;7252267
139;1058883978;true;0.003977482233872973;0;1;;"test0";7720;7252267
139;-187117143;true;0.003978714284137195;0;1;;"test0";8440;7252267
139;-97105111;true;0.003985425906272067;0;1;;"test0";8318;7252267
139;-97105111;true;0.003985425906272067;0;1;;"test0";9231;7252267
139;-2074623755;true;0.0039865342872755834;0;1;;"test0";5979;7252267
139;2082012243;true;0.0039865342872755834;0;1;;"test0";8260;7252267
139;-417817027;true;0.004001587392349194;0;1;;"test0";8036;7252267
139;-1953708987;true;0.004001587392349194;0;1;;"test0";2;7252267
139;367344824;true;0.004001587392349194;0;1;;"test0";9272;7252267
139;613738486;true;0.004001587392349194;0;1;;"test0";2;7252267
140;603168414;false;-1;0;1;;"test0";NaN;7311830
140;-1518173002;true;0.001906941266209001;0;1;;"test0";7754;7311830
140;1027006154;true;0.002574370709382151;0;1;;"test0";9289;7311830
140;-1884308106;true;0.00286427732079906;0;1;;"test0";9494;7311830
140;-1506687203;true;0.0028643036161833156;0;1;;"test0";7271;7311830
140;-1506687203;true;0.0028643036161833156;0;1;;"test0";8628;7311830
140;-1325286132;true;0.003146453089244851;0;1;;"test0";7603;7311830
140;-1685715898;true;0.0034648217623216245;0;1;;"test0";6487;7311830
140;681695892;true;0.003560207227204565;0;1;;"test0";8971;7311830
140;370200236;true;0.0035962751658594884;0;1;;"test0";8468;7311830
140;1455600780;true;0.0035962751658594884;0;1;;"test0";9191;7311830
140;1553734548;true;0.0035962751658594884;0;1;;"test0";8065;7311830
140;-595114429;true;0.0035962751658594884;0;1;;"test0";6972;7311830
140;1034393593;true;0.0035994427202612617;0;1;;"test0";9094;7311830
140;1034393593;true;0.0035994427202612617;0;1;;"test0";8458;7311830
140;-1872858812;true;0.003796113882157877;0;1;;"test0";10096;7311830
140;1803832128;true;0.003796113882157877;0;1;;"test0";7575;7311830
140;-583950021;true;0.003796113882157877;0;1;;"test0";7755;7311830
140;-1051681599;true;0.003796113882157877;0;1;;"test0";7983;7311830
140;-641511942;true;0.003801251557062169;0;1;;"test0";7369;7311830
140;-515652347;true;0.003801251557062169;0;1;;"test0";7853;7311830
140;1280351998;true;0.003801271924182993;0;1;;"test0";6405;7311830
140;661218035;true;0.003801271924182993;0;1;;"test0";8659;7311830
140;-1073650014;true;0.0038091741485492808;0;1;;"test0";7928;7311830
140;1215552171;true;0.0038091741485492808;0;1;;"test0";6875;7311830
140;-1879538830;true;0.0038091741485492808;0;1;;"test0";9211;7311830
140;-1240760364;true;0.003812104439940866;0;1;;"test0";7639;7311830
140;-1274980382;true;0.003812104439940866;0;1;;"test0";8496;7311830
140;1840729845;true;0.003812104439940866;0;1;;"test0";9651;7311830
140;422654972;true;0.003812104439940866;0;1;;"test0";9217;7311830
140;-1274980382;true;0.003812104439940866;0;1;;"test0";7835;7311830
140;-2146898256;true;0.0038221710434263945;0;1;;"test0";8517;7311830
140;-1918458614;true;0.003971919528810803;0;1;;"test0";7464;7311830
140;1040459246;true;0.003978714284137195;0;1;;"test0";8412;7311830
140;-1454059749;true;0.003978714284137195;0;1;;"test0";8469;7311830
140;-443908228;true;0.003978714284137195;0;1;;"test0";8983;7311830
140;-304854751;true;0.003978714284137195;0;1;;"test0";8455;7311830
140;1571015247;true;0.003979544759059243;0;1;;"test0";9363;7311830
140;-990740157;true;0.0039865342872755834;0;1;;"test0";8551;7311830
140;-1391676351;true;0.0039865342872755834;0;1;;"test0";7931;7311830
140;2082012243;true;0.0039865342872755834;0;1;;"test0";7802;7311830
140;367344824;true;0.004001587392349194;0;1;;"test0";8320;7311830
140;613738486;true;0.004001587392349194;0;1;;"test0";7551;7311830
140;1579143690;true;0.004001587392349194;0;1;;"test0";7077;7311830
140;367344824;true;0.004001587392349194;0;1;;"test0";6849;7311830
140;-1178509359;true;0.004001587392349194;0;1;;"test0";6964;7311830
140;367344824;true;0.004001587392349194;0;1;;"test0";6947;7311830
140;500569407;true;0.004001587392349194;0;1;;"test0";8086;7311830
141;-1685715898;false;-1;0;1;;"test0";NaN;7371698
141;-990740157;false;-1;0;1;;"test0";NaN;7371698
141;-1067626497;true;0.002574370709382151;0;1;;"test0";6881;7371698
141;-1285987558;true;0.002574370709382151;0;1;;"test0";8081;7371698
141;378104188;true;0.002864251378372982;0;1;;"test0";8341;7371698
141;-1559326693;true;0.00286427732079906;0;1;;"test0";7192;7371698
141;-1498329818;true;0.00286427732079906;0;1;;"test0";4729;7371698
141;-2075862389;true;0.00286427732079906;0;1;;"test0";7075;7371698
141;2053793175;true;0.00286427732079906;0;1;;"test0";7138;7371698
141;1579924363;true;0.0028643036161833156;0;1;;"test0";7966;7371698
141;744080333;true;0.0034431010373942666;0;1;;"test0";8434;7371698
141;-79125373;true;0.003573841747388412;0;1;;"test0";8606;7371698
141;2075098094;true;0.0035950946616978906;0;1;;"test0";8065;7371698
141;1592353558;true;0.0035962751658594884;0;1;;"test0";8044;7371698
141;386768380;true;0.0035994427202612617;0;1;;"test0";4917;7371698
141;-1917577537;true;0.0035994427202612617;0;1;;"test0";7899;7371698
141;-450811241;true;0.003796113882157877;0;1;;"test0";9173;7371698
141;1621603792;true;0.003796113882157877;0;1;;"test0";8377;7371698
141;-583950021;true;0.003796113882157877;0;1;;"test0";7725;7371698
141;787504901;true;0.003796113882157877;0;1;;"test0";6738;7371698
141;1803832128;true;0.003796113882157877;0;1;;"test0";7052;7371698
141;661218035;true;0.003801271924182993;0;1;;"test0";8651;7371698
141;-1302656152;true;0.003801271924182993;0;1;;"test0";7824;7371698
141;184825965;true;0.003801271924182993;0;1;;"test0";8799;7371698
141;-1600970728;true;0.003801271924182993;0;1;;"test0";8257;7371698
141;-1003214385;true;0.003801271924182993;0;1;;"test0";7659;7371698
141;1371858954;true;0.0038091741485492808;0;1;;"test0";6388;7371698
141;-612686831;true;0.003812104439940866;0;1;;"test0";7055;7371698
141;-203729088;true;0.003812104439940866;0;1;;"test0";9364;7371698
141;-2146898256;true;0.0038221710434263945;0;1;;"test0";8739;7371698
141;1554163780;true;0.0038221710434263945;0;1;;"test0";9770;7371698
141;-2146898256;true;0.0038221710434263945;0;1;;"test0";8762;7371698
141;-2146898256;true;0.0038221710434263945;0;1;;"test0";9288;7371698
141;1151973572;true;0.0038221710434263945;0;1;;"test0";9462;7371698
141;-1918458614;true;0.003971919528810803;0;1;;"test0";7092;7371698
141;-293324949;true;0.003971919528810803;0;1;;"test0";8359;7371698
141;-1918458614;true;0.003971919528810803;0;1;;"test0";6529;7371698
141;1571015247;true;0.003979544759059243;0;1;;"test0";7816;7371698
141;1571015247;true;0.003979544759059243;0;1;;"test0";9103;7371698
141;1571015247;true;0.003979544759059243;0;1;;"test0";8603;7371698
141;1571015247;true;0.003979544759059243;0;1;;"test0";8270;7371698
141;1826236950;true;0.003979544759059243;0;1;;"test0";8840;7371698
141;224221951;true;0.0039865342872755834;0;1;;"test0";8792;7371698
141;-990740157;true;0.0039865342872755834;0;1;;"test0";8560;7371698
141;-2045685528;true;0.0039865342872755834;0;1;;"test0";6550;7371698
141;202409240;true;0.003993932077870677;0;1;;"test0";7132;7371698
141;1579143690;true;0.004001587392349194;0;1;;"test0";7133;7371698
141;1507914700;true;0.004001587392349194;0;1;;"test0";7007;7371698
141;367344824;true;0.004001587392349194;0;1;;"test0";2;7371698
141;500569407;true;0.004001587392349194;0;1;;"test0";1;7371698
142;1606510821;false;-1;0;1;;"test0";NaN;7441940
142;-318812349;true;0.00286427732079906;0;1;;"test0";8400;7441940
142;630926977;true;0.00286427732079906;0;1;;"test0";8734;7441940
142;872470226;true;0.003146453089244851;0;1;;"test0";8428;7441940
142;1319565195;true;0.00345049114166193;0;1;;"test0";7427;7441940
142;-1565416144;true;0.0035275114825656876;0;1;;"test0";8858;7441940
142;2135009757;true;0.003573841747388412;0;1;;"test0";9153;7441940
142;1399011375;true;0.003573841747388412;0;1;;"test0";9419;7441940
142;1433344356;true;0.0035738972966420884;0;1;;"test0";8980;7441940
142;-308630469;true;0.0035854501706100244;0;1;;"test0";8662;7441940
142;-80694179;true;0.0035950946616978906;0;1;;"test0";7288;7441940
142;-2042717480;true;0.0035950946616978906;0;1;;"test0";9756;7441940
142;2075098094;true;0.0035950946616978906;0;1;;"test0";8741;7441940
142;2075098094;true;0.0035950946616978906;0;1;;"test0";8486;7441940
142;228571842;true;0.0035968267186548704;0;1;;"test0";9059;7441940
142;-1848080500;true;0.0035983774551315993;0;1;;"test0";9491;7441940
142;-1436066318;true;0.0035994427202612617;0;1;;"test0";9106;7441940
142;-26984241;true;0.0035994427202612617;0;1;;"test0";8863;7441940
142;2006331039;true;0.0035994427202612617;0;1;;"test0";8891;7441940
142;1280210722;true;0.0036661206407419015;0;1;;"test0";8697;7441940
142;-927342766;true;0.003796113882157877;0;1;;"test0";9032;7441940
142;-761460647;true;0.003796113882157877;0;1;;"test0";7375;7441940
142;46585173;true;0.003796113882157877;0;1;;"test0";8009;7441940
142;-450811241;true;0.003796113882157877;0;1;;"test0";8900;7441940
142;-1057195524;true;0.003801251557062169;0;1;;"test0";7796;7441940
142;-36421257;true;0.0038091741485492808;0;1;;"test0";9094;7441940
142;-1076355680;true;0.0038091741485492808;0;1;;"test0";9753;7441940
142;1648784893;true;0.0038091741485492808;0;1;;"test0";8694;7441940
142;-203729088;true;0.003812104439940866;0;1;;"test0";8683;7441940
142;836945707;true;0.003812104439940866;0;1;;"test0";8846;7441940
142;1269264026;true;0.0038125073826226906;0;1;;"test0";8916;7441940
142;-1463990458;true;0.0038186016766937067;0;1;;"test0";10258;7441940
142;1151973572;true;0.0038221710434263945;0;1;;"test0";9706;7441940
142;1497680147;true;0.0038221710434263945;0;1;;"test0";9882;7441940
142;-1918458614;true;0.003971919528810803;0;1;;"test0";7617;7441940
142;1043193352;true;0.003971919528810803;0;1;;"test0";8445;7441940
142;-1918458614;true;0.003971919528810803;0;1;;"test0";7382;7441940
142;-1127166712;true;0.003971919528810803;0;1;;"test0";8745;7441940
142;-1574440861;true;0.003971919528810803;0;1;;"test0";6914;7441940
142;-1918458614;true;0.003971919528810803;0;1;;"test0";7392;7441940
142;-293324949;true;0.003971919528810803;0;1;;"test0";9769;7441940
142;1571015247;true;0.003979544759059243;0;1;;"test0";9063;7441940
142;202409240;true;0.003993932077870677;0;1;;"test0";8905;7441940
142;500569407;true;0.004001587392349194;0;1;;"test0";2;7441940
142;-1778426563;true;0.004001587392349194;0;1;;"test0";8186;7441940
142;367344824;true;0.004001587392349194;0;1;;"test0";8366;7441940
142;1507914700;true;0.004001587392349194;0;1;;"test0";8775;7441940
142;-1363745441;true;0.004001587392349194;0;1;;"test0";9421;7441940
142;7693160;true;0.004001587392349194;0;1;;"test0";9352;7441940
143;-645787628;true;0.00286427732079906;0;1;;"test0";9226;7497654
143;-1154889687;true;0.00286427732079906;0;1;;"test0";8700;7497654
143;-1401521474;true;0.00286427732079906;0;1;;"test0";8399;7497654
143;-1484324635;true;0.0035601437562843828;0;1;;"test0";7943;7497654
143;-231518676;true;0.0035738129157453996;0;1;;"test0";7838;7497654
143;263414517;true;0.0035738972966420884;0;1;;"test0";7864;7497654
143;661499535;true;0.0035748401723240176;0;1;;"test0";7550;7497654
143;-752737366;true;0.003575247464352792;0;1;;"test0";10214;7497654
143;-1422137805;true;0.0035753273099229823;0;1;;"test0";9197;7497654
143;-847020434;true;0.0035753273099229823;0;1;;"test0";9208;7497654
143;-308630469;true;0.0035854501706100244;0;1;;"test0";9799;7497654
143;1901645891;true;0.0035944698493278844;0;1;;"test0";6357;7497654
143;228571842;true;0.0035968267186548704;0;1;;"test0";9416;7497654
143;841698678;true;0.0035983774551315993;0;1;;"test0";7482;7497654
143;-1848080500;true;0.0035983774551315993;0;1;;"test0";10091;7497654
143;2115925908;true;0.0035983774551315993;0;1;;"test0";10006;7497654
143;-1848080500;true;0.0035983774551315993;0;1;;"test0";7130;7497654
143;-1848080500;true;0.0035983774551315993;0;1;;"test0";9926;7497654
143;153839320;true;0.0035983815764856607;0;1;;"test0";8867;7497654
143;-237722776;true;0.0035994427202612617;0;1;;"test0";7893;7497654
143;-1332509411;true;0.0035994427202612617;0;1;;"test0";9186;7497654
143;2050204056;true;0.0035994427202612617;0;1;;"test0";7971;7497654
143;809003233;true;0.003796113882157877;0;1;;"test0";6815;7497654
143;-799961663;true;0.003801251557062169;0;1;;"test0";9843;7497654
143;-34154026;true;0.003801251557062169;0;1;;"test0";8903;7497654
143;1648784893;true;0.0038091741485492808;0;1;;"test0";7207;7497654
143;-36421257;true;0.0038091741485492808;0;1;;"test0";7427;7497654
143;770856497;true;0.0038091741485492808;0;1;;"test0";6073;7497654
143;1815202887;true;0.0038091741485492808;0;1;;"test0";9090;7497654
143;630909021;true;0.0038091741485492808;0;1;;"test0";9281;7497654
143;963332224;true;0.003812104439940866;0;1;;"test0";9866;7497654
143;-1561157229;true;0.003812104439940866;0;1;;"test0";8781;7497654
143;1013680068;true;0.003812104439940866;0;1;;"test0";8800;7497654
143;1269264026;true;0.0038125073826226906;0;1;;"test0";9221;7497654
143;1269264026;true;0.0038125073826226906;0;1;;"test0";8234;7497654
143;-148218594;true;0.0038125073826226906;0;1;;"test0";8665;7497654
143;-1463990458;true;0.0038186016766937067;0;1;;"test0";9122;7497654
143;680303522;true;0.0038186016766937067;0;1;;"test0";9298;7497654
143;2026450891;true;0.0038186016766937067;0;1;;"test0";8133;7497654
143;751773531;true;0.0038186016766937067;0;1;;"test0";7663;7497654
143;2108535009;true;0.0038186493100642116;0;1;;"test0";9628;7497654
143;609130670;true;0.003819182963425995;0;1;;"test0";7589;7497654
143;1151973572;true;0.0038221710434263945;0;1;;"test0";7052;7497654
143;316360378;true;0.0038221710434263945;0;1;;"test0";6679;7497654
143;282390935;true;0.003889272220475405;0;1;;"test0";8522;7497654
143;729514261;true;0.003979544759059243;0;1;;"test0";9056;7497654
143;1947229252;true;0.003993932077870677;0;1;;"test0";7989;7497654
143;830735933;true;0.004001587392349194;0;1;;"test0";9611;7497654
143;-1363745441;true;0.004001587392349194;0;1;;"test0";2;7497654
143;7693160;true;0.004001587392349194;0;1;;"test0";2;7497654
144;-196594209;true;0.002574370709382151;0;1;;"test0";7859;7553745
144;879100759;true;0.0028643572950366922;0;1;;"test0";8842;7553745
144;822579901;true;0.003003432494279176;0;1;;"test0";8674;7553745
144;216451839;true;0.0035738972966420884;0;1;;"test0";8645;7553745
144;1936160123;true;0.0035753273099229823;0;1;;"test0";7906;7553745
144;-653895715;true;0.0035753273099229823;0;1;;"test0";8114;7553745
144;-847020434;true;0.0035753273099229823;0;1;;"test0";8530;7553745
144;-1469133152;true;0.0035753273099229823;0;1;;"test0";7744;7553745
144;1828874262;true;0.0035950862154843096;0;1;;"test0";9488;7553745
144;495050744;true;0.0035968267186548704;0;1;;"test0";7368;7553745
144;-759330652;true;0.0035983774551315993;0;1;;"test0";9439;7553745
144;-1848080500;true;0.0035983774551315993;0;1;;"test0";9521;7553745
144;-1068281776;true;0.0035983815764856607;0;1;;"test0";9709;7553745
144;101837901;true;0.0035983815764856607;0;1;;"test0";6753;7553745
144;-1710470003;true;0.0035994427202612617;0;1;;"test0";6478;7553745
144;-477747191;true;0.0035994427202612617;0;1;;"test0";8061;7553745
144;-1406742577;true;0.0035994427202612617;0;1;;"test0";8124;7553745
144;793340886;true;0.0035994427202612617;0;1;;"test0";8437;7553745
144;415545081;true;0.0035994427202612617;0;1;;"test0";7609;7553745
144;2043148165;true;0.0035994427202612617;0;1;;"test0";9364;7553745
144;-1332509411;true;0.0035994427202612617;0;1;;"test0";9215;7553745
144;-271673843;true;0.003786735670557145;0;1;;"test0";9859;7553745
144;809003233;true;0.003796113882157877;0;1;;"test0";8298;7553745
144;-47909087;true;0.003796113882157877;0;1;;"test0";10348;7553745
144;-993086354;true;0.003796113882157877;0;1;;"test0";9696;7553745
144;809003233;true;0.003796113882157877;0;1;;"test0";7525;7553745
144;-34154026;true;0.003801251557062169;0;1;;"test0";6499;7553745
144;2113654418;true;0.003801251557062169;0;1;;"test0";8887;7553745
144;-438711218;true;0.003801251557062169;0;1;;"test0";6446;7553745
144;-799961663;true;0.003801251557062169;0;1;;"test0";9231;7553745
144;630909021;true;0.0038091741485492808;0;1;;"test0";9410;7553745
144;-541273219;true;0.003812104439940866;0;1;;"test0";9638;7553745
144;1013680068;true;0.003812104439940866;0;1;;"test0";9616;7553745
144;-2128239821;true;0.0038186016766937067;0;1;;"test0";8609;7553745
144;1645427251;true;0.0038186016766937067;0;1;;"test0";8961;7553745
144;-1902529703;true;0.0038186016766937067;0;1;;"test0";8451;7553745
144;-1732446108;true;0.00382178431639246;0;1;;"test0";9726;7553745
144;282390935;true;0.003889272220475405;0;1;;"test0";8435;7553745
144;481947505;true;0.003889272220475405;0;1;;"test0";7258;7553745
144;-1114992566;true;0.003889272220475405;0;1;;"test0";9003;7553745
144;729514261;true;0.003979544759059243;0;1;;"test0";7709;7553745
144;-1584018391;true;0.003979544759059243;0;1;;"test0";8989;7553745
144;952697908;true;0.003979544759059243;0;1;;"test0";9406;7553745
144;-1140135167;true;0.003993932077870677;0;1;;"test0";9495;7553745
144;-1791592763;true;0.004001587392349194;0;1;;"test0";9423;7553745
144;830735933;true;0.004001587392349194;0;1;;"test0";9563;7553745
144;7693160;true;0.004001587392349194;0;1;;"test0";2;7553745
144;-89909537;true;0.004001587392349194;0;1;;"test0";6940;7553745
144;-1363745441;true;0.004001587392349194;0;1;;"test0";2;7553745
144;830735933;true;0.004001587392349194;0;1;;"test0";8684;7553745
145;630909021;false;-1;0;1;;"test0";NaN;7615080
145;-2131712275;false;-1;0;1;;"test0";NaN;7615080
145;1874053436;false;-1;0;1;;"test0";NaN;7615080
145;-1565253965;true;0.00345049114166193;0;1;;"test0";8326;7615080
145;651555942;true;0.003557586116000347;0;1;;"test0";5894;7615080
145;-1892424820;true;0.003559096201740408;0;1;;"test0";8799;7615080
145;-1559184172;true;0.0035670249792503442;0;1;;"test0";8434;7615080
145;1904997663;true;0.0035738972966420884;0;1;;"test0";8485;7615080
145;495050744;true;0.0035968267186548704;0;1;;"test0";4973;7615080
145;-964531317;true;0.0035968267186548704;0;1;;"test0";6689;7615080
145;-874771717;true;0.0035983815764856607;0;1;;"test0";6347;7615080
145;-996758074;true;0.0035983815764856607;0;1;;"test0";7129;7615080
145;-142732279;true;0.0035994427202612617;0;1;;"test0";6203;7615080
145;2027796247;true;0.0035994427202612617;0;1;;"test0";9336;7615080
145;-288284176;true;0.0035994427202612617;0;1;;"test0";8077;7615080
145;1483484796;true;0.0035994427202612617;0;1;;"test0";8482;7615080
145;2043148165;true;0.0035994427202612617;0;1;;"test0";9312;7615080
145;-545496946;true;0.0035994427202612617;0;1;;"test0";7417;7615080
145;1589844292;true;0.003786735670557145;0;1;;"test0";6041;7615080
145;-271673843;true;0.003786735670557145;0;1;;"test0";6208;7615080
145;875555769;true;0.003796113882157877;0;1;;"test0";8027;7615080
145;1294729250;true;0.003796113882157877;0;1;;"test0";8335;7615080
145;647342419;true;0.0038013762309914295;0;1;;"test0";8119;7615080
145;-1218125936;true;0.0038091741485492808;0;1;;"test0";7199;7615080
145;-1372624965;true;0.003818086700527496;0;1;;"test0";8686;7615080
145;-2051172289;true;0.0038186016766937067;0;1;;"test0";8083;7615080
145;-236679133;true;0.003886592346508793;0;1;;"test0";7649;7615080
145;-1967938055;true;0.003889272220475405;0;1;;"test0";7700;7615080
145;481947505;true;0.003889272220475405;0;1;;"test0";7883;7615080
145;-1114992566;true;0.003889272220475405;0;1;;"test0";8472;7615080
145;-195868661;true;0.003889272220475405;0;1;;"test0";7703;7615080
145;-1321677001;true;0.003889272220475405;0;1;;"test0";6103;7615080
145;282390935;true;0.003889272220475405;0;1;;"test0";5694;7615080
145;729514261;true;0.003979544759059243;0;1;;"test0";7768;7615080
145;-751655214;true;0.003979544759059243;0;1;;"test0";9619;7615080
145;-1078421009;true;0.003993932077870677;0;1;;"test0";6121;7615080
145;-182867592;true;0.003993932077870677;0;1;;"test0";9237;7615080
145;2005080992;true;0.003993932077870677;0;1;;"test0";6271;7615080
145;733748605;true;0.003993932077870677;0;1;;"test0";6329;7615080
145;403617242;true;0.003993932077870677;0;1;;"test0";8368;7615080
145;-899089197;true;0.003993932077870677;0;1;;"test0";9549;7615080
145;-1538771720;true;0.003993932077870677;0;1;;"test0";5098;7615080
145;-203653041;true;0.003993932077870677;0;1;;"test0";6616;7615080
145;-1363745441;true;0.004001587392349194;0;1;;"test0";3;7615080
145;-1109274055;true;0.004001587392349194;0;1;;"test0";6538;7615080
145;2145887592;true;0.004001587392349194;0;1;;"test0";8505;7615080
145;606004514;true;0.004001587392349194;0;1;;"test0";6619;7615080
145;-89909537;true;0.004001587392349194;0;1;;"test0";7864;7615080
145;-89909537;true;0.004001587392349194;0;1;;"test0";8481;7615080
145;830735933;true;0.004001587392349194;0;1;;"test0";2;7615080
146;-751655214;false;-1;0;1;;"test0";NaN;7683943
146;256243041;true;0.002002288329519451;0;1;;"test0";7080;7683943
146;-1513294412;true;0.002002288329519451;0;1;;"test0";8677;7683943
146;275517776;true;0.0028642005243457043;0;1;;"test0";7917;7683943
146;-1272624184;true;0.003003432494279176;0;1;;"test0";10239;7683943
146;83792245;true;0.003442222206620492;0;1;;"test0";8041;7683943
146;-223804728;true;0.00345049114166193;0;1;;"test0";7793;7683943
146;60239148;true;0.0035851484988781183;0;1;;"test0";6419;7683943
146;-1196277653;true;0.0035854501706100244;0;1;;"test0";7860;7683943
146;32876552;true;0.0035950946616978906;0;1;;"test0";8057;7683943
146;-244525215;true;0.003595186165254495;0;1;;"test0";8006;7683943
146;-874771717;true;0.0035983815764856607;0;1;;"test0";8820;7683943
146;-456716584;true;0.0035983815764856607;0;1;;"test0";7823;7683943
146;1483484796;true;0.0035994427202612617;0;1;;"test0";7165;7683943
146;125684229;true;0.0035994427202612617;0;1;;"test0";9615;7683943
146;1589844292;true;0.003786735670557145;0;1;;"test0";8897;7683943
146;-1484500205;true;0.003786735670557145;0;1;;"test0";9520;7683943
146;339657083;true;0.003786735670557145;0;1;;"test0";10104;7683943
146;-1877047531;true;0.003796113882157877;0;1;;"test0";8074;7683943
146;553694211;true;0.003796113882157877;0;1;;"test0";7290;7683943
146;686472779;true;0.003801251557062169;0;1;;"test0";9225;7683943
146;647342419;true;0.0038013762309914295;0;1;;"test0";8055;7683943
146;-1635120676;true;0.0038013762309914295;0;1;;"test0";8350;7683943
146;647342419;true;0.0038013762309914295;0;1;;"test0";7978;7683943
146;-2134990562;true;0.0038095006537706834;0;1;;"test0";8821;7683943
146;-726628580;true;0.003818086700527496;0;1;;"test0";8701;7683943
146;-1372624965;true;0.003818086700527496;0;1;;"test0";9198;7683943
146;1841014978;true;0.003818086700527496;0;1;;"test0";8962;7683943
146;158885089;true;0.003818178509819978;0;1;;"test0";9682;7683943
146;481947505;true;0.003889272220475405;0;1;;"test0";8994;7683943
146;-1967938055;true;0.003889272220475405;0;1;;"test0";7818;7683943
146;-1321677001;true;0.003889272220475405;0;1;;"test0";7845;7683943
146;642980692;true;0.003889272220475405;0;1;;"test0";8925;7683943
146;-955733630;true;0.003889272220475405;0;1;;"test0";6405;7683943
146;-1967938055;true;0.003889272220475405;0;1;;"test0";9469;7683943
146;-1787005733;true;0.003889272220475405;0;1;;"test0";9085;7683943
146;-393410657;true;0.00397508597276459;0;1;;"test0";8191;7683943
146;1989743892;true;0.003979544759059243;0;1;;"test0";6546;7683943
146;-1018303875;true;0.003979544759059243;0;1;;"test0";6121;7683943
146;-1234963574;true;0.003979544759059243;0;1;;"test0";8038;7683943
146;-751655214;true;0.003979544759059243;0;1;;"test0";8696;7683943
146;504074196;true;0.003979544759059243;0;1;;"test0";10008;7683943
146;-1078421009;true;0.003993932077870677;0;1;;"test0";7527;7683943
146;1379107721;true;0.003993932077870677;0;1;;"test0";8725;7683943
146;-1852287081;true;0.003993932077870677;0;1;;"test0";9927;7683943
146;-1078421009;true;0.003993932077870677;0;1;;"test0";7998;7683943
146;-1538771720;true;0.003993932077870677;0;1;;"test0";9513;7683943
146;-89909537;true;0.004001587392349194;0;1;;"test0";7997;7683943
146;830735933;true;0.004001587392349194;0;1;;"test0";2;7683943
147;-320844966;false;-1;0;1;;"test0";NaN;7749236
147;-1690100899;false;-1;0;1;;"test0";NaN;7749236
147;-1574514527;true;0.002574370709382151;0;1;;"test0";8944;7749236
147;-1204322237;true;0.0028642005243457043;0;1;;"test0";7857;7749236
147;-585173305;true;0.0028642005243457043;0;1;;"test0";8780;7749236
147;1038859461;true;0.00286427732079906;0;1;;"test0";7792;7749236
147;1877125932;true;0.003146453089244851;0;1;;"test0";7516;7749236
147;1313518205;true;0.0034425421559964695;0;1;;"test0";9486;7749236
147;-256284733;true;0.00345049114166193;0;1;;"test0";8840;7749236
147;-164342976;true;0.00345049114166193;0;1;;"test0";9154;7749236
147;-20082802;true;0.003464801141351096;0;1;;"test0";7880;7749236
147;1629558080;true;0.0035753273099229823;0;1;;"test0";8787;7749236
147;-405731971;true;0.0035851484988781183;0;1;;"test0";8402;7749236
147;-2111143040;true;0.0035994427202612617;0;1;;"test0";9011;7749236
147;918169355;true;0.0035994427202612617;0;1;;"test0";8125;7749236
147;-972085465;true;0.0035994427202612617;0;1;;"test0";8137;7749236
147;-261706717;true;0.0035994427202612617;0;1;;"test0";8486;7749236
147;-1843348526;true;0.0035994427202612617;0;1;;"test0";9558;7749236
147;-1035161423;true;0.0035994427202612617;0;1;;"test0";9676;7749236
147;1123490931;true;0.0035994427202612617;0;1;;"test0";7768;7749236
147;1651770485;true;0.0035994427202612617;0;1;;"test0";8956;7749236
147;-1672524742;true;0.003796113882157877;0;1;;"test0";8168;7749236
147;-1659531627;true;0.003801251557062169;0;1;;"test0";7215;7749236
147;-975531472;true;0.003801251557062169;0;1;;"test0";5681;7749236
147;-512984790;true;0.0038013762309914295;0;1;;"test0";10517;7749236
147;638116846;true;0.0038013762309914295;0;1;;"test0";10506;7749236
147;-142332901;true;0.0038013762309914295;0;1;;"test0";8844;7749236
147;-464010234;true;0.0038091741485492808;0;1;;"test0";8279;7749236
147;-2134990562;true;0.0038095006537706834;0;1;;"test0";8867;7749236
147;-1686371003;true;0.0038095006537706834;0;1;;"test0";8769;7749236
147;320728992;true;0.0038095006537706834;0;1;;"test0";7748;7749236
147;-316310354;true;0.0038095006537706834;0;1;;"test0";7788;7749236
147;-818693493;true;0.003818086700527496;0;1;;"test0";8355;7749236
147;-52834146;true;0.003818086700527496;0;1;;"test0";8377;7749236
147;1916091895;true;0.003818086700527496;0;1;;"test0";8372;7749236
147;-1505511634;true;0.003818178509819978;0;1;;"test0";7972;7749236
147;-1331769919;true;0.003818178509819978;0;1;;"test0";7777;7749236
147;158885089;true;0.003818178509819978;0;1;;"test0";7810;7749236
147;2113291469;true;0.0038186016766937067;0;1;;"test0";7829;7749236
147;-2034459719;true;0.003889272220475405;0;1;;"test0";8383;7749236
147;-1507762192;true;0.003971919528810803;0;1;;"test0";7343;7749236
147;1989743892;true;0.003979544759059243;0;1;;"test0";7549;7749236
147;-1399131831;true;0.003979544759059243;0;1;;"test0";6253;7749236
147;-136850058;true;0.003979544759059243;0;1;;"test0";6065;7749236
147;1313415136;true;0.003993932077870677;0;1;;"test0";8074;7749236
147;-1266794327;true;0.003993932077870677;0;1;;"test0";10165;7749236
147;-1538771720;true;0.003993932077870677;0;1;;"test0";10340;7749236
147;830735933;true;0.004001587392349194;0;1;;"test0";1;7749236
147;-89909537;true;0.004001587392349194;0;1;;"test0";1;7749236
147;193504261;true;0.004001587392349194;0;1;;"test0";9412;7749236
148;-765143245;false;-1;0;1;;"test0";NaN;7810239
148;214748082;true;0.0028643572950366922;0;1;;"test0";7734;7810239
148;-1796787050;true;0.0028643572950366922;0;1;;"test0";9656;7810239
148;509804828;true;0.003464801141351096;0;1;;"test0";7702;7810239
148;-1515993211;true;0.003471435903520942;0;1;;"test0";9402;7810239
148;49354187;true;0.003595186165254495;0;1;;"test0";7517;7810239
148;1123490931;true;0.0035994427202612617;0;1;;"test0";8566;7810239
148;1226154899;true;0.0035994427202612617;0;1;;"test0";8801;7810239
148;1193075814;true;0.0035994427202612617;0;1;;"test0";8743;7810239
148;1324930424;true;0.003796113882157877;0;1;;"test0";8193;7810239
148;-1745088366;true;0.003796113882157877;0;1;;"test0";8151;7810239
148;-1672524742;true;0.003796113882157877;0;1;;"test0";8505;7810239
148;-66089334;true;0.0038013762309914295;0;1;;"test0";9847;7810239
148;476111196;true;0.0038013762309914295;0;1;;"test0";9497;7810239
148;-464010234;true;0.0038091741485492808;0;1;;"test0";9051;7810239
148;-464010234;true;0.0038091741485492808;0;1;;"test0";8727;7810239
148;-464010234;true;0.0038091741485492808;0;1;;"test0";8654;7810239
148;-861918555;true;0.0038091741485492808;0;1;;"test0";8959;7810239
148;257763911;true;0.0038095006537706834;0;1;;"test0";8027;7810239
148;-2134990562;true;0.0038095006537706834;0;1;;"test0";9577;7810239
148;320728992;true;0.0038095006537706834;0;1;;"test0";8069;7810239
148;-2090221400;true;0.0038095006537706834;0;1;;"test0";7559;7810239
148;962594191;true;0.003818086700527496;0;1;;"test0";7695;7810239
148;1174070030;true;0.003818178509819978;0;1;;"test0";5684;7810239
148;158885089;true;0.003818178509819978;0;1;;"test0";9735;7810239
148;-220098555;true;0.003818178509819978;0;1;;"test0";7686;7810239
148;1815862288;true;0.0038186016766937067;0;1;;"test0";8032;7810239
148;-890831109;true;0.0038186016766937067;0;1;;"test0";7400;7810239
148;1635499748;true;0.003821138386678069;0;1;;"test0";7143;7810239
148;-1377798401;true;0.003886592346508793;0;1;;"test0";7796;7810239
148;-1507762192;true;0.003971919528810803;0;1;;"test0";7642;7810239
148;-558002414;true;0.0039782839806576705;0;1;;"test0";7774;7810239
148;1989743892;true;0.003979544759059243;0;1;;"test0";10276;7810239
148;-388151033;true;0.003979544759059243;0;1;;"test0";10282;7810239
148;390300125;true;0.003993932077870677;0;1;;"test0";8257;7810239
148;2130748389;true;0.003993932077870677;0;1;;"test0";8406;7810239
148;-1266794327;true;0.003993932077870677;0;1;;"test0";8419;7810239
148;-935997110;true;0.003993932077870677;0;1;;"test0";8707;7810239
148;1057584528;true;0.003993932077870677;0;1;;"test0";8666;7810239
148;-1266794327;true;0.003993932077870677;0;1;;"test0";8350;7810239
148;193504261;true;0.004001587392349194;0;1;;"test0";10599;7810239
148;193504261;true;0.004001587392349194;0;1;;"test0";9144;7810239
148;830735933;true;0.004001587392349194;0;1;;"test0";8718;7810239
148;4932112;true;0.004001587392349194;0;1;;"test0";8437;7810239
148;15827790;true;0.004001587392349194;0;1;;"test0";7633;7810239
148;-99157491;true;0.004001587392349194;0;1;;"test0";7724;7810239
148;-89909537;true;0.004001587392349194;0;1;;"test0";1;7810239
148;312998336;true;0.004001587392349194;0;1;;"test0";5123;7810239
148;830735933;true;0.004001587392349194;0;1;;"test0";8593;7810239
149;1478740100;true;0.002002288329519451;0;1;;"test0";9516;7867095
149;37730884;true;0.002574370709382151;0;1;;"test0";9964;7867095
149;1132775381;true;0.0035617287559843885;0;1;;"test0";9067;7867095
149;-1071657115;true;0.0035854501706100244;0;1;;"test0";7676;7867095
149;-1124983221;true;0.003595186165254495;0;1;;"test0";9429;7867095
149;49354187;true;0.003595186165254495;0;1;;"test0";9556;7867095
149;-1063622696;true;0.0035983563586461207;0;1;;"test0";9184;7867095
149;-898734083;true;0.0035994427202612617;0;1;;"test0";9821;7867095
149;-454793944;true;0.0035994427202612617;0;1;;"test0";9593;7867095
149;-688619084;true;0.003619416282165966;0;1;;"test0";6458;7867095
149;-1432666282;true;0.003796113882157877;0;1;;"test0";7044;7867095
149;148050635;true;0.003796113882157877;0;1;;"test0";8128;7867095
149;1149114311;true;0.003796113882157877;0;1;;"test0";8595;7867095
149;1152985058;true;0.003796113882157877;0;1;;"test0";9602;7867095
149;1568456740;true;0.003796113882157877;0;1;;"test0";7993;7867095
149;1324930424;true;0.003796113882157877;0;1;;"test0";7781;7867095
149;483362931;true;0.003796113882157877;0;1;;"test0";6849;7867095
149;623009628;true;0.0038013340060956556;0;1;;"test0";9422;7867095
149;666948210;true;0.0038091741485492808;0;1;;"test0";8882;7867095
149;157123738;true;0.003818178509819978;0;1;;"test0";8803;7867095
149;1838283089;true;0.003818178509819978;0;1;;"test0";9610;7867095
149;-914417518;true;0.003818178509819978;0;1;;"test0";9523;7867095
149;1429534149;true;0.003821138386678069;0;1;;"test0";7953;7867095
149;1635499748;true;0.003821138386678069;0;1;;"test0";10940;7867095
149;-1018856543;true;0.003821138386678069;0;1;;"test0";8051;7867095
149;1635499748;true;0.003821138386678069;0;1;;"test0";8107;7867095
149;-1377798401;true;0.003886592346508793;0;1;;"test0";7618;7867095
149;-134543159;true;0.003886592346508793;0;1;;"test0";10031;7867095
149;-1770707311;true;0.003886592346508793;0;1;;"test0";9513;7867095
149;-1377798401;true;0.003886592346508793;0;1;;"test0";8269;7867095
149;-1310073165;true;0.003886592346508793;0;1;;"test0";8812;7867095
149;-1377798401;true;0.003886592346508793;0;1;;"test0";8836;7867095
149;254792332;true;0.003886592346508793;0;1;;"test0";9242;7867095
149;-1640395878;true;0.003886592346508793;0;1;;"test0";9734;7867095
149;-1855486541;true;0.003971919528810803;0;1;;"test0";6915;7867095
149;1977539987;true;0.003971919528810803;0;1;;"test0";7013;7867095
149;-1507762192;true;0.003971919528810803;0;1;;"test0";7498;7867095
149;1637231529;true;0.003971919528810803;0;1;;"test0";7056;7867095
149;1822586181;true;0.0039782839806576705;0;1;;"test0";9408;7867095
149;590537044;true;0.0039782839806576705;0;1;;"test0";9167;7867095
149;-2122376676;true;0.0039782839806576705;0;1;;"test0";9738;7867095
149;1989743892;true;0.003979544759059243;0;1;;"test0";9511;7867095
149;101430158;true;0.003979544759059243;0;1;;"test0";10113;7867095
149;-568134043;true;0.003981412244461138;0;1;;"test0";8345;7867095
149;-1214621264;true;0.003998782231678837;0;1;;"test0";9728;7867095
149;-1691737369;true;0.004000321967775602;0;1;;"test0";8233;7867095
149;117501364;true;0.004001587392349194;0;1;;"test0";10334;7867095
149;312998336;true;0.004001587392349194;0;1;;"test0";3;7867095
149;-89909537;true;0.004001587392349194;0;1;;"test0";8144;7867095
149;830735933;true;0.004001587392349194;0;1;;"test0";2;7867095
150;-874508514;true;0.00286427732079906;0;1;;"test0";9934;7924412
150;-1887615975;true;0.0028643572950366922;0;1;;"test0";10577;7924412
150;1400140103;true;0.00344239700290968;0;1;;"test0";9942;7924412
150;-1199934511;true;0.0035458731584840798;0;1;;"test0";7231;7924412
150;-377475691;true;0.0035854501706100244;0;1;;"test0";8862;7924412
150;49354187;true;0.003595186165254495;0;1;;"test0";8822;7924412
150;-898734083;true;0.0035994427202612617;0;1;;"test0";7530;7924412
150;185234069;true;0.0035994427202612617;0;1;;"test0";6533;7924412
150;1841097512;true;0.0035994427202612617;0;1;;"test0";6853;7924412
150;-1722018431;true;0.0035994427202612617;0;1;;"test0";11547;7924412
150;-688619084;true;0.003619416282165966;0;1;;"test0";6274;7924412
150;-688619084;true;0.003619416282165966;0;1;;"test0";6658;7924412
150;531555307;true;0.003796113882157877;0;1;;"test0";9956;7924412
150;-1375728944;true;0.003796113882157877;0;1;;"test0";7488;7924412
150;-1764602015;true;0.0038091741485492808;0;1;;"test0";8127;7924412
150;828485819;true;0.0038092274555293227;0;1;;"test0";8678;7924412
150;2079902764;true;0.0038092274555293227;0;1;;"test0";8055;7924412
150;403753483;true;0.0038092274555293227;0;1;;"test0";9085;7924412
150;-394818923;true;0.003818178509819978;0;1;;"test0";9716;7924412
150;-613958806;true;0.003818178509819978;0;1;;"test0";9550;7924412
150;-939997276;true;0.003818696514923878;0;1;;"test0";8946;7924412
150;1429534149;true;0.003821138386678069;0;1;;"test0";7784;7924412
150;1429534149;true;0.003821138386678069;0;1;;"test0";9575;7924412
150;-1377798401;true;0.003886592346508793;0;1;;"test0";9599;7924412
150;-911763625;true;0.0039508508247821355;0;1;;"test0";8138;7924412
150;-1916061581;true;0.0039782839806576705;0;1;;"test0";9694;7924412
150;-697818786;true;0.0039782839806576705;0;1;;"test0";7641;7924412
150;174820716;true;0.0039782839806576705;0;1;;"test0";9675;7924412
150;-315284035;true;0.003979544759059243;0;1;;"test0";9647;7924412
150;1989743892;true;0.003979544759059243;0;1;;"test0";9840;7924412
150;-1808565647;true;0.003979544759059243;0;1;;"test0";9712;7924412
150;84366780;true;0.003979544759059243;0;1;;"test0";9773;7924412
150;985337834;true;0.003979544759059243;0;1;;"test0";9169;7924412
150;1989743892;true;0.003979544759059243;0;1;;"test0";9513;7924412
150;1631564245;true;0.003997557928967085;0;1;;"test0";9422;7924412
150;1346978891;true;0.003998782231678837;0;1;;"test0";9250;7924412
150;-1214621264;true;0.003998782231678837;0;1;;"test0";6849;7924412
150;-1691737369;true;0.004000321967775602;0;1;;"test0";6258;7924412
150;-1691737369;true;0.004000321967775602;0;1;;"test0";8347;7924412
150;-544362306;true;0.004000321967775602;0;1;;"test0";6402;7924412
150;857610595;true;0.004000321967775602;0;1;;"test0";9614;7924412
150;-1064419413;true;0.004001587392349194;0;1;;"test0";9107;7924412
150;2035861909;true;0.004001587392349194;0;1;;"test0";7856;7924412
150;-1215079799;true;0.004001587392349194;0;1;;"test0";9781;7924412
150;1493958213;true;0.004001587392349194;0;1;;"test0";9964;7924412
150;-89909537;true;0.004001587392349194;0;1;;"test0";3;7924412
150;-1468444301;true;0.004001587392349194;0;1;;"test0";10541;7924412
150;830735933;true;0.004001587392349194;0;1;;"test0";2;7924412
150;-1726899755;true;0.004001587392349194;0;1;;"test0";9066;7924412
150;837608394;true;0.004001587392349194;0;1;;"test0";9570;7924412
151;1965122270;true;0.002002288329519451;0;1;;"test0";9081;7982617
151;747258977;true;0.0028642005243457043;0;1;;"test0";6836;7982617
151;-1201468658;true;0.00286427732079906;0;1;;"test0";7610;7982617
151;1392431860;true;0.0035759603769694075;0;1;;"test0";10060;7982617
151;1708792413;true;0.0035759603769694075;0;1;;"test0";8128;7982617
151;204598258;true;0.0035854501706100244;0;1;;"test0";8780;7982617
151;237287119;true;0.0035946489422197074;0;1;;"test0";10285;7982617
151;49354187;true;0.003595186165254495;0;1;;"test0";8396;7982617
151;-2028360884;true;0.0035994427202612617;0;1;;"test0";9355;7982617
151;1841097512;true;0.0035994427202612617;0;1;;"test0";9072;7982617
151;-967175312;true;0.0035994427202612617;0;1;;"test0";8249;7982617
151;504792316;true;0.0035994427202612617;0;1;;"test0";7198;7982617
151;-168039279;true;0.0035994427202612617;0;1;;"test0";8059;7982617
151;1841097512;true;0.0035994427202612617;0;1;;"test0";7892;7982617
151;2070493362;true;0.003796113882157877;0;1;;"test0";6893;7982617
151;531555307;true;0.003796113882157877;0;1;;"test0";7073;7982617
151;-1102583608;true;0.003796113882157877;0;1;;"test0";10151;7982617
151;1733394666;true;0.003796113882157877;0;1;;"test0";9137;7982617
151;-1390604535;true;0.0038091741485492808;0;1;;"test0";9616;7982617
151;1715684550;true;0.0038091741485492808;0;1;;"test0";7408;7982617
151;494015881;true;0.0038092274555293227;0;1;;"test0";7990;7982617
151;-1435801278;true;0.0038092274555293227;0;1;;"test0";9152;7982617
151;-382022845;true;0.003818086700527496;0;1;;"test0";10209;7982617
151;667142967;true;0.003821138386678069;0;1;;"test0";10203;7982617
151;-1841350959;true;0.003886592346508793;0;1;;"test0";9200;7982617
151;-1377798401;true;0.003886592346508793;0;1;;"test0";9367;7982617
151;1377634805;true;0.003886592346508793;0;1;;"test0";8618;7982617
151;-1652714072;true;0.0039508508247821355;0;1;;"test0";9177;7982617
151;-381451173;true;0.0039508508247821355;0;1;;"test0";9186;7982617
151;-911763625;true;0.0039508508247821355;0;1;;"test0";9551;7982617
151;1966191390;true;0.0039508508247821355;0;1;;"test0";9538;7982617
151;-1916061581;true;0.0039782839806576705;0;1;;"test0";9124;7982617
151;1075879655;true;0.0039782839806576705;0;1;;"test0";9825;7982617
151;-968497286;true;0.0039782839806576705;0;1;;"test0";8959;7982617
151;-697818786;true;0.0039782839806576705;0;1;;"test0";9600;7982617
151;1692622803;true;0.0039782839806576705;0;1;;"test0";9904;7982617
151;985337834;true;0.003979544759059243;0;1;;"test0";7843;7982617
151;1631564245;true;0.003997557928967085;0;1;;"test0";9958;7982617
151;294803949;true;0.003997557928967085;0;1;;"test0";9982;7982617
151;434902444;true;0.003997557928967085;0;1;;"test0";9235;7982617
151;-1168233742;true;0.003997557928967085;0;1;;"test0";8246;7982617
151;-756128207;true;0.004000321967775602;0;1;;"test0";7103;7982617
151;354711398;true;0.004000321967775602;0;1;;"test0";9129;7982617
151;1351882499;true;0.004000321967775602;0;1;;"test0";9195;7982617
151;857610595;true;0.004000321967775602;0;1;;"test0";7418;7982617
151;-1726899755;true;0.004001587392349194;0;1;;"test0";2;7982617
151;627796958;true;0.004001587392349194;0;1;;"test0";10062;7982617
151;-2019122915;true;0.004001587392349194;0;1;;"test0";7368;7982617
151;837608394;true;0.004001587392349194;0;1;;"test0";2;7982617
151;-1064419413;true;0.004001587392349194;0;1;;"test0";8156;7982617
152;985337834;false;-1;0;1;;"test0";NaN;8044627
152;1841097512;false;-1;0;1;;"test0";NaN;8044627
152;1367497689;false;-1;0;1;;"test0";NaN;8044627
152;1841209569;true;0.0028642005243457043;0;1;;"test0";6309;8044627
152;-27005147;true;0.00286427732079906;0;1;;"test0";7240;8044627
152;802741914;true;0.0035774120306526374;0;1;;"test0";8678;8044627
152;-1231368120;true;0.0035854501706100244;0;1;;"test0";7804;8044627
152;-440180976;true;0.0035946489422197074;0;1;;"test0";7913;8044627
152;-1694612377;true;0.0035946489422197074;0;1;;"test0";9954;8044627
152;237287119;true;0.0035946489422197074;0;1;;"test0";7170;8044627
152;-583824132;true;0.0035968267186548704;0;1;;"test0";9658;8044627
152;1841097512;true;0.0035994427202612617;0;1;;"test0";6985;8044627
152;-693528159;true;0.0035994427202612617;0;1;;"test0";7183;8044627
152;-559947173;true;0.0035994427202612617;0;1;;"test0";6809;8044627
152;241120771;true;0.0035994427202612617;0;1;;"test0";6765;8044627
152;-624927008;true;0.003796113882157877;0;1;;"test0";6309;8044627
152;-1246457606;true;0.003796113882157877;0;1;;"test0";6207;8044627
152;357665044;true;0.0038092274555293227;0;1;;"test0";8125;8044627
152;-382022845;true;0.003818086700527496;0;1;;"test0";5912;8044627
152;-1102065679;true;0.003818086700527496;0;1;;"test0";7815;8044627
152;-1596097165;true;0.003821138386678069;0;1;;"test0";9706;8044627
152;-1203439987;true;0.003886592346508793;0;1;;"test0";7211;8044627
152;-1598623718;true;0.003886592346508793;0;1;;"test0";7324;8044627
152;-850729492;true;0.003886592346508793;0;1;;"test0";7308;8044627
152;-968497286;true;0.0039782839806576705;0;1;;"test0";6644;8044627
152;893362534;true;0.0039782839806576705;0;1;;"test0";5084;8044627
152;551104588;true;0.0039782839806576705;0;1;;"test0";6992;8044627
152;1692622803;true;0.0039782839806576705;0;1;;"test0";9677;8044627
152;1692622803;true;0.0039782839806576705;0;1;;"test0";9968;8044627
152;-697818786;true;0.0039782839806576705;0;1;;"test0";6545;8044627
152;630971056;true;0.0039782839806576705;0;1;;"test0";9796;8044627
152;1063170937;true;0.0039782839806576705;0;1;;"test0";9099;8044627
152;-1211135034;true;0.0039782839806576705;0;1;;"test0";6000;8044627
152;985337834;true;0.003979544759059243;0;1;;"test0";9713;8044627
152;-4393758;true;0.003979544759059243;0;1;;"test0";8593;8044627
152;985337834;true;0.003979544759059243;0;1;;"test0";9687;8044627
152;-1574602331;true;0.003979544759059243;0;1;;"test0";9900;8044627
152;985337834;true;0.003979544759059243;0;1;;"test0";9898;8044627
152;1717320041;true;0.003988600254221366;0;1;;"test0";7869;8044627
152;-979988550;true;0.003997557928967085;0;1;;"test0";8161;8044627
152;-225996642;true;0.003997557928967085;0;1;;"test0";8579;8044627
152;-1710028595;true;0.003997557928967085;0;1;;"test0";7432;8044627
152;529896716;true;0.003997557928967085;0;1;;"test0";7930;8044627
152;294803949;true;0.003997557928967085;0;1;;"test0";6691;8044627
152;-843776055;true;0.004000321967775602;0;1;;"test0";7268;8044627
152;-1728175982;true;0.004000321967775602;0;1;;"test0";5760;8044627
152;21670813;true;0.004001587392349194;0;1;;"test0";9066;8044627
152;-1284845263;true;0.004001587392349194;0;1;;"test0";8692;8044627
152;-1064419413;true;0.004001587392349194;0;1;;"test0";2;8044627
152;837608394;true;0.004001587392349194;0;1;;"test0";2;8044627
153;-479232174;true;0.00286427732079906;0;1;;"test0";9076;8103151
153;-173445986;true;0.00286427732079906;0;1;;"test0";9604;8103151
153;-963919971;true;0.003575247464352792;0;1;;"test0";10710;8103151
153;-722237976;true;0.0035759603769694075;0;1;;"test0";8475;8103151
153;802741914;true;0.0035774120306526374;0;1;;"test0";8772;8103151
153;-1630079809;true;0.0035854501706100244;0;1;;"test0";9867;8103151
153;805876968;true;0.003595186165254495;0;1;;"test0";9796;8103151
153;-559947173;true;0.0035994427202612617;0;1;;"test0";9467;8103151
153;-1730162635;true;0.0035994427202612617;0;1;;"test0";9717;8103151
153;1506005752;true;0.0035994427202612617;0;1;;"test0";7793;8103151
153;2015223925;true;0.0035994427202612617;0;1;;"test0";9517;8103151
153;-559947173;true;0.0035994427202612617;0;1;;"test0";10087;8103151
153;-789381672;true;0.003796113882157877;0;1;;"test0";8358;8103151
153;1128644646;true;0.003796113882157877;0;1;;"test0";8420;8103151
153;-278684318;true;0.003796113882157877;0;1;;"test0";10082;8103151
153;473540362;true;0.0038091741485492808;0;1;;"test0";9407;8103151
153;357665044;true;0.0038092274555293227;0;1;;"test0";9115;8103151
153;-860526131;true;0.0038092274555293227;0;1;;"test0";7940;8103151
153;357665044;true;0.0038092274555293227;0;1;;"test0";9761;8103151
153;-942942128;true;0.0038092274555293227;0;1;;"test0";8239;8103151
153;-482313833;true;0.003818086700527496;0;1;;"test0";8732;8103151
153;-382022845;true;0.003818086700527496;0;1;;"test0";9529;8103151
153;-1546396391;true;0.0038186016766937067;0;1;;"test0";8629;8103151
153;-1596097165;true;0.003821138386678069;0;1;;"test0";9350;8103151
153;-407004809;true;0.003821138386678069;0;1;;"test0";8335;8103151
153;-1596097165;true;0.003821138386678069;0;1;;"test0";9715;8103151
153;-1283349376;true;0.003821138386678069;0;1;;"test0";8501;8103151
153;960746507;true;0.003886592346508793;0;1;;"test0";10326;8103151
153;-1642231914;true;0.003886592346508793;0;1;;"test0";9320;8103151
153;-1598623718;true;0.003886592346508793;0;1;;"test0";9782;8103151
153;-298336157;true;0.003886592346508793;0;1;;"test0";9272;8103151
153;1818420466;true;0.003890633952580125;0;1;;"test0";8778;8103151
153;1960413868;true;0.003988600254221366;0;1;;"test0";8600;8103151
153;-225996642;true;0.003997557928967085;0;1;;"test0";7559;8103151
153;-225996642;true;0.003997557928967085;0;1;;"test0";8208;8103151
153;-1643077473;true;0.003997557928967085;0;1;;"test0";8575;8103151
153;-1545464576;true;0.003997557928967085;0;1;;"test0";8816;8103151
153;566779528;true;0.003997557928967085;0;1;;"test0";9826;8103151
153;-1716766411;true;0.003997557928967085;0;1;;"test0";8352;8103151
153;-589977858;true;0.003997557928967085;0;1;;"test0";10073;8103151
153;870251008;true;0.003997557928967085;0;1;;"test0";9528;8103151
153;335442288;true;0.004000321967775602;0;1;;"test0";9525;8103151
153;-1728175982;true;0.004000321967775602;0;1;;"test0";8267;8103151
153;1334165081;true;0.004000321967775602;0;1;;"test0";9520;8103151
153;1094356062;true;0.004001587392349194;0;1;;"test0";8468;8103151
153;-1960450620;true;0.004001587392349194;0;1;;"test0";9756;8103151
153;-258684274;true;0.004001587392349194;0;1;;"test0";9409;8103151
153;837608394;true;0.004001587392349194;0;1;;"test0";1;8103151
153;-1064419413;true;0.004001587392349194;0;1;;"test0";8054;8103151
154;-543957326;false;-1;0;1;;"test0";NaN;8176827
154;261541130;true;0.002864251378372982;0;1;;"test0";6991;8176827
154;-189826135;true;0.003146453089244851;0;1;;"test0";8631;8176827
154;-1644835641;true;0.003575247464352792;0;1;;"test0";8387;8176827
154;635159967;true;0.0035854501706100244;0;1;;"test0";10437;8176827
154;2064986371;true;0.0035854501706100244;0;1;;"test0";8772;8176827
154;-439681007;true;0.0035950946616978906;0;1;;"test0";7180;8176827
154;-275803366;true;0.0035994427202612617;0;1;;"test0";9478;8176827
154;223731729;true;0.0035994427202612617;0;1;;"test0";9065;8176827
154;689002532;true;0.0035994427202612617;0;1;;"test0";7056;8176827
154;998165915;true;0.0035994427202612617;0;1;;"test0";9483;8176827
154;525266049;true;0.0035994427202612617;0;1;;"test0";9543;8176827
154;-1701686661;true;0.0035994427202612617;0;1;;"test0";9341;8176827
154;-53150980;true;0.0035994427202612617;0;1;;"test0";8075;8176827
154;855202359;true;0.003604767984849156;0;1;;"test0";10446;8176827
154;1742948750;true;0.003796113882157877;0;1;;"test0";9992;8176827
154;168816740;true;0.003796113882157877;0;1;;"test0";9526;8176827
154;-278684318;true;0.003796113882157877;0;1;;"test0";9017;8176827
154;605774983;true;0.0038091741485492808;0;1;;"test0";8348;8176827
154;-221879594;true;0.0038091741485492808;0;1;;"test0";8676;8176827
154;-1723228058;true;0.003818086700527496;0;1;;"test0";10185;8176827
154;-228610068;true;0.003818086700527496;0;1;;"test0";9868;8176827
154;489542349;true;0.003818178509819978;0;1;;"test0";8082;8176827
154;-1557770700;true;0.0038186016766937067;0;1;;"test0";9810;8176827
154;-1546396391;true;0.0038186016766937067;0;1;;"test0";7235;8176827
154;575077748;true;0.0038186016766937067;0;1;;"test0";9010;8176827
154;-1001289639;true;0.003821138386678069;0;1;;"test0";7573;8176827
154;509170586;true;0.003821138386678069;0;1;;"test0";7313;8176827
154;352430860;true;0.003821138386678069;0;1;;"test0";9245;8176827
154;-1596097165;true;0.003821138386678069;0;1;;"test0";6992;8176827
154;-1596097165;true;0.003821138386678069;0;1;;"test0";7695;8176827
154;960746507;true;0.003886592346508793;0;1;;"test0";9500;8176827
154;-298336157;true;0.003886592346508793;0;1;;"test0";7722;8176827
154;-792859661;true;0.003890633952580125;0;1;;"test0";8696;8176827
154;1818420466;true;0.003890633952580125;0;1;;"test0";7640;8176827
154;590783985;true;0.003890633952580125;0;1;;"test0";10339;8176827
154;-2038281025;true;0.003890633952580125;0;1;;"test0";9559;8176827
154;-1679247479;true;0.003890633952580125;0;1;;"test0";8643;8176827
154;491149357;true;0.003976110182310492;0;1;;"test0";9477;8176827
154;-1661496774;true;0.003988600254221366;0;1;;"test0";7616;8176827
154;443177410;true;0.004000321967775602;0;1;;"test0";8352;8176827
154;1359705501;true;0.004000321967775602;0;1;;"test0";10069;8176827
154;-1728175982;true;0.004000321967775602;0;1;;"test0";7897;8176827
154;-1875055368;true;0.004000321967775602;0;1;;"test0";10297;8176827
154;1686377888;true;0.004000321967775602;0;1;;"test0";10342;8176827
154;335442288;true;0.004000321967775602;0;1;;"test0";9036;8176827
154;-638496276;true;0.004001587392349194;0;1;;"test0";10224;8176827
154;837608394;true;0.004001587392349194;0;1;;"test0";10147;8176827
154;-1064419413;true;0.004001587392349194;0;1;;"test0";2;8176827
155;-93989601;false;-1;0;1;;"test0";NaN;8242706
155;-992498154;false;-1;0;1;;"test0";NaN;8242706
155;1728222669;true;0.002002288329519451;0;1;;"test0";8010;8242706
155;-1644835641;true;0.003575247464352792;0;1;;"test0";8456;8242706
155;-942067903;true;0.003575247464352792;0;1;;"test0";10674;8242706
155;-224606971;true;0.0035753273099229823;0;1;;"test0";6461;8242706
155;-439681007;true;0.0035950946616978906;0;1;;"test0";8238;8242706
155;282522500;true;0.0035950946616978906;0;1;;"test0";9411;8242706
155;-1556149803;true;0.0035967303984176715;0;1;;"test0";7280;8242706
155;-952265806;true;0.0035994427202612617;0;1;;"test0";10016;8242706
155;-566898121;true;0.0035994427202612617;0;1;;"test0";8129;8242706
155;897583631;true;0.003604767984849156;0;1;;"test0";9297;8242706
155;-48518366;true;0.003604767984849156;0;1;;"test0";9614;8242706
155;1742948750;true;0.003796113882157877;0;1;;"test0";6856;8242706
155;-278684318;true;0.003796113882157877;0;1;;"test0";9184;8242706
155;-812128919;true;0.003796113882157877;0;1;;"test0";9510;8242706
155;-1616359164;true;0.003796113882157877;0;1;;"test0";7582;8242706
155;854656547;true;0.003796113882157877;0;1;;"test0";8107;8242706
155;1823012187;true;0.003796113882157877;0;1;;"test0";8379;8242706
155;-278684318;true;0.003796113882157877;0;1;;"test0";9960;8242706
155;-700672586;true;0.0038003487984556573;0;1;;"test0";7714;8242706
155;-221879594;true;0.0038091741485492808;0;1;;"test0";9496;8242706
155;160292411;true;0.0038091741485492808;0;1;;"test0";8828;8242706
155;-1723228058;true;0.003818086700527496;0;1;;"test0";9370;8242706
155;-1252541506;true;0.003818086700527496;0;1;;"test0";10118;8242706
155;-821788462;true;0.003818086700527496;0;1;;"test0";8381;8242706
155;690277181;true;0.003818086700527496;0;1;;"test0";5387;8242706
155;1466743763;true;0.003818086700527496;0;1;;"test0";9371;8242706
155;485706593;true;0.003818178509819978;0;1;;"test0";6678;8242706
155;-1060568126;true;0.003818178509819978;0;1;;"test0";7618;8242706
155;-1546396391;true;0.0038186016766937067;0;1;;"test0";9794;8242706
155;-1596097165;true;0.003821138386678069;0;1;;"test0";9650;8242706
155;-1596097165;true;0.003821138386678069;0;1;;"test0";8616;8242706
155;352430860;true;0.003821138386678069;0;1;;"test0";7816;8242706
155;-1679247479;true;0.003890633952580125;0;1;;"test0";9147;8242706
155;-792859661;true;0.003890633952580125;0;1;;"test0";9229;8242706
155;-792859661;true;0.003890633952580125;0;1;;"test0";8123;8242706
155;590783985;true;0.003890633952580125;0;1;;"test0";8737;8242706
155;955558327;true;0.003890633952580125;0;1;;"test0";7457;8242706
155;678092209;true;0.003890633952580125;0;1;;"test0";5400;8242706
155;-701106473;true;0.00397508597276459;0;1;;"test0";8710;8242706
155;1686377888;true;0.004000321967775602;0;1;;"test0";8250;8242706
155;1359705501;true;0.004000321967775602;0;1;;"test0";7804;8242706
155;-963568154;true;0.004000321967775602;0;1;;"test0";9846;8242706
155;951093231;true;0.004000321967775602;0;1;;"test0";8864;8242706
155;-638496276;true;0.004001587392349194;0;1;;"test0";7062;8242706
155;837608394;true;0.004001587392349194;0;1;;"test0";1;8242706
155;1684000083;true;0.004001587392349194;0;1;;"test0";8275;8242706
155;1213586665;true;0.004001587392349194;0;1;;"test0";8686;8242706
155;-1064419413;true;0.004001587392349194;0;1;;"test0";1;8242706
156;-1173573042;true;0.002002288329519451;0;1;;"test0";9879;8303580
156;1950793136;true;0.002574370709382151;0;1;;"test0";10186;8303580
156;1613047900;true;0.002574370709382151;0;1;;"test0";8868;8303580
156;105213077;true;0.00286427732079906;0;1;;"test0";6940;8303580
156;1917663623;true;0.00286427732079906;0;1;;"test0";8706;8303580
156;-373427682;true;0.0035671428515637728;0;1;;"test0";9891;8303580
156;169155671;true;0.003575247464352792;0;1;;"test0";8555;8303580
156;-1428791290;true;0.0035753273099229823;0;1;;"test0";6522;8303580
156;-427535334;true;0.0035946489422197074;0;1;;"test0";10617;8303580
156;-439681007;true;0.0035950946616978906;0;1;;"test0";9293;8303580
156;-854401428;true;0.003595186165254495;0;1;;"test0";9951;8303580
156;-566898121;true;0.0035994427202612617;0;1;;"test0";8648;8303580
156;-952265806;true;0.0035994427202612617;0;1;;"test0";8976;8303580
156;-952265806;true;0.0035994427202612617;0;1;;"test0";9610;8303580
156;739293103;true;0.0035994427202612617;0;1;;"test0";8047;8303580
156;-1941541103;true;0.0035994427202612617;0;1;;"test0";7043;8303580
156;-566898121;true;0.0035994427202612617;0;1;;"test0";8838;8303580
156;1356166988;true;0.003796113882157877;0;1;;"test0";8842;8303580
156;1742948750;true;0.003796113882157877;0;1;;"test0";7045;8303580
156;604785870;true;0.003796113882157877;0;1;;"test0";9053;8303580
156;-2028257951;true;0.003796113882157877;0;1;;"test0";7857;8303580
156;-762723624;true;0.0038091741485492808;0;1;;"test0";9985;8303580
156;1915643827;true;0.003818086700527496;0;1;;"test0";10375;8303580
156;690277181;true;0.003818086700527496;0;1;;"test0";9824;8303580
156;-1061706832;true;0.003818086700527496;0;1;;"test0";9836;8303580
156;760487225;true;0.003818178509819978;0;1;;"test0";9955;8303580
156;-1108154369;true;0.003818178509819978;0;1;;"test0";8823;8303580
156;-1546396391;true;0.0038186016766937067;0;1;;"test0";9285;8303580
156;-1388674309;true;0.0038186016766937067;0;1;;"test0";8767;8303580
156;141009320;true;0.0038186016766937067;0;1;;"test0";9274;8303580
156;22955246;true;0.003821138386678069;0;1;;"test0";10512;8303580
156;352430860;true;0.003821138386678069;0;1;;"test0";10066;8303580
156;1937916394;true;0.003821138386678069;0;1;;"test0";9884;8303580
156;-1207850783;true;0.003886592346508793;0;1;;"test0";11121;8303580
156;-792859661;true;0.003890633952580125;0;1;;"test0";8757;8303580
156;-1201483331;true;0.003890633952580125;0;1;;"test0";10391;8303580
156;1942231657;true;0.00397508597276459;0;1;;"test0";9241;8303580
156;-132336535;true;0.00397508597276459;0;1;;"test0";7803;8303580
156;1884325304;true;0.00397508597276459;0;1;;"test0";8578;8303580
156;-701106473;true;0.00397508597276459;0;1;;"test0";9955;8303580
156;1358979716;true;0.00397508597276459;0;1;;"test0";9528;8303580
156;1297637854;true;0.004000321967775602;0;1;;"test0";8652;8303580
156;1686377888;true;0.004000321967775602;0;1;;"test0";7550;8303580
156;1863674590;true;0.004000321967775602;0;1;;"test0";8964;8303580
156;1213586665;true;0.004001587392349194;0;1;;"test0";9898;8303580
156;663300348;true;0.004001587392349194;0;1;;"test0";9902;8303580
156;1684000083;true;0.004001587392349194;0;1;;"test0";6525;8303580
156;-1064419413;true;0.004001587392349194;0;1;;"test0";1;8303580
156;-437452538;true;0.004001587392349194;0;1;;"test0";6991;8303580
157;790445285;true;0.002574370709382151;0;1;;"test0";9156;8361668
157;1950793136;true;0.002574370709382151;0;1;;"test0";9169;8361668
157;1372396833;true;0.00286427732079906;0;1;;"test0";7239;8361668
157;-1602548961;true;0.0034425421559964695;0;1;;"test0";9230;8361668
157;951836860;true;0.0035671428515637728;0;1;;"test0";8023;8361668
157;-1310527280;true;0.003575247464352792;0;1;;"test0";7456;8361668
157;1080122239;true;0.003592593495650187;0;1;;"test0";9170;8361668
157;2008796587;true;0.003595186165254495;0;1;;"test0";9603;8361668
157;915879276;true;0.0035968267186548704;0;1;;"test0";9089;8361668
157;791888120;true;0.0035994427202612617;0;1;;"test0";10105;8361668
157;-1826196814;true;0.0035994427202612617;0;1;;"test0";10269;8361668
157;-1732459574;true;0.0035994427202612617;0;1;;"test0";7667;8361668
157;-83525541;true;0.0035994427202612617;0;1;;"test0";8990;8361668
157;61873713;true;0.0035994427202612617;0;1;;"test0";8496;8361668
157;-173767010;true;0.003796113882157877;0;1;;"test0";9773;8361668
157;1356166988;true;0.003796113882157877;0;1;;"test0";8038;8361668
157;-762723624;true;0.0038091741485492808;0;1;;"test0";7058;8361668
157;1843115955;true;0.0038091741485492808;0;1;;"test0";9446;8361668
157;1570427569;true;0.0038092274555293227;0;1;;"test0";7310;8361668
157;-615611671;true;0.003818086700527496;0;1;;"test0";9769;8361668
157;-1657175580;true;0.003818086700527496;0;1;;"test0";9448;8361668
157;-1118160570;true;0.003818086700527496;0;1;;"test0";8397;8361668
157;-1061706832;true;0.003818086700527496;0;1;;"test0";7750;8361668
157;690277181;true;0.003818086700527496;0;1;;"test0";7795;8361668
157;1713591112;true;0.0038186016766937067;0;1;;"test0";7970;8361668
157;-1400739024;true;0.0038186016766937067;0;1;;"test0";9760;8361668
157;-307231837;true;0.003821138386678069;0;1;;"test0";10668;8361668
157;114031487;true;0.003821138386678069;0;1;;"test0";7775;8361668
157;1073281101;true;0.003821138386678069;0;1;;"test0";10186;8361668
157;-826927895;true;0.003821138386678069;0;1;;"test0";9435;8361668
157;-372492760;true;0.003821138386678069;0;1;;"test0";9538;8361668
157;352430860;true;0.003821138386678069;0;1;;"test0";9529;8361668
157;-600392325;true;0.003886592346508793;0;1;;"test0";7777;8361668
157;-1207850783;true;0.003886592346508793;0;1;;"test0";8496;8361668
157;-1207850783;true;0.003886592346508793;0;1;;"test0";8987;8361668
157;-312786913;true;0.003890633952580125;0;1;;"test0";9319;8361668
157;-1201483331;true;0.003890633952580125;0;1;;"test0";8252;8361668
157;-1201483331;true;0.003890633952580125;0;1;;"test0";8507;8361668
157;-1726217559;true;0.003890633952580125;0;1;;"test0";7095;8361668
157;-132336535;true;0.00397508597276459;0;1;;"test0";10549;8361668
157;-419318770;true;0.00397508597276459;0;1;;"test0";10470;8361668
157;1039881223;true;0.004000321967775602;0;1;;"test0";7941;8361668
157;1863674590;true;0.004000321967775602;0;1;;"test0";9514;8361668
157;-1849977271;true;0.004000321967775602;0;1;;"test0";8675;8361668
157;-534924098;true;0.004000321967775602;0;1;;"test0";9788;8361668
157;1709002738;true;0.004001587392349194;0;1;;"test0";6830;8361668
157;504957509;true;0.004001587392349194;0;1;;"test0";8343;8361668
157;-1064419413;true;0.004001587392349194;0;1;;"test0";8268;8361668
157;-437452538;true;0.004001587392349194;0;1;;"test0";2;8361668
158;-2118823478;false;-1;0;1;;"test0";NaN;8434917
158;1719289138;true;0.002002288329519451;0;1;;"test0";9988;8434917
158;367252167;true;0.002002288329519451;0;1;;"test0";8897;8434917
158;1444858702;true;0.002002288329519451;0;1;;"test0";10181;8434917
158;229202047;true;0.002574370709382151;0;1;;"test0";6969;8434917
158;-1305623747;true;0.0034475120849593133;0;1;;"test0";10992;8434917
158;1073989015;true;0.003451075685110861;0;1;;"test0";8110;8434917
158;1050304060;true;0.0035671428515637728;0;1;;"test0";8592;8434917
158;-22218499;true;0.0035671428515637728;0;1;;"test0";8832;8434917
158;542511197;true;0.0035774849907312407;0;1;;"test0";9083;8434917
158;2058056278;true;0.0035774849907312407;0;1;;"test0";8987;8434917
158;33078145;true;0.0035774849907312407;0;1;;"test0";7666;8434917
158;2008796587;true;0.003595186165254495;0;1;;"test0";10022;8434917
158;470511144;true;0.0035994427202612617;0;1;;"test0";10008;8434917
158;1278976098;true;0.0035994427202612617;0;1;;"test0";10907;8434917
158;-173767010;true;0.003796113882157877;0;1;;"test0";10271;8434917
158;-173767010;true;0.003796113882157877;0;1;;"test0";9774;8434917
158;156497896;true;0.0038091741485492808;0;1;;"test0";10241;8434917
158;227997910;true;0.0038092274555293227;0;1;;"test0";7990;8434917
158;1570427569;true;0.0038092274555293227;0;1;;"test0";9429;8434917
158;-1682466385;true;0.003818086700527496;0;1;;"test0";10099;8434917
158;-615611671;true;0.003818086700527496;0;1;;"test0";9623;8434917
158;-615611671;true;0.003818086700527496;0;1;;"test0";9191;8434917
158;-1400739024;true;0.0038186016766937067;0;1;;"test0";7214;8434917
158;516580785;true;0.0038186016766937067;0;1;;"test0";7074;8434917
158;1698392800;true;0.0038186016766937067;0;1;;"test0";9607;8434917
158;2028053263;true;0.003821138386678069;0;1;;"test0";9249;8434917
158;-73416389;true;0.003821138386678069;0;1;;"test0";10594;8434917
158;982272989;true;0.003821138386678069;0;1;;"test0";10919;8434917
158;-2097161393;true;0.003821138386678069;0;1;;"test0";7280;8434917
158;114031487;true;0.003821138386678069;0;1;;"test0";9739;8434917
158;-600392325;true;0.003886592346508793;0;1;;"test0";8890;8434917
158;97945463;true;0.003890633952580125;0;1;;"test0";7486;8434917
158;-419318770;true;0.00397508597276459;0;1;;"test0";9478;8434917
158;-790903101;true;0.004000321967775602;0;1;;"test0";8354;8434917
158;1863674590;true;0.004000321967775602;0;1;;"test0";7945;8434917
158;1863674590;true;0.004000321967775602;0;1;;"test0";9250;8434917
158;1863674590;true;0.004000321967775602;0;1;;"test0";8932;8434917
158;1863674590;true;0.004000321967775602;0;1;;"test0";9740;8434917
158;-631001667;true;0.004000321967775602;0;1;;"test0";9632;8434917
158;-1849977271;true;0.004000321967775602;0;1;;"test0";9990;8434917
158;-1496339822;true;0.004000321967775602;0;1;;"test0";9157;8434917
158;-534924098;true;0.004000321967775602;0;1;;"test0";8486;8434917
158;1098992061;true;0.004000321967775602;0;1;;"test0";7897;8434917
158;-437452538;true;0.004001587392349194;0;1;;"test0";2;8434917
158;1814093261;true;0.004001587392349194;0;1;;"test0";9992;8434917
158;-163354499;true;0.004001587392349194;0;1;;"test0";9768;8434917
158;-1064419413;true;0.004001587392349194;0;1;;"test0";1;8434917
158;1545380127;true;0.004001587392349194;0;1;;"test0";9737;8434917
158;1709002738;true;0.004001587392349194;0;1;;"test0";9955;8434917
159;-240079282;false;-1;0;1;;"test0";NaN;8508752
159;-229593685;false;-1;0;1;;"test0";NaN;8508752
159;-1862726811;true;0.002002288329519451;0;1;;"test0";7654;8508752
159;733147256;true;0.00286427732079906;0;1;;"test0";8559;8508752
159;136227404;true;0.0028643572950366922;0;1;;"test0";9518;8508752
159;1363321456;true;0.003003432494279176;0;1;;"test0";9329;8508752
159;-1169348122;true;0.0034423905139187353;0;1;;"test0";8537;8508752
159;-1305623747;true;0.0034475120849593133;0;1;;"test0";8462;8508752
159;1663331893;true;0.0034475120849593133;0;1;;"test0";8356;8508752
159;93089326;true;0.00345049114166193;0;1;;"test0";9884;8508752
159;365760628;true;0.0035202860592951713;0;1;;"test0";7410;8508752
159;-1529103518;true;0.003557586116000347;0;1;;"test0";9225;8508752
159;1714824762;true;0.0035671428515637728;0;1;;"test0";9556;8508752
159;-22218499;true;0.0035671428515637728;0;1;;"test0";9579;8508752
159;151251747;true;0.0035736667481127697;0;1;;"test0";8523;8508752
159;-1365217968;true;0.0035854501706100244;0;1;;"test0";9507;8508752
159;1549932447;true;0.0035968267186548704;0;1;;"test0";9150;8508752
159;-397332858;true;0.0035994427202612617;0;1;;"test0";9357;8508752
159;-91454558;true;0.0035994427202612617;0;1;;"test0";9033;8508752
159;-1561382170;true;0.0035994427202612617;0;1;;"test0";8985;8508752
159;-1228124107;true;0.0035994427202612617;0;1;;"test0";9268;8508752
159;363876421;true;0.003796113882157877;0;1;;"test0";9253;8508752
159;383495687;true;0.003796113882157877;0;1;;"test0";8724;8508752
159;-173767010;true;0.003796113882157877;0;1;;"test0";8893;8508752
159;-1868640461;true;0.003796113882157877;0;1;;"test0";9184;8508752
159;-488992682;true;0.0038091741485492808;0;1;;"test0";10141;8508752
159;156497896;true;0.0038091741485492808;0;1;;"test0";8704;8508752
159;156497896;true;0.0038091741485492808;0;1;;"test0";4625;8508752
159;1570427569;true;0.0038092274555293227;0;1;;"test0";8658;8508752
159;-214026488;true;0.0038092274555293227;0;1;;"test0";9808;8508752
159;-1095105196;true;0.0038092274555293227;0;1;;"test0";10225;8508752
159;1570427569;true;0.0038092274555293227;0;1;;"test0";10067;8508752
159;936769078;true;0.003818086700527496;0;1;;"test0";8984;8508752
159;1273287406;true;0.003818086700527496;0;1;;"test0";9461;8508752
159;-615611671;true;0.003818086700527496;0;1;;"test0";7477;8508752
159;-615611671;true;0.003818086700527496;0;1;;"test0";9115;8508752
159;257813438;true;0.003818086700527496;0;1;;"test0";9080;8508752
159;489547566;true;0.0038186016766937067;0;1;;"test0";8620;8508752
159;836840880;true;0.003890633952580125;0;1;;"test0";8699;8508752
159;814806127;true;0.003890633952580125;0;1;;"test0";9077;8508752
159;-737870576;true;0.003890633952580125;0;1;;"test0";8999;8508752
159;-1726328839;true;0.00397508597276459;0;1;;"test0";9435;8508752
159;994589745;true;0.00397508597276459;0;1;;"test0";8670;8508752
159;-1993584326;true;0.004000321967775602;0;1;;"test0";9825;8508752
159;28057748;true;0.004001587392349194;0;1;;"test0";8840;8508752
159;1545380127;true;0.004001587392349194;0;1;;"test0";3;8508752
159;1424177636;true;0.004001587392349194;0;1;;"test0";8427;8508752
159;1709002738;true;0.004001587392349194;0;1;;"test0";2;8508752
159;-149152330;true;0.004001587392349194;0;1;;"test0";9076;8508752
159;-1064419413;true;0.004001587392349194;0;1;;"test0";8758;8508752
160;-673273882;true;0.002002288329519451;0;1;;"test0";8833;8570680
160;1942183024;true;0.00286427732079906;0;1;;"test0";9564;8570680
160;26956493;true;0.00286427732079906;0;1;;"test0";10078;8570680
160;101670534;true;0.00286427732079906;0;1;;"test0";10675;8570680
160;1363321456;true;0.003003432494279176;0;1;;"test0";8333;8570680
160;-1571072198;true;0.003003432494279176;0;1;;"test0";9989;8570680
160;-1305623747;true;0.0034475120849593133;0;1;;"test0";10786;8570680
160;-1007915472;true;0.0034479273607312035;0;1;;"test0";10156;8570680
160;1245926603;true;0.00345049114166193;0;1;;"test0";10293;8570680
160;-401295013;true;0.00345049114166193;0;1;;"test0";10488;8570680
160;-1365217968;true;0.0035854501706100244;0;1;;"test0";10791;8570680
160;-1829051219;true;0.0035950946616978906;0;1;;"test0";10173;8570680
160;1549932447;true;0.0035968267186548704;0;1;;"test0";9240;8570680
160;1058673537;true;0.0035968267186548704;0;1;;"test0";10000;8570680
160;1878676566;true;0.0035968267186548704;0;1;;"test0";8533;8570680
160;-397332858;true;0.0035994427202612617;0;1;;"test0";8070;8570680
160;-620782205;true;0.0035994427202612617;0;1;;"test0";8431;8570680
160;519383414;true;0.003796113882157877;0;1;;"test0";7908;8570680
160;156497896;true;0.0038091741485492808;0;1;;"test0";7914;8570680
160;-488992682;true;0.0038091741485492808;0;1;;"test0";8938;8570680
160;1239488975;true;0.0038091741485492808;0;1;;"test0";10666;8570680
160;130619072;true;0.0038091741485492808;0;1;;"test0";10414;8570680
160;1261500756;true;0.0038091741485492808;0;1;;"test0";10060;8570680
160;-615611671;true;0.003818086700527496;0;1;;"test0";8446;8570680
160;936769078;true;0.003818086700527496;0;1;;"test0";7751;8570680
160;1560492202;true;0.003818086700527496;0;1;;"test0";8508;8570680
160;-615611671;true;0.003818086700527496;0;1;;"test0";8410;8570680
160;489547566;true;0.0038186016766937067;0;1;;"test0";9679;8570680
160;-1170420165;true;0.0038186016766937067;0;1;;"test0";8928;8570680
160;848590756;true;0.0038186016766937067;0;1;;"test0";10151;8570680
160;982538684;true;0.0038186016766937067;0;1;;"test0";9583;8570680
160;-875654107;true;0.0038186016766937067;0;1;;"test0";9083;8570680
160;-1879234510;true;0.003818696514923878;0;1;;"test0";10383;8570680
160;722950002;true;0.003886592346508793;0;1;;"test0";8034;8570680
160;1139621987;true;0.003886592346508793;0;1;;"test0";9492;8570680
160;814806127;true;0.003890633952580125;0;1;;"test0";8730;8570680
160;-869089418;true;0.003890633952580125;0;1;;"test0";10166;8570680
160;814806127;true;0.003890633952580125;0;1;;"test0";10155;8570680
160;-1151684897;true;0.0039021103473153664;0;1;;"test0";8541;8570680
160;-1726328839;true;0.00397508597276459;0;1;;"test0";9866;8570680
160;684291031;true;0.00397508597276459;0;1;;"test0";9464;8570680
160;-1726328839;true;0.00397508597276459;0;1;;"test0";8942;8570680
160;994589745;true;0.00397508597276459;0;1;;"test0";9460;8570680
160;1261195585;true;0.004000321967775602;0;1;;"test0";10148;8570680
160;-730037067;true;0.004000321967775602;0;1;;"test0";9475;8570680
160;-499516504;true;0.004000321967775602;0;1;;"test0";9688;8570680
160;-149152330;true;0.004001587392349194;0;1;;"test0";1;8570680
160;-428333766;true;0.004001587392349194;0;1;;"test0";9869;8570680
160;-1770237693;true;0.004001587392349194;0;1;;"test0";9651;8570680
160;-1064419413;true;0.004001587392349194;0;1;;"test0";2;8570680
161;-187257271;false;-1;0;1;;"test0";NaN;8635424
161;1864790098;true;0.002002288329519451;0;1;;"test0";9370;8635424
161;101670534;true;0.00286427732079906;0;1;;"test0";7137;8635424
161;-2002562383;true;0.00286427732079906;0;1;;"test0";8489;8635424
161;-1366225261;true;0.002864412475396457;0;1;;"test0";8593;8635424
161;107572846;true;0.0034358051730265654;0;1;;"test0";9907;8635424
161;1612572712;true;0.0034425421559964695;0;1;;"test0";8788;8635424
161;1971376273;true;0.0035753273099229823;0;1;;"test0";7781;8635424
161;-1365217968;true;0.0035854501706100244;0;1;;"test0";7198;8635424
161;-915022840;true;0.0035854501706100244;0;1;;"test0";10126;8635424
161;-1277181867;true;0.0035994427202612617;0;1;;"test0";8433;8635424
161;-477083906;true;0.0035994427202612617;0;1;;"test0";7971;8635424
161;-620782205;true;0.0035994427202612617;0;1;;"test0";10274;8635424
161;-914954038;true;0.0035994427202612617;0;1;;"test0";9608;8635424
161;1408352358;true;0.0035994427202612617;0;1;;"test0";8983;8635424
161;-51604364;true;0.0035994427202612617;0;1;;"test0";8658;8635424
161;-738991478;true;0.003796113882157877;0;1;;"test0";8389;8635424
161;1845272177;true;0.0038091741485492808;0;1;;"test0";9419;8635424
161;2132884600;true;0.0038091741485492808;0;1;;"test0";8896;8635424
161;646268;true;0.0038091741485492808;0;1;;"test0";8180;8635424
161;130619072;true;0.0038091741485492808;0;1;;"test0";9505;8635424
161;-270315557;true;0.0038091741485492808;0;1;;"test0";9397;8635424
161;130619072;true;0.0038091741485492808;0;1;;"test0";10361;8635424
161;1261500756;true;0.0038091741485492808;0;1;;"test0";7639;8635424
161;-1526257298;true;0.0038092274555293227;0;1;;"test0";8659;8635424
161;-615611671;true;0.003818086700527496;0;1;;"test0";9806;8635424
161;1746012925;true;0.003818086700527496;0;1;;"test0";8850;8635424
161;-175450888;true;0.003818086700527496;0;1;;"test0";7934;8635424
161;982538684;true;0.0038186016766937067;0;1;;"test0";8990;8635424
161;-983107490;true;0.0038186016766937067;0;1;;"test0";8889;8635424
161;-875654107;true;0.0038186016766937067;0;1;;"test0";8849;8635424
161;722950002;true;0.003886592346508793;0;1;;"test0";9421;8635424
161;722950002;true;0.003886592346508793;0;1;;"test0";10286;8635424
161;1899334276;true;0.003886592346508793;0;1;;"test0";10861;8635424
161;822605862;true;0.003886592346508793;0;1;;"test0";10205;8635424
161;-1165358465;true;0.003890633952580125;0;1;;"test0";9501;8635424
161;-869089418;true;0.003890633952580125;0;1;;"test0";10580;8635424
161;81088215;true;0.00397508597276459;0;1;;"test0";7825;8635424
161;684291031;true;0.00397508597276459;0;1;;"test0";9053;8635424
161;1471289080;true;0.004000321967775602;0;1;;"test0";10346;8635424
161;1407413544;true;0.004000321967775602;0;1;;"test0";11042;8635424
161;-1955545381;true;0.004000321967775602;0;1;;"test0";8320;8635424
161;-499516504;true;0.004000321967775602;0;1;;"test0";10375;8635424
161;-428333766;true;0.004001587392349194;0;1;;"test0";9208;8635424
161;-428333766;true;0.004001587392349194;0;1;;"test0";9332;8635424
161;-1064419413;true;0.004001587392349194;0;1;;"test0";7563;8635424
161;-1770237693;true;0.004001587392349194;0;1;;"test0";7;8635424
161;-2005012263;true;0.004001587392349194;0;1;;"test0";9786;8635424
161;1136989922;true;0.004001587392349194;0;1;;"test0";8261;8635424
162;1960472900;false;-1;0;1;;"test0";NaN;8709523
162;1773061169;true;0.002864412475396457;0;1;;"test0";10372;8709523
162;228372691;true;0.002864412475396457;0;1;;"test0";9989;8709523
162;172284863;true;0.003003432494279176;0;1;;"test0";10159;8709523
162;107572846;true;0.0034358051730265654;0;1;;"test0";10830;8709523
162;-450957891;true;0.0034358051730265654;0;1;;"test0";9953;8709523
162;-1392631854;true;0.0034358051730265654;0;1;;"test0";8238;8709523
162;474266910;true;0.0034358051730265654;0;1;;"test0";9986;8709523
162;1777079617;true;0.0034523666030999104;0;1;;"test0";9425;8709523
162;1601924923;true;0.003460463694664414;0;1;;"test0";9921;8709523
162;470586043;true;0.0034713908968294696;0;1;;"test0";8407;8709523
162;1437320334;true;0.003557586116000347;0;1;;"test0";9857;8709523
162;1889230814;true;0.003575247464352792;0;1;;"test0";7417;8709523
162;1062539084;true;0.0035753273099229823;0;1;;"test0";8769;8709523
162;-1772965372;true;0.0035753273099229823;0;1;;"test0";10357;8709523
162;331808847;true;0.003575702931616351;0;1;;"test0";8343;8709523
162;-16791330;true;0.0035774849907312407;0;1;;"test0";8591;8709523
162;1173832126;true;0.003595186165254495;0;1;;"test0";10102;8709523
162;751574248;true;0.0035994427202612617;0;1;;"test0";10104;8709523
162;347715376;true;0.0038091741485492808;0;1;;"test0";8180;8709523
162;-1149668910;true;0.0038091741485492808;0;1;;"test0";10448;8709523
162;439795362;true;0.0038091741485492808;0;1;;"test0";9942;8709523
162;-270315557;true;0.0038091741485492808;0;1;;"test0";10294;8709523
162;-354645280;true;0.0038092274555293227;0;1;;"test0";8760;8709523
162;-1526257298;true;0.0038092274555293227;0;1;;"test0";9856;8709523
162;1746012925;true;0.003818086700527496;0;1;;"test0";9720;8709523
162;-1260139557;true;0.003818086700527496;0;1;;"test0";7454;8709523
162;-175450888;true;0.003818086700527496;0;1;;"test0";10103;8709523
162;1746012925;true;0.003818086700527496;0;1;;"test0";10647;8709523
162;197446835;true;0.0038186016766937067;0;1;;"test0";9064;8709523
162;982538684;true;0.0038186016766937067;0;1;;"test0";9072;8709523
162;-1102752487;true;0.003886592346508793;0;1;;"test0";9650;8709523
162;822605862;true;0.003886592346508793;0;1;;"test0";10238;8709523
162;-1770298556;true;0.003886592346508793;0;1;;"test0";10373;8709523
162;-1180443218;true;0.003886592346508793;0;1;;"test0";10791;8709523
162;822605862;true;0.003886592346508793;0;1;;"test0";9723;8709523
162;822605862;true;0.003886592346508793;0;1;;"test0";8527;8709523
162;-869089418;true;0.003890633952580125;0;1;;"test0";9126;8709523
162;379582876;true;0.003890633952580125;0;1;;"test0";10209;8709523
162;262103614;true;0.00397508597276459;0;1;;"test0";9743;8709523
162;199354067;true;0.004000321967775602;0;1;;"test0";9044;8709523
162;-1846605522;true;0.004000321967775602;0;1;;"test0";8591;8709523
162;1471289080;true;0.004000321967775602;0;1;;"test0";7763;8709523
162;1028244285;true;0.004001587392349194;0;1;;"test0";9712;8709523
162;705162738;true;0.004001587392349194;0;1;;"test0";9079;8709523
162;-428333766;true;0.004001587392349194;0;1;;"test0";8999;8709523
162;-2181319;true;0.004001587392349194;0;1;;"test0";10335;8709523
162;-1691472168;true;0.004001587392349194;0;1;;"test0";8053;8709523
162;1136989922;true;0.004001587392349194;0;1;;"test0";1;8709523
162;-2005012263;true;0.004001587392349194;0;1;;"test0";1;8709523
163;-1579171133;true;0.00286427732079906;0;1;;"test0";9745;8768367
163;-689341389;true;0.00286427732079906;0;1;;"test0";8658;8768367
163;-450957891;true;0.0034358051730265654;0;1;;"test0";7953;8768367
163;1827006400;true;0.0034358051730265654;0;1;;"test0";6668;8768367
163;1601924923;true;0.003460463694664414;0;1;;"test0";9635;8768367
163;1601924923;true;0.003460463694664414;0;1;;"test0";9353;8768367
163;1808195021;true;0.0034713908968294696;0;1;;"test0";8778;8768367
163;470586043;true;0.0034713908968294696;0;1;;"test0";7042;8768367
163;2068038520;true;0.003575247464352792;0;1;;"test0";10190;8768367
163;1889230814;true;0.003575247464352792;0;1;;"test0";10265;8768367
163;1889230814;true;0.003575247464352792;0;1;;"test0";9191;8768367
163;-1772965372;true;0.0035753273099229823;0;1;;"test0";10791;8768367
163;1919167499;true;0.0035774849907312407;0;1;;"test0";9210;8768367
163;-1237164337;true;0.0035774849907312407;0;1;;"test0";8542;8768367
163;-791436629;true;0.0035950946616978906;0;1;;"test0";8729;8768367
163;-1911980408;true;0.0035968267186548704;0;1;;"test0";9811;8768367
163;-895512182;true;0.0035968267186548704;0;1;;"test0";10382;8768367
163;1520323230;true;0.0035994427202612617;0;1;;"test0";7814;8768367
163;1707872954;true;0.0035994427202612617;0;1;;"test0";8243;8768367
163;751574248;true;0.0035994427202612617;0;1;;"test0";9958;8768367
163;751574248;true;0.0035994427202612617;0;1;;"test0";7201;8768367
163;1009850908;true;0.0035994427202612617;0;1;;"test0";8599;8768367
163;-245291020;true;0.0035994427202612617;0;1;;"test0";9948;8768367
163;812447197;true;0.003796113882157877;0;1;;"test0";10278;8768367
163;-1090605209;true;0.003796113882157877;0;1;;"test0";8217;8768367
163;439795362;true;0.0038091741485492808;0;1;;"test0";9360;8768367
163;-1379968468;true;0.0038092274555293227;0;1;;"test0";7335;8768367
163;-354645280;true;0.0038092274555293227;0;1;;"test0";8922;8768367
163;-354645280;true;0.0038092274555293227;0;1;;"test0";8401;8768367
163;1746012925;true;0.003818086700527496;0;1;;"test0";8933;8768367
163;1757282404;true;0.003818086700527496;0;1;;"test0";8927;8768367
163;1410681514;true;0.0038186016766937067;0;1;;"test0";7798;8768367
163;197446835;true;0.0038186016766937067;0;1;;"test0";9472;8768367
163;982538684;true;0.0038186016766937067;0;1;;"test0";7497;8768367
163;-1311964409;true;0.0038186016766937067;0;1;;"test0";9172;8768367
163;-1490504397;true;0.003886592346508793;0;1;;"test0";8911;8768367
163;900966074;true;0.003886592346508793;0;1;;"test0";9014;8768367
163;1572929399;true;0.003890633952580125;0;1;;"test0";8417;8768367
163;1471289080;true;0.004000321967775602;0;1;;"test0";6771;8768367
163;-233420955;true;0.004000321967775602;0;1;;"test0";8877;8768367
163;1471289080;true;0.004000321967775602;0;1;;"test0";10462;8768367
163;705162738;true;0.004001587392349194;0;1;;"test0";8378;8768367
163;1816538464;true;0.004001587392349194;0;1;;"test0";9292;8768367
163;1272067771;true;0.004001587392349194;0;1;;"test0";10353;8768367
163;705162738;true;0.004001587392349194;0;1;;"test0";8711;8768367
163;2004558786;true;0.004001587392349194;0;1;;"test0";9684;8768367
163;958924234;true;0.004001587392349194;0;1;;"test0";8889;8768367
163;-2005012263;true;0.004001587392349194;0;1;;"test0";10638;8768367
163;1136989922;true;0.004001587392349194;0;1;;"test0";2;8768367
164;-1379968468;false;-1;0;1;;"test0";NaN;8846633
164;883384191;false;-1;0;1;;"test0";NaN;8846633
164;-2053662021;false;-1;0;1;;"test0";NaN;8846633
164;-450957891;true;0.0034358051730265654;0;1;;"test0";10758;8846633
164;-1997428324;true;0.0034358051730265654;0;1;;"test0";10330;8846633
164;-50374004;true;0.003460463694664414;0;1;;"test0";7605;8846633
164;1345795728;true;0.003464801141351096;0;1;;"test0";10056;8846633
164;-1019684534;true;0.0034653587019573434;0;1;;"test0";8816;8846633
164;1808195021;true;0.0034713908968294696;0;1;;"test0";10085;8846633
164;1657969699;true;0.003575247464352792;0;1;;"test0";8001;8846633
164;184116541;true;0.003575247464352792;0;1;;"test0";9094;8846633
164;-1130758588;true;0.003575247464352792;0;1;;"test0";8681;8846633
164;1889230814;true;0.003575247464352792;0;1;;"test0";9933;8846633
164;-1410676289;true;0.0035968267186548704;0;1;;"test0";10032;8846633
164;1814865578;true;0.0035994427202612617;0;1;;"test0";8050;8846633
164;-1073824098;true;0.0035994427202612617;0;1;;"test0";10366;8846633
164;-1710580845;true;0.0035994427202612617;0;1;;"test0";9813;8846633
164;-1090605209;true;0.003796113882157877;0;1;;"test0";5076;8846633
164;812447197;true;0.003796113882157877;0;1;;"test0";8762;8846633
164;812447197;true;0.003796113882157877;0;1;;"test0";8613;8846633
164;-1713386350;true;0.003796113882157877;0;1;;"test0";8642;8846633
164;439795362;true;0.0038091741485492808;0;1;;"test0";10247;8846633
164;2081584787;true;0.0038091741485492808;0;1;;"test0";9589;8846633
164;-157028704;true;0.0038091741485492808;0;1;;"test0";8597;8846633
164;-485118675;true;0.0038092274555293227;0;1;;"test0";9865;8846633
164;-354645280;true;0.0038092274555293227;0;1;;"test0";9604;8846633
164;896939893;true;0.0038092274555293227;0;1;;"test0";10739;8846633
164;900966074;true;0.003886592346508793;0;1;;"test0";9662;8846633
164;19768123;true;0.003886592346508793;0;1;;"test0";8636;8846633
164;1482155163;true;0.003886592346508793;0;1;;"test0";7570;8846633
164;900966074;true;0.003886592346508793;0;1;;"test0";10594;8846633
164;-331373418;true;0.003889494001552823;0;1;;"test0";8477;8846633
164;1572929399;true;0.003890633952580125;0;1;;"test0";7692;8846633
164;1572929399;true;0.003890633952580125;0;1;;"test0";7349;8846633
164;99028267;true;0.00397508597276459;0;1;;"test0";10286;8846633
164;1471289080;true;0.004000321967775602;0;1;;"test0";6546;8846633
164;754038510;true;0.004000321967775602;0;1;;"test0";7990;8846633
164;-920064112;true;0.004000321967775602;0;1;;"test0";10530;8846633
164;-664695121;true;0.004000321967775602;0;1;;"test0";9441;8846633
164;964963630;true;0.004000321967775602;0;1;;"test0";9324;8846633
164;-2005012263;true;0.004001587392349194;0;1;;"test0";6976;8846633
164;-1405652177;true;0.004001587392349194;0;1;;"test0";10306;8846633
164;-723429448;true;0.004001587392349194;0;1;;"test0";10428;8846633
164;1272067771;true;0.004001587392349194;0;1;;"test0";8309;8846633
164;1811895731;true;0.004001587392349194;0;1;;"test0";8757;8846633
164;-821184275;true;0.004001587392349194;0;1;;"test0";10833;8846633
164;1075483827;true;0.004001587392349194;0;1;;"test0";8014;8846633
164;1136989922;true;0.004001587392349194;0;1;;"test0";2;8846633
164;-2133717318;true;0.004001587392349194;0;1;;"test0";7782;8846633
165;-553142798;true;0.002002288329519451;0;1;;"test0";10373;8906388
165;417716451;true;0.003003432494279176;0;1;;"test0";9947;8906388
165;-50374004;true;0.003460463694664414;0;1;;"test0";10104;8906388
165;-1621799089;true;0.003575247464352792;0;1;;"test0";9408;8906388
165;-87573763;true;0.0035994427202612617;0;1;;"test0";9057;8906388
165;390645610;true;0.0035994427202612617;0;1;;"test0";9892;8906388
165;1955975425;true;0.0035994427202612617;0;1;;"test0";9496;8906388
165;-954763896;true;0.0035994427202612617;0;1;;"test0";7145;8906388
165;2145476810;true;0.0035994427202612617;0;1;;"test0";9354;8906388
165;-5069320;true;0.003600011284781134;0;1;;"test0";9994;8906388
165;11547278;true;0.003796113882157877;0;1;;"test0";9534;8906388
165;-756482093;true;0.003796113882157877;0;1;;"test0";9944;8906388
165;991096120;true;0.003796113882157877;0;1;;"test0";10026;8906388
165;-1090605209;true;0.003796113882157877;0;1;;"test0";8858;8906388
165;-601118317;true;0.003796113882157877;0;1;;"test0";10017;8906388
165;-796122818;true;0.003796113882157877;0;1;;"test0";9997;8906388
165;1283015801;true;0.003796113882157877;0;1;;"test0";10024;8906388
165;-917870280;true;0.0038091741485492808;0;1;;"test0";7075;8906388
165;2016825918;true;0.0038091741485492808;0;1;;"test0";8759;8906388
165;-106288906;true;0.0038091741485492808;0;1;;"test0";8256;8906388
165;2081584787;true;0.0038091741485492808;0;1;;"test0";7777;8906388
165;2091223888;true;0.0038091741485492808;0;1;;"test0";9245;8906388
165;-26318550;true;0.0038091741485492808;0;1;;"test0";10755;8906388
165;-135450748;true;0.0038092274555293227;0;1;;"test0";10529;8906388
165;410223187;true;0.0038092274555293227;0;1;;"test0";8474;8906388
165;-1116783962;true;0.003886592346508793;0;1;;"test0";9156;8906388
165;343981486;true;0.0038870282335081445;0;1;;"test0";8739;8906388
165;-1299361751;true;0.003889494001552823;0;1;;"test0";7982;8906388
165;-331373418;true;0.003889494001552823;0;1;;"test0";7676;8906388
165;-1194276579;true;0.003890633952580125;0;1;;"test0";8482;8906388
165;882433177;true;0.003890633952580125;0;1;;"test0";8399;8906388
165;1572929399;true;0.003890633952580125;0;1;;"test0";10285;8906388
165;-2064772051;true;0.003890633952580125;0;1;;"test0";7609;8906388
165;-496025715;true;0.003913266193946688;0;1;;"test0";9241;8906388
165;1471289080;true;0.004000321967775602;0;1;;"test0";10013;8906388
165;964963630;true;0.004000321967775602;0;1;;"test0";9296;8906388
165;754038510;true;0.004000321967775602;0;1;;"test0";10814;8906388
165;754038510;true;0.004000321967775602;0;1;;"test0";9202;8906388
165;-1381491243;true;0.004000321967775602;0;1;;"test0";10192;8906388
165;1075483827;true;0.004001587392349194;0;1;;"test0";8503;8906388
165;-271291069;true;0.004001587392349194;0;1;;"test0";9565;8906388
165;-2005012263;true;0.004001587392349194;0;1;;"test0";9437;8906388
165;1136989922;true;0.004001587392349194;0;1;;"test0";1;8906388
165;-1405652177;true;0.004001587392349194;0;1;;"test0";8610;8906388
165;782595867;true;0.004001587392349194;0;1;;"test0";9416;8906388
165;-1598983309;true;0.004001587392349194;0;1;;"test0";10219;8906388
165;-1730201637;true;0.004001587392349194;0;1;;"test0";8929;8906388
165;-1279740929;true;0.004001587392349194;0;1;;"test0";7448;8906388
165;-2133717318;true;0.004001587392349194;0;1;;"test0";2;8906388
165;-1405652177;true;0.004001587392349194;0;1;;"test0";8343;8906388
166;-344918808;true;0.003442488365561788;0;1;;"test0";10274;8966395
166;-465293163;true;0.0035738497148976606;0;1;;"test0";7499;8966395
166;-1000844296;true;0.0035854007793519123;0;1;;"test0";9177;8966395
166;-1270159431;true;0.0035994427202612617;0;1;;"test0";8724;8966395
166;1494702166;true;0.0035994427202612617;0;1;;"test0";9784;8966395
166;1790046311;true;0.0035994427202612617;0;1;;"test0";10353;8966395
166;1127554264;true;0.0035994427202612617;0;1;;"test0";10783;8966395
166;-585907042;true;0.0035994427202612617;0;1;;"test0";10036;8966395
166;-607921553;true;0.003600011284781134;0;1;;"test0";10461;8966395
166;1357917101;true;0.003600011284781134;0;1;;"test0";10654;8966395
166;299229410;true;0.003600011284781134;0;1;;"test0";9779;8966395
166;-5069320;true;0.003600011284781134;0;1;;"test0";9402;8966395
166;2016825918;true;0.0038091741485492808;0;1;;"test0";10236;8966395
166;972981181;true;0.0038091741485492808;0;1;;"test0";10777;8966395
166;-26318550;true;0.0038091741485492808;0;1;;"test0";10103;8966395
166;-26318550;true;0.0038091741485492808;0;1;;"test0";9277;8966395
166;582960619;true;0.0038091741485492808;0;1;;"test0";8800;8966395
166;1884392758;true;0.0038092274555293227;0;1;;"test0";9151;8966395
166;-510325639;true;0.0038092274555293227;0;1;;"test0";8346;8966395
166;609666451;true;0.003886592346508793;0;1;;"test0";8073;8966395
166;-1116783962;true;0.003886592346508793;0;1;;"test0";9866;8966395
166;-1116783962;true;0.003886592346508793;0;1;;"test0";7586;8966395
166;343981486;true;0.0038870282335081445;0;1;;"test0";7813;8966395
166;343981486;true;0.0038870282335081445;0;1;;"test0";6069;8966395
166;-1299361751;true;0.003889494001552823;0;1;;"test0";10530;8966395
166;-1665525797;true;0.003889494001552823;0;1;;"test0";10457;8966395
166;-1204895955;true;0.003913266193946688;0;1;;"test0";10762;8966395
166;-496025715;true;0.003913266193946688;0;1;;"test0";10117;8966395
166;147252462;true;0.003913266193946688;0;1;;"test0";10196;8966395
166;-2001417089;true;0.003913266193946688;0;1;;"test0";7054;8966395
166;-1535783385;true;0.003913266193946688;0;1;;"test0";9959;8966395
166;1608064025;true;0.003913266193946688;0;1;;"test0";6013;8966395
166;-496025715;true;0.003913266193946688;0;1;;"test0";8120;8966395
166;-496025715;true;0.003913266193946688;0;1;;"test0";9685;8966395
166;-173542856;true;0.004000321967775602;0;1;;"test0";9372;8966395
166;964963630;true;0.004000321967775602;0;1;;"test0";9870;8966395
166;754038510;true;0.004000321967775602;0;1;;"test0";8622;8966395
166;-1086912532;true;0.004000321967775602;0;1;;"test0";9718;8966395
166;2072555989;true;0.004000321967775602;0;1;;"test0";7719;8966395
166;754038510;true;0.004000321967775602;0;1;;"test0";7726;8966395
166;-651906281;true;0.004001587392349194;0;1;;"test0";9422;8966395
166;-1781999362;true;0.004001587392349194;0;1;;"test0";9847;8966395
166;191650797;true;0.004001587392349194;0;1;;"test0";7826;8966395
166;638744573;true;0.004001587392349194;0;1;;"test0";9671;8966395
166;1944991919;true;0.004001587392349194;0;1;;"test0";9230;8966395
166;-1405652177;true;0.004001587392349194;0;1;;"test0";2;8966395
166;-1279740929;true;0.004001587392349194;0;1;;"test0";7630;8966395
166;-20981077;true;0.004001587392349194;0;1;;"test0";9436;8966395
166;-2045835175;true;0.004001587392349194;0;1;;"test0";10693;8966395
166;-2133717318;true;0.004001587392349194;0;1;;"test0";2;8966395
167;-1249497865;false;-1;0;1;;"test0";NaN;9033080
167;-2060443252;true;0.002002288329519451;0;1;;"test0";7694;9033080
167;-127028655;true;0.00286427732079906;0;1;;"test0";7932;9033080
167;-888589875;true;0.0035826441675335234;0;1;;"test0";8650;9033080
167;1637602491;true;0.0035854501706100244;0;1;;"test0";8749;9033080
167;-585907042;true;0.0035994427202612617;0;1;;"test0";9153;9033080
167;1458759362;true;0.0035994427202612617;0;1;;"test0";9632;9033080
167;-720652304;true;0.0035994427202612617;0;1;;"test0";9415;9033080
167;-1414915134;true;0.0035994427202612617;0;1;;"test0";9581;9033080
167;-411280741;true;0.0035994427202612617;0;1;;"test0";9821;9033080
167;403689816;true;0.0035994427202612617;0;1;;"test0";10356;9033080
167;-94292233;true;0.0035994427202612617;0;1;;"test0";9397;9033080
167;-1202407814;true;0.0035994427202612617;0;1;;"test0";9160;9033080
167;-5069320;true;0.003600011284781134;0;1;;"test0";10330;9033080
167;1822562563;true;0.003796113882157877;0;1;;"test0";10361;9033080
167;-446876337;true;0.0038092274555293227;0;1;;"test0";7672;9033080
167;1884392758;true;0.0038092274555293227;0;1;;"test0";7746;9033080
167;-1082617201;true;0.0038092274555293227;0;1;;"test0";7314;9033080
167;-510325639;true;0.0038092274555293227;0;1;;"test0";8825;9033080
167;111434066;true;0.0038092274555293227;0;1;;"test0";8417;9033080
167;132485750;true;0.003886592346508793;0;1;;"test0";8669;9033080
167;-1116783962;true;0.003886592346508793;0;1;;"test0";10133;9033080
167;-79143681;true;0.003886592346508793;0;1;;"test0";7690;9033080
167;609666451;true;0.003886592346508793;0;1;;"test0";9317;9033080
167;-1781497100;true;0.0038870282335081445;0;1;;"test0";9600;9033080
167;1255074676;true;0.0038870282335081445;0;1;;"test0";8394;9033080
167;-1094962554;true;0.0038870282335081445;0;1;;"test0";10519;9033080
167;1791745458;true;0.0038870282335081445;0;1;;"test0";9605;9033080
167;343981486;true;0.0038870282335081445;0;1;;"test0";10334;9033080
167;904316747;true;0.003889494001552823;0;1;;"test0";4880;9033080
167;-1299361751;true;0.003889494001552823;0;1;;"test0";9544;9033080
167;-428708631;true;0.003889494001552823;0;1;;"test0";9639;9033080
167;-1299361751;true;0.003889494001552823;0;1;;"test0";9192;9033080
167;-1665525797;true;0.003889494001552823;0;1;;"test0";9674;9033080
167;640914553;true;0.003890633952580125;0;1;;"test0";9325;9033080
167;414123876;true;0.003913266193946688;0;1;;"test0";9037;9033080
167;185846747;true;0.003913865646840559;0;1;;"test0";8958;9033080
167;1987188763;true;0.00397508597276459;0;1;;"test0";8813;9033080
167;-1870938854;true;0.00397508597276459;0;1;;"test0";7768;9033080
167;1529043502;true;0.003976110182310492;0;1;;"test0";9564;9033080
167;-1816250444;true;0.004000321967775602;0;1;;"test0";9509;9033080
167;-173542856;true;0.004000321967775602;0;1;;"test0";10442;9033080
167;-1570117131;true;0.004000321967775602;0;1;;"test0";9861;9033080
167;-173542856;true;0.004000321967775602;0;1;;"test0";10598;9033080
167;-1153765936;true;0.004000321967775602;0;1;;"test0";9349;9033080
167;-1086912532;true;0.004000321967775602;0;1;;"test0";10312;9033080
167;-651906281;true;0.004001587392349194;0;1;;"test0";9045;9033080
167;-1781999362;true;0.004001587392349194;0;1;;"test0";9671;9033080
167;-2045835175;true;0.004001587392349194;0;1;;"test0";1;9033080
167;-2133717318;true;0.004001587392349194;0;1;;"test0";2;9033080
168;-1996148428;false;-1;0;1;;"test0";NaN;9095924
168;-1203862045;true;0.00286427732079906;0;1;;"test0";7334;9095924
168;74486276;true;0.002866698518872432;0;1;;"test0";9237;9095924
168;-253795918;true;0.003003432494279176;0;1;;"test0";6137;9095924
168;799379455;true;0.003446771860647585;0;1;;"test0";9902;9095924
168;2110277195;true;0.00345049114166193;0;1;;"test0";7989;9095924
168;1978398955;true;0.003582585793880666;0;1;;"test0";10484;9095924
168;1637602491;true;0.0035854501706100244;0;1;;"test0";7887;9095924
168;1637602491;true;0.0035854501706100244;0;1;;"test0";7260;9095924
168;1173052802;true;0.0035854501706100244;0;1;;"test0";7932;9095924
168;1637602491;true;0.0035854501706100244;0;1;;"test0";9390;9095924
168;-1949147052;true;0.0035994427202612617;0;1;;"test0";8627;9095924
168;-1146106456;true;0.0035994427202612617;0;1;;"test0";8279;9095924
168;-212404256;true;0.0035994427202612617;0;1;;"test0";7861;9095924
168;-1414915134;true;0.0035994427202612617;0;1;;"test0";7838;9095924
168;-1089889606;true;0.003600011284781134;0;1;;"test0";8731;9095924
168;-5069320;true;0.003600011284781134;0;1;;"test0";8729;9095924
168;-1788539051;true;0.003796113882157877;0;1;;"test0";7705;9095924
168;1822562563;true;0.003796113882157877;0;1;;"test0";10757;9095924
168;435885356;true;0.003796113882157877;0;1;;"test0";10573;9095924
168;-1082617201;true;0.0038092274555293227;0;1;;"test0";7839;9095924
168;-1082617201;true;0.0038092274555293227;0;1;;"test0";8991;9095924
168;-1716357159;true;0.003886592346508793;0;1;;"test0";10664;9095924
168;-1945926165;true;0.003886592346508793;0;1;;"test0";9052;9095924
168;640914553;true;0.003890633952580125;0;1;;"test0";7755;9095924
168;1938027996;true;0.003890633952580125;0;1;;"test0";7370;9095924
168;784515053;true;0.003890633952580125;0;1;;"test0";8425;9095924
168;-2055660152;true;0.003890633952580125;0;1;;"test0";7480;9095924
168;414123876;true;0.003913266193946688;0;1;;"test0";9906;9095924
168;-1052228905;true;0.003913266193946688;0;1;;"test0";9228;9095924
168;2026441993;true;0.003913266193946688;0;1;;"test0";9904;9095924
168;185846747;true;0.003913865646840559;0;1;;"test0";8574;9095924
168;724574647;true;0.00397508597276459;0;1;;"test0";8444;9095924
168;1529043502;true;0.003976110182310492;0;1;;"test0";10291;9095924
168;-1114042258;true;0.003976110182310492;0;1;;"test0";10276;9095924
168;-1295221022;true;0.003995218493847514;0;1;;"test0";7491;9095924
168;-1570117131;true;0.004000321967775602;0;1;;"test0";9540;9095924
168;-1570117131;true;0.004000321967775602;0;1;;"test0";10563;9095924
168;-766795088;true;0.004000321967775602;0;1;;"test0";10177;9095924
168;-76511512;true;0.004000321967775602;0;1;;"test0";8435;9095924
168;-1180023820;true;0.004001587392349194;0;1;;"test0";7729;9095924
168;-2045835175;true;0.004001587392349194;0;1;;"test0";2;9095924
168;-291192067;true;0.004001587392349194;0;1;;"test0";9643;9095924
168;-2133717318;true;0.004001587392349194;0;1;;"test0";8622;9095924
168;-651906281;true;0.004001587392349194;0;1;;"test0";7059;9095924
168;-1781999362;true;0.004001587392349194;0;1;;"test0";9800;9095924
168;-1041161071;true;0.004001587392349194;0;1;;"test0";8737;9095924
168;-668709371;true;0.004001587392349194;0;1;;"test0";8718;9095924
168;-1781999362;true;0.004001587392349194;0;1;;"test0";10871;9095924
169;-5069320;false;-1;0;1;;"test0";NaN;9164287
169;-1929183689;true;0.002574370709382151;0;1;;"test0";8468;9164287
169;-1097208638;true;0.0035671428515637728;0;1;;"test0";9443;9164287
169;718681823;true;0.0035753273099229823;0;1;;"test0";9632;9164287
169;1881910726;true;0.003582585793880666;0;1;;"test0";8635;9164287
169;-1243984402;true;0.0035826441675335234;0;1;;"test0";8289;9164287
169;-229311749;true;0.0035994427202612617;0;1;;"test0";9170;9164287
169;-690051867;true;0.0035994427202612617;0;1;;"test0";10590;9164287
169;-5069320;true;0.003600011284781134;0;1;;"test0";10603;9164287
169;1224195189;true;0.003796113882157877;0;1;;"test0";10363;9164287
169;-1423619822;true;0.003796113882157877;0;1;;"test0";11132;9164287
169;-891921140;true;0.003796113882157877;0;1;;"test0";10627;9164287
169;-1684223035;true;0.0038092274555293227;0;1;;"test0";8480;9164287
169;-53432714;true;0.003886592346508793;0;1;;"test0";10143;9164287
169;-1614735928;true;0.0038870282335081445;0;1;;"test0";9746;9164287
169;-2055660152;true;0.003890633952580125;0;1;;"test0";8672;9164287
169;-2055660152;true;0.003890633952580125;0;1;;"test0";8385;9164287
169;-1672259352;true;0.003913266193946688;0;1;;"test0";9511;9164287
169;2026441993;true;0.003913266193946688;0;1;;"test0";9715;9164287
169;383856794;true;0.003913865646840559;0;1;;"test0";10339;9164287
169;619683734;true;0.003913865646840559;0;1;;"test0";10964;9164287
169;1558002083;true;0.003913865646840559;0;1;;"test0";9712;9164287
169;724574647;true;0.00397508597276459;0;1;;"test0";9684;9164287
169;-940732066;true;0.00397508597276459;0;1;;"test0";9020;9164287
169;937872575;true;0.00397508597276459;0;1;;"test0";9842;9164287
169;-1113978264;true;0.00397508597276459;0;1;;"test0";10474;9164287
169;-1128070353;true;0.00397508597276459;0;1;;"test0";8676;9164287
169;1574068735;true;0.00397508597276459;0;1;;"test0";8354;9164287
169;1797139811;true;0.003976110182310492;0;1;;"test0";6796;9164287
169;-1114042258;true;0.003976110182310492;0;1;;"test0";9089;9164287
169;-1114042258;true;0.003976110182310492;0;1;;"test0";9101;9164287
169;1753297828;true;0.003976110182310492;0;1;;"test0";9765;9164287
169;-1709295580;true;0.003976110182310492;0;1;;"test0";10180;9164287
169;1529043502;true;0.003976110182310492;0;1;;"test0";9893;9164287
169;-1995597917;true;0.003976110182310492;0;1;;"test0";8994;9164287
169;1947578238;true;0.003976110182310492;0;1;;"test0";9600;9164287
169;-1889068849;true;0.003976110182310492;0;1;;"test0";4878;9164287
169;-629445310;true;0.004000321967775602;0;1;;"test0";10310;9164287
169;1492938832;true;0.004000321967775602;0;1;;"test0";8251;9164287
169;-1074013603;true;0.004000321967775602;0;1;;"test0";9141;9164287
169;683139262;true;0.004000321967775602;0;1;;"test0";9016;9164287
169;-28452267;true;0.004000321967775602;0;1;;"test0";10606;9164287
169;1122862531;true;0.004000321967775602;0;1;;"test0";9969;9164287
169;1857560959;true;0.004000321967775602;0;1;;"test0";10219;9164287
169;1005541625;true;0.004000321967775602;0;1;;"test0";10609;9164287
169;841954679;true;0.004000321967775602;0;1;;"test0";10427;9164287
169;1268996432;true;0.004001587392349194;0;1;;"test0";9687;9164287
169;-1781999362;true;0.004001587392349194;0;1;;"test0";2;9164287
169;979404901;true;0.004001587392349194;0;1;;"test0";9238;9164287
169;-668709371;true;0.004001587392349194;0;1;;"test0";2;9164287
170;266103380;false;-1;0;1;;"test0";NaN;9229834
170;-1813592347;true;0.002002288329519451;0;1;;"test0";9040;9229834
170;850818695;true;0.002574370709382151;0;1;;"test0";9119;9229834
170;-227910823;true;0.00286427732079906;0;1;;"test0";11210;9229834
170;-241156650;true;0.003003432494279176;0;1;;"test0";8850;9229834
170;-1639194355;true;0.00345049114166193;0;1;;"test0";9675;9229834
170;-1097208638;true;0.0035671428515637728;0;1;;"test0";9083;9229834
170;1642918317;true;0.0035753273099229823;0;1;;"test0";10042;9229834
170;93625399;true;0.0035753273099229823;0;1;;"test0";9420;9229834
170;39835970;true;0.0035757408571117;0;1;;"test0";8695;9229834
170;1881910726;true;0.003582585793880666;0;1;;"test0";9603;9229834
170;1660921880;true;0.003582585793880666;0;1;;"test0";9140;9229834
170;-2144629035;true;0.0035854501706100244;0;1;;"test0";8652;9229834
170;-291050977;true;0.003592487619084591;0;1;;"test0";8185;9229834
170;-1943057672;true;0.0035994427202612617;0;1;;"test0";8925;9229834
170;1977128750;true;0.0035994427202612617;0;1;;"test0";9587;9229834
170;-5069320;true;0.003600011284781134;0;1;;"test0";8377;9229834
170;-1041404796;true;0.003796113882157877;0;1;;"test0";9263;9229834
170;978119576;true;0.003796113882157877;0;1;;"test0";7663;9229834
170;1224195189;true;0.003796113882157877;0;1;;"test0";9916;9229834
170;-1765445541;true;0.003796113882157877;0;1;;"test0";9190;9229834
170;-130381195;true;0.003886592346508793;0;1;;"test0";11150;9229834
170;-53432714;true;0.003886592346508793;0;1;;"test0";10168;9229834
170;-1614735928;true;0.0038870282335081445;0;1;;"test0";8902;9229834
170;723735952;true;0.003889494001552823;0;1;;"test0";9266;9229834
170;-882978864;true;0.003890633952580125;0;1;;"test0";6148;9229834
170;-2055660152;true;0.003890633952580125;0;1;;"test0";8623;9229834
170;2026441993;true;0.003913266193946688;0;1;;"test0";9465;9229834
170;2026441993;true;0.003913266193946688;0;1;;"test0";9214;9229834
170;-1672259352;true;0.003913266193946688;0;1;;"test0";8489;9229834
170;-1515866452;true;0.003913865646840559;0;1;;"test0";8853;9229834
170;825067184;true;0.003913865646840559;0;1;;"test0";7283;9229834
170;-2002353321;true;0.003913865646840559;0;1;;"test0";7869;9229834
170;383856794;true;0.003913865646840559;0;1;;"test0";9953;9229834
170;1772465249;true;0.003913865646840559;0;1;;"test0";9324;9229834
170;1891683188;true;0.003913865646840559;0;1;;"test0";9613;9229834
170;-1889068849;true;0.003976110182310492;0;1;;"test0";9354;9229834
170;-1558247749;true;0.003976110182310492;0;1;;"test0";8327;9229834
170;-1344493447;true;0.004000321967775602;0;1;;"test0";8664;9229834
170;841954679;true;0.004000321967775602;0;1;;"test0";8774;9229834
170;1005541625;true;0.004000321967775602;0;1;;"test0";9237;9229834
170;1492938832;true;0.004000321967775602;0;1;;"test0";8837;9229834
170;841954679;true;0.004000321967775602;0;1;;"test0";8147;9229834
170;1857560959;true;0.004000321967775602;0;1;;"test0";9842;9229834
170;-1216362527;true;0.004000321967775602;0;1;;"test0";10236;9229834
170;630734485;true;0.004000321967775602;0;1;;"test0";10143;9229834
170;-787818969;true;0.004000321967775602;0;1;;"test0";7668;9229834
170;909658679;true;0.004001587392349194;0;1;;"test0";8335;9229834
170;-668709371;true;0.004001587392349194;0;1;;"test0";2;9229834
170;979404901;true;0.004001587392349194;0;1;;"test0";2;9229834
171;697156357;true;0.00286427732079906;0;1;;"test0";9554;9294007
171;-1623599006;true;0.00286427732079906;0;1;;"test0";9407;9294007
171;2022188579;true;0.00286427732079906;0;1;;"test0";9628;9294007
171;-1890870954;true;0.00286427732079906;0;1;;"test0";8532;9294007
171;-1248399791;true;0.00286427732079906;0;1;;"test0";11252;9294007
171;1385086639;true;0.00286427732079906;0;1;;"test0";11117;9294007
171;1264234688;true;0.002866698518872432;0;1;;"test0";10101;9294007
171;-1859996739;true;0.00345049114166193;0;1;;"test0";9827;9294007
171;-1637527202;true;0.00345049114166193;0;1;;"test0";9579;9294007
171;-710837081;true;0.003575247464352792;0;1;;"test0";9672;9294007
171;1642918317;true;0.0035753273099229823;0;1;;"test0";7740;9294007
171;-1939378109;true;0.0035774849907312407;0;1;;"test0";7139;9294007
171;-187201811;true;0.003582585793880666;0;1;;"test0";10082;9294007
171;-797097775;true;0.003582585793880666;0;1;;"test0";9486;9294007
171;-2144629035;true;0.0035854501706100244;0;1;;"test0";9814;9294007
171;-792025399;true;0.0035854501706100244;0;1;;"test0";8240;9294007
171;1068699122;true;0.0035994427202612617;0;1;;"test0";7909;9294007
171;1005903632;true;0.0035994427202612617;0;1;;"test0";9607;9294007
171;1977128750;true;0.0035994427202612617;0;1;;"test0";9972;9294007
171;1316242680;true;0.003600011284781134;0;1;;"test0";9721;9294007
171;-1325201005;true;0.003600011284781134;0;1;;"test0";9794;9294007
171;1320826167;true;0.003796113882157877;0;1;;"test0";10352;9294007
171;312068588;true;0.003796113882157877;0;1;;"test0";9530;9294007
171;1090843058;true;0.003796113882157877;0;1;;"test0";9749;9294007
171;978119576;true;0.003796113882157877;0;1;;"test0";10268;9294007
171;-227212613;true;0.003833974619865195;0;1;;"test0";9661;9294007
171;-53432714;true;0.003886592346508793;0;1;;"test0";9060;9294007
171;-2129514529;true;0.003886592346508793;0;1;;"test0";9115;9294007
171;-1614735928;true;0.0038870282335081445;0;1;;"test0";8722;9294007
171;723735952;true;0.003889494001552823;0;1;;"test0";8497;9294007
171;723735952;true;0.003889494001552823;0;1;;"test0";8030;9294007
171;945833490;true;0.003889494001552823;0;1;;"test0";10017;9294007
171;-1180660329;true;0.003890633952580125;0;1;;"test0";9692;9294007
171;963447466;true;0.003890633952580125;0;1;;"test0";9230;9294007
171;-2110443675;true;0.003913266193946688;0;1;;"test0";10042;9294007
171;810334261;true;0.003913266193946688;0;1;;"test0";9268;9294007
171;2026441993;true;0.003913266193946688;0;1;;"test0";9888;9294007
171;789649826;true;0.003915701386771361;0;1;;"test0";10081;9294007
171;84220984;true;0.00397508597276459;0;1;;"test0";8257;9294007
171;-1558247749;true;0.003976110182310492;0;1;;"test0";10184;9294007
171;58632696;true;0.003976110182310492;0;1;;"test0";10500;9294007
171;-1416977098;true;0.003976110182310492;0;1;;"test0";8340;9294007
171;-1956159079;true;0.003976110182310492;0;1;;"test0";11061;9294007
171;-1889068849;true;0.003976110182310492;0;1;;"test0";8695;9294007
171;1299592031;true;0.004000321967775602;0;1;;"test0";10914;9294007
171;1866204922;true;0.004000321967775602;0;1;;"test0";7161;9294007
171;630734485;true;0.004000321967775602;0;1;;"test0";11302;9294007
171;-668709371;true;0.004001587392349194;0;1;;"test0";4;9294007
171;-437995803;true;0.004001587392349194;0;1;;"test0";9533;9294007
171;979404901;true;0.004001587392349194;0;1;;"test0";1;9294007
172;561609622;true;0.002574370709382151;0;1;;"test0";9351;9355389
172;-828732005;true;0.003447807313428072;0;1;;"test0";9718;9355389
172;-2134022290;true;0.003582585793880666;0;1;;"test0";9825;9355389
172;-797097775;true;0.003582585793880666;0;1;;"test0";8688;9355389
172;-1968640408;true;0.003582585793880666;0;1;;"test0";9121;9355389
172;-1094868187;true;0.0035994427202612617;0;1;;"test0";8859;9355389
172;2040798088;true;0.003609568422335126;0;1;;"test0";10181;9355389
172;1090843058;true;0.003796113882157877;0;1;;"test0";10563;9355389
172;269563879;true;0.003796113882157877;0;1;;"test0";10360;9355389
172;-2110130420;true;0.003796113882157877;0;1;;"test0";10355;9355389
172;-1048881889;true;0.003796113882157877;0;1;;"test0";10658;9355389
172;-433566279;true;0.0038091741485492808;0;1;;"test0";8179;9355389
172;-1613625919;true;0.003833974619865195;0;1;;"test0";8660;9355389
172;74253666;true;0.003833974619865195;0;1;;"test0";8057;9355389
172;-101100010;true;0.003833974619865195;0;1;;"test0";9963;9355389
172;-1039732529;true;0.003833974619865195;0;1;;"test0";7930;9355389
172;-227212613;true;0.003833974619865195;0;1;;"test0";8969;9355389
172;-458088247;true;0.003833974619865195;0;1;;"test0";8545;9355389
172;-1591128739;true;0.003833974619865195;0;1;;"test0";10292;9355389
172;-227212613;true;0.003833974619865195;0;1;;"test0";9829;9355389
172;937439842;true;0.003834142671596543;0;1;;"test0";9762;9355389
172;-1614735928;true;0.0038870282335081445;0;1;;"test0";10180;9355389
172;278042426;true;0.0038870282335081445;0;1;;"test0";8062;9355389
172;613947412;true;0.0038870282335081445;0;1;;"test0";9635;9355389
172;-1614735928;true;0.0038870282335081445;0;1;;"test0";9936;9355389
172;343720990;true;0.0038870282335081445;0;1;;"test0";9165;9355389
172;-1685290709;true;0.0038870282335081445;0;1;;"test0";10452;9355389
172;-989290777;true;0.0038870282335081445;0;1;;"test0";9836;9355389
172;1465645311;true;0.003888361462862496;0;1;;"test0";10766;9355389
172;1281905890;true;0.003913266193946688;0;1;;"test0";11551;9355389
172;1909550675;true;0.003913266193946688;0;1;;"test0";7484;9355389
172;810334261;true;0.003913266193946688;0;1;;"test0";8381;9355389
172;808175231;true;0.003913266193946688;0;1;;"test0";10170;9355389
172;1714002806;true;0.003915701386771361;0;1;;"test0";8751;9355389
172;-1362401432;true;0.003973597077489206;0;1;;"test0";8086;9355389
172;84220984;true;0.00397508597276459;0;1;;"test0";9801;9355389
172;84220984;true;0.00397508597276459;0;1;;"test0";9532;9355389
172;-926208008;true;0.00397508597276459;0;1;;"test0";10361;9355389
172;-1686517285;true;0.00397508597276459;0;1;;"test0";9338;9355389
172;-1171713642;true;0.003976110182310492;0;1;;"test0";8148;9355389
172;534272097;true;0.003976110182310492;0;1;;"test0";10178;9355389
172;-1516189830;true;0.003976110182310492;0;1;;"test0";9931;9355389
172;1130335825;true;0.003976110182310492;0;1;;"test0";9238;9355389
172;-2025042274;true;0.003976110182310492;0;1;;"test0";10939;9355389
172;979404901;true;0.004001587392349194;0;1;;"test0";4;9355389
172;1858401630;true;0.004001587392349194;0;1;;"test0";8196;9355389
172;-437995803;true;0.004001587392349194;0;1;;"test0";9967;9355389
172;1319074731;true;0.004001587392349194;0;1;;"test0";8651;9355389
172;-437995803;true;0.004001587392349194;0;1;;"test0";9847;9355389
173;-606307278;false;-1;0;1;;"test0";NaN;9426805
173;-437995803;false;-1;0;1;;"test0";NaN;9426805
173;-1953171931;true;0.00286427732079906;0;1;;"test0";9059;9426805
173;-1958166404;true;0.003559096201740408;0;1;;"test0";9163;9426805
173;-1094868187;true;0.0035994427202612617;0;1;;"test0";8519;9426805
173;-1453077557;true;0.0035994427202612617;0;1;;"test0";6357;9426805
173;1873964433;true;0.003609568422335126;0;1;;"test0";8915;9426805
173;2040798088;true;0.003609568422335126;0;1;;"test0";8435;9426805
173;284330224;true;0.003773176859519118;0;1;;"test0";8700;9426805
173;-2110130420;true;0.003796113882157877;0;1;;"test0";9653;9426805
173;-451157569;true;0.003796113882157877;0;1;;"test0";9278;9426805
173;1788241189;true;0.0038091741485492808;0;1;;"test0";8402;9426805
173;-1994628727;true;0.0038091741485492808;0;1;;"test0";8677;9426805
173;-1521148058;true;0.0038093900197784434;0;1;;"test0";8054;9426805
173;2032867123;true;0.003886592346508793;0;1;;"test0";9033;9426805
173;1621196647;true;0.003886592346508793;0;1;;"test0";8387;9426805
173;105706486;true;0.0038870282335081445;0;1;;"test0";9722;9426805
173;1465645311;true;0.003888361462862496;0;1;;"test0";8654;9426805
173;1465645311;true;0.003888361462862496;0;1;;"test0";8193;9426805
173;1465645311;true;0.003888361462862496;0;1;;"test0";8830;9426805
173;1465645311;true;0.003888361462862496;0;1;;"test0";9319;9426805
173;-1027995475;true;0.003888361462862496;0;1;;"test0";9218;9426805
173;810334261;true;0.003913266193946688;0;1;;"test0";9397;9426805
173;670511383;true;0.003913266193946688;0;1;;"test0";9301;9426805
173;810334261;true;0.003913266193946688;0;1;;"test0";9062;9426805
173;-2067603266;true;0.003913266193946688;0;1;;"test0";8384;9426805
173;2135696256;true;0.003913266193946688;0;1;;"test0";9154;9426805
173;1714002806;true;0.003915701386771361;0;1;;"test0";7997;9426805
173;-1247367664;true;0.003915701386771361;0;1;;"test0";9549;9426805
173;1690579014;true;0.003973597077489206;0;1;;"test0";10075;9426805
173;1769535022;true;0.003973597077489206;0;1;;"test0";9227;9426805
173;-1362401432;true;0.003973597077489206;0;1;;"test0";8990;9426805
173;-370617167;true;0.00397508597276459;0;1;;"test0";7751;9426805
173;1240742795;true;0.00397508597276459;0;1;;"test0";8824;9426805
173;84220984;true;0.00397508597276459;0;1;;"test0";11048;9426805
173;-721241074;true;0.00397508597276459;0;1;;"test0";11276;9426805
173;2062411327;true;0.00397508597276459;0;1;;"test0";8643;9426805
173;560383640;true;0.00397508597276459;0;1;;"test0";8542;9426805
173;-926208008;true;0.00397508597276459;0;1;;"test0";9680;9426805
173;-1686517285;true;0.00397508597276459;0;1;;"test0";9257;9426805
173;-926208008;true;0.00397508597276459;0;1;;"test0";7840;9426805
173;-361579500;true;0.003976110182310492;0;1;;"test0";11392;9426805
173;-1516189830;true;0.003976110182310492;0;1;;"test0";11159;9426805
173;-1171713642;true;0.003976110182310492;0;1;;"test0";7609;9426805
173;-17876571;true;0.00397925437354949;0;1;;"test0";8075;9426805
173;1563710226;true;0.004001587392349194;0;1;;"test0";9543;9426805
173;-875085051;true;0.004001587392349194;0;1;;"test0";7609;9426805
173;1669514272;true;0.004001587392349194;0;1;;"test0";8855;9426805
173;1319074731;true;0.004001587392349194;0;1;;"test0";2;9426805
174;-724515653;false;-1;0;1;;"test0";NaN;9491781
174;636827345;true;0.00286427732079906;0;1;;"test0";10947;9491781
174;-432461400;true;0.003003432494279176;0;1;;"test0";10505;9491781
174;1850824771;true;0.003517309197519603;0;1;;"test0";9613;9491781
174;-1720574122;true;0.003559096201740408;0;1;;"test0";10135;9491781
174;2137019965;true;0.003585250491099587;0;1;;"test0";7959;9491781
174;1234351577;true;0.0035968267186548704;0;1;;"test0";10590;9491781
174;1409311955;true;0.0035968267186548704;0;1;;"test0";8557;9491781
174;-578567856;true;0.0035994427202612617;0;1;;"test0";10595;9491781
174;390921922;true;0.0035994427202612617;0;1;;"test0";9984;9491781
174;284330224;true;0.003773176859519118;0;1;;"test0";8413;9491781
174;246702253;true;0.003773176859519118;0;1;;"test0";8359;9491781
174;284330224;true;0.003773176859519118;0;1;;"test0";8479;9491781
174;284330224;true;0.003773176859519118;0;1;;"test0";8440;9491781
174;-1713935340;true;0.003796113882157877;0;1;;"test0";8882;9491781
174;55977396;true;0.003796113882157877;0;1;;"test0";9740;9491781
174;-878172438;true;0.003796113882157877;0;1;;"test0";8906;9491781
174;-1651073232;true;0.003796113882157877;0;1;;"test0";10371;9491781
174;-1412638299;true;0.003796113882157877;0;1;;"test0";8114;9491781
174;-131908259;true;0.0038091741485492808;0;1;;"test0";9563;9491781
174;-571368479;true;0.0038091741485492808;0;1;;"test0";8935;9491781
174;-1521148058;true;0.0038093900197784434;0;1;;"test0";8456;9491781
174;-379477591;true;0.003886592346508793;0;1;;"test0";9611;9491781
174;105706486;true;0.0038870282335081445;0;1;;"test0";8545;9491781
174;-510021732;true;0.0038870282335081445;0;1;;"test0";9848;9491781
174;1132351027;true;0.003888361462862496;0;1;;"test0";9348;9491781
174;1465645311;true;0.003888361462862496;0;1;;"test0";7346;9491781
174;-587048059;true;0.003913266193946688;0;1;;"test0";8297;9491781
174;-2067603266;true;0.003913266193946688;0;1;;"test0";7703;9491781
174;-2026421842;true;0.003913266193946688;0;1;;"test0";7812;9491781
174;702752647;true;0.003915701386771361;0;1;;"test0";9708;9491781
174;1714002806;true;0.003915701386771361;0;1;;"test0";9601;9491781
174;-2084502463;true;0.003915701386771361;0;1;;"test0";9858;9491781
174;-1767506781;true;0.003973597077489206;0;1;;"test0";9512;9491781
174;-333142820;true;0.003973597077489206;0;1;;"test0";9153;9491781
174;1690579014;true;0.003973597077489206;0;1;;"test0";9301;9491781
174;1690579014;true;0.003973597077489206;0;1;;"test0";9551;9491781
174;1311698820;true;0.00397508597276459;0;1;;"test0";8884;9491781
174;450197030;true;0.00397508597276459;0;1;;"test0";10863;9491781
174;560383640;true;0.00397508597276459;0;1;;"test0";7976;9491781
174;1444802450;true;0.00397508597276459;0;1;;"test0";10055;9491781
174;560383640;true;0.00397508597276459;0;1;;"test0";8511;9491781
174;-1171713642;true;0.003976110182310492;0;1;;"test0";9130;9491781
174;987343427;true;0.003976110182310492;0;1;;"test0";9374;9491781
174;-64598732;true;0.00397925437354949;0;1;;"test0";9356;9491781
174;541147382;true;0.00397925437354949;0;1;;"test0";9116;9491781
174;-1720045708;true;0.00397925437354949;0;1;;"test0";8616;9491781
174;-1217155851;true;0.00397925437354949;0;1;;"test0";9364;9491781
174;1669514272;true;0.004001587392349194;0;1;;"test0";1;9491781
174;1319074731;true;0.004001587392349194;0;1;;"test0";2;9491781
175;-453103159;true;0.002574370709382151;0;1;;"test0";8398;9553703
175;-1524545875;true;0.00286427732079906;0;1;;"test0";9840;9553703
175;2065148663;true;0.00286427732079906;0;1;;"test0";8152;9553703
175;1889589870;true;0.0035771902120825556;0;1;;"test0";10215;9553703
175;-124547067;true;0.0035774849907312407;0;1;;"test0";8208;9553703
175;590483296;true;0.0035826441675335234;0;1;;"test0";6737;9553703
175;1234351577;true;0.0035968267186548704;0;1;;"test0";9798;9553703
175;561611709;true;0.0035994427202612617;0;1;;"test0";10804;9553703
175;369512990;true;0.0035994427202612617;0;1;;"test0";9297;9553703
175;-578567856;true;0.0035994427202612617;0;1;;"test0";9219;9553703
175;-578567856;true;0.0035994427202612617;0;1;;"test0";9955;9553703
175;1773470858;true;0.0035994427202612617;0;1;;"test0";10071;9553703
175;-1925749564;true;0.003773176859519118;0;1;;"test0";7274;9553703
175;-878172438;true;0.003796113882157877;0;1;;"test0";10390;9553703
175;-1605075271;true;0.003796113882157877;0;1;;"test0";9083;9553703
175;1357053917;true;0.003796113882157877;0;1;;"test0";10047;9553703
175;-614683462;true;0.0038091741485492808;0;1;;"test0";10913;9553703
175;-1534643872;true;0.0038091741485492808;0;1;;"test0";12104;9553703
175;-7030250;true;0.0038091741485492808;0;1;;"test0";8091;9553703
175;621306166;true;0.003818458599422708;0;1;;"test0";8059;9553703
175;-379477591;true;0.003886592346508793;0;1;;"test0";10270;9553703
175;-1333411333;true;0.003888361462862496;0;1;;"test0";9494;9553703
175;1283605187;true;0.003888361462862496;0;1;;"test0";8330;9553703
175;-840350068;true;0.0038911866789573908;0;1;;"test0";10679;9553703
175;1656418105;true;0.003913266193946688;0;1;;"test0";8953;9553703
175;-1486467528;true;0.003913266193946688;0;1;;"test0";8115;9553703
175;-587048059;true;0.003913266193946688;0;1;;"test0";7299;9553703
175;1690579014;true;0.003973597077489206;0;1;;"test0";10128;9553703
175;135594407;true;0.003973597077489206;0;1;;"test0";7763;9553703
175;1690579014;true;0.003973597077489206;0;1;;"test0";8286;9553703
175;-301927141;true;0.003973597077489206;0;1;;"test0";10449;9553703
175;917608422;true;0.003973597077489206;0;1;;"test0";9327;9553703
175;1444802450;true;0.00397508597276459;0;1;;"test0";9897;9553703
175;1898408695;true;0.00397508597276459;0;1;;"test0";10087;9553703
175;100287459;true;0.00397508597276459;0;1;;"test0";10390;9553703
175;560383640;true;0.00397508597276459;0;1;;"test0";8420;9553703
175;-715451669;true;0.00397508597276459;0;1;;"test0";9847;9553703
175;77389396;true;0.00397508597276459;0;1;;"test0";9964;9553703
175;676370932;true;0.003976110182310492;0;1;;"test0";11179;9553703
175;-2132900452;true;0.003976110182310492;0;1;;"test0";9676;9553703
175;-1171713642;true;0.003976110182310492;0;1;;"test0";10269;9553703
175;-2072818429;true;0.003976110182310492;0;1;;"test0";10015;9553703
175;-999841270;true;0.00397925437354949;0;1;;"test0";10302;9553703
175;-1217155851;true;0.00397925437354949;0;1;;"test0";5970;9553703
175;1814141328;true;0.00397925437354949;0;1;;"test0";8655;9553703
175;-411621368;true;0.00397925437354949;0;1;;"test0";7358;9553703
175;-64598732;true;0.00397925437354949;0;1;;"test0";8946;9553703
175;161536446;true;0.004001587392349194;0;1;;"test0";12051;9553703
175;1669514272;true;0.004001587392349194;0;1;;"test0";2;9553703
175;1319074731;true;0.004001587392349194;0;1;;"test0";1;9553703
176;-179141906;false;-1;0;1;;"test0";NaN;9620604
176;722071196;false;-1;0;1;;"test0";NaN;9620604
176;-671207485;false;-1;0;1;;"test0";NaN;9620604
176;1440164474;true;0.00286427732079906;0;1;;"test0";6277;9620604
176;-1283307486;true;0.00286427732079906;0;1;;"test0";11757;9620604
176;625303632;true;0.003003432494279176;0;1;;"test0";6276;9620604
176;-170551276;true;0.003442488365561788;0;1;;"test0";6663;9620604
176;636925929;true;0.0035734966830134993;0;1;;"test0";8399;9620604
176;-62253518;true;0.003575247464352792;0;1;;"test0";9107;9620604
176;1101752789;true;0.003577591677616955;0;1;;"test0";8688;9620604
176;584092966;true;0.0035826441675335234;0;1;;"test0";9730;9620604
176;989424163;true;0.003584935865441528;0;1;;"test0";6398;9620604
176;-7335872;true;0.003585250491099587;0;1;;"test0";7693;9620604
176;-147300799;true;0.0035994427202612617;0;1;;"test0";8669;9620604
176;449837406;true;0.0035994427202612617;0;1;;"test0";9337;9620604
176;1248914361;true;0.0035994427202612617;0;1;;"test0";8127;9620604
176;-290140706;true;0.003773176859519118;0;1;;"test0";8380;9620604
176;1262882478;true;0.003796113882157877;0;1;;"test0";8910;9620604
176;-163701494;true;0.0038091741485492808;0;1;;"test0";7869;9620604
176;114581660;true;0.003818086700527496;0;1;;"test0";8927;9620604
176;1187729440;true;0.003818458599422708;0;1;;"test0";7378;9620604
176;621306166;true;0.003818458599422708;0;1;;"test0";9016;9620604
176;-379477591;true;0.003886592346508793;0;1;;"test0";7600;9620604
176;-1628231864;true;0.003886592346508793;0;1;;"test0";7130;9620604
176;455683328;true;0.003886592346508793;0;1;;"test0";9345;9620604
176;1719341493;true;0.003888361462862496;0;1;;"test0";6758;9620604
176;-840350068;true;0.0038911866789573908;0;1;;"test0";6898;9620604
176;-840350068;true;0.0038911866789573908;0;1;;"test0";7247;9620604
176;1922557455;true;0.0038930485128037214;0;1;;"test0";7374;9620604
176;-1486467528;true;0.003913266193946688;0;1;;"test0";8984;9620604
176;1631152779;true;0.003913266193946688;0;1;;"test0";8619;9620604
176;-269912295;true;0.003915701386771361;0;1;;"test0";5315;9620604
176;2119770420;true;0.003973597077489206;0;1;;"test0";8875;9620604
176;49164396;true;0.003973597077489206;0;1;;"test0";9049;9620604
176;2021078454;true;0.00397508597276459;0;1;;"test0";11464;9620604
176;648705457;true;0.00397508597276459;0;1;;"test0";7358;9620604
176;1444802450;true;0.00397508597276459;0;1;;"test0";9192;9620604
176;878575643;true;0.003976110182310492;0;1;;"test0";8615;9620604
176;-2072818429;true;0.003976110182310492;0;1;;"test0";7173;9620604
176;-727990665;true;0.00397925437354949;0;1;;"test0";8087;9620604
176;-985091291;true;0.00397925437354949;0;1;;"test0";9234;9620604
176;1814141328;true;0.00397925437354949;0;1;;"test0";7456;9620604
176;-1099995314;true;0.00397925437354949;0;1;;"test0";7987;9620604
176;-411621368;true;0.00397925437354949;0;1;;"test0";7221;9620604
176;1669514272;true;0.004001587392349194;0;1;;"test0";11;9620604
176;1319074731;true;0.004001587392349194;0;1;;"test0";11556;9620604
176;1319074731;true;0.004001587392349194;0;1;;"test0";11663;9620604
176;1915676244;true;0.004001587392349194;0;1;;"test0";10021;9620604
176;161536446;true;0.004001587392349194;0;1;;"test0";8478;9620604
177;617787853;true;0.00286427732079906;0;1;;"test0";9509;9682754
177;-1478593892;true;0.00286427732079906;0;1;;"test0";9582;9682754
177;-1007843056;true;0.0035601281139982905;0;1;;"test0";8136;9682754
177;415162307;true;0.0035826441675335234;0;1;;"test0";9570;9682754
177;879282464;true;0.0035826441675335234;0;1;;"test0";10006;9682754
177;584092966;true;0.0035826441675335234;0;1;;"test0";10165;9682754
177;-609208535;true;0.003584935865441528;0;1;;"test0";10338;9682754
177;1866000808;true;0.003584935865441528;0;1;;"test0";9743;9682754
177;1433009388;true;0.003585250491099587;0;1;;"test0";11083;9682754
177;147034470;true;0.003585250491099587;0;1;;"test0";10986;9682754
177;-1614583455;true;0.0035994427202612617;0;1;;"test0";9704;9682754
177;371003336;true;0.0035994427202612617;0;1;;"test0";7864;9682754
177;902813941;true;0.0035994427202612617;0;1;;"test0";11225;9682754
177;1636558725;true;0.0035994427202612617;0;1;;"test0";9247;9682754
177;-2036850437;true;0.003796113882157877;0;1;;"test0";9774;9682754
177;-2015638132;true;0.003796113882157877;0;1;;"test0";8550;9682754
177;-1654378493;true;0.003818086700527496;0;1;;"test0";10090;9682754
177;-1840831761;true;0.003818086700527496;0;1;;"test0";10118;9682754
177;-345153741;true;0.003818086700527496;0;1;;"test0";7868;9682754
177;621306166;true;0.003818458599422708;0;1;;"test0";10647;9682754
177;1187729440;true;0.003818458599422708;0;1;;"test0";10194;9682754
177;947611170;true;0.003886592346508793;0;1;;"test0";9718;9682754
177;-1889312307;true;0.003886592346508793;0;1;;"test0";8192;9682754
177;1539882455;true;0.003888361462862496;0;1;;"test0";7446;9682754
177;-1307851594;true;0.003888361462862496;0;1;;"test0";6232;9682754
177;1719341493;true;0.003888361462862496;0;1;;"test0";7512;9682754
177;1719341493;true;0.003888361462862496;0;1;;"test0";9166;9682754
177;217072213;true;0.003888361462862496;0;1;;"test0";8033;9682754
177;-1587039438;true;0.003888361462862496;0;1;;"test0";9484;9682754
177;-1237362304;true;0.0038911866789573908;0;1;;"test0";6079;9682754
177;-72219983;true;0.0038911866789573908;0;1;;"test0";7904;9682754
177;1913708707;true;0.0038930485128037214;0;1;;"test0";7800;9682754
177;-83577752;true;0.0038930485128037214;0;1;;"test0";11237;9682754
177;-1541939392;true;0.0038930485128037214;0;1;;"test0";10290;9682754
177;997001831;true;0.0038930485128037214;0;1;;"test0";10149;9682754
177;-1276248974;true;0.003913266193946688;0;1;;"test0";10175;9682754
177;1631152779;true;0.003913266193946688;0;1;;"test0";9047;9682754
177;943918376;true;0.003915701386771361;0;1;;"test0";9006;9682754
177;202943908;true;0.003973597077489206;0;1;;"test0";9289;9682754
177;2119770420;true;0.003973597077489206;0;1;;"test0";10415;9682754
177;-1895500021;true;0.003973597077489206;0;1;;"test0";10332;9682754
177;1719156320;true;0.003973597077489206;0;1;;"test0";10964;9682754
177;143774207;true;0.003973597077489206;0;1;;"test0";10090;9682754
177;-1099995314;true;0.00397925437354949;0;1;;"test0";8133;9682754
177;-985091291;true;0.00397925437354949;0;1;;"test0";9533;9682754
177;-534230558;true;0.00397925437354949;0;1;;"test0";9343;9682754
177;558369259;true;0.00397925437354949;0;1;;"test0";10097;9682754
177;-411621368;true;0.00397925437354949;0;1;;"test0";9236;9682754
177;1915676244;true;0.004001587392349194;0;1;;"test0";1;9682754
177;161536446;true;0.004001587392349194;0;1;;"test0";1;9682754
178;1084525130;false;-1;0;1;;"test0";NaN;9747990
178;-1129659548;true;0.00286427732079906;0;1;;"test0";9633;9747990
178;1732644870;true;0.003003432494279176;0;1;;"test0";7620;9747990
178;147034470;true;0.003585250491099587;0;1;;"test0";9027;9747990
178;1022991037;true;0.003585250491099587;0;1;;"test0";9212;9747990
178;635355311;true;0.003585250491099587;0;1;;"test0";9275;9747990
178;1433784533;true;0.003585250491099587;0;1;;"test0";9228;9747990
178;1398779770;true;0.0035994427202612617;0;1;;"test0";8196;9747990
178;-855793243;true;0.0035994427202612617;0;1;;"test0";8995;9747990
178;1636558725;true;0.0035994427202612617;0;1;;"test0";8585;9747990
178;-2112877618;true;0.0035994427202612617;0;1;;"test0";9739;9747990
178;-1245500980;true;0.003773176859519118;0;1;;"test0";7944;9747990
178;-831142202;true;0.003796113882157877;0;1;;"test0";8024;9747990
178;-552188808;true;0.0038091741485492808;0;1;;"test0";9246;9747990
178;816283257;true;0.0038093900197784434;0;1;;"test0";9231;9747990
178;-1637546744;true;0.003818086700527496;0;1;;"test0";10194;9747990
178;1250743671;true;0.003818458599422708;0;1;;"test0";8797;9747990
178;-2023677538;true;0.0038260548977213063;0;1;;"test0";8375;9747990
178;1272874315;true;0.003886592346508793;0;1;;"test0";7727;9747990
178;126017609;true;0.003886592346508793;0;1;;"test0";9277;9747990
178;-1217343838;true;0.003888361462862496;0;1;;"test0";4787;9747990
178;1539882455;true;0.003888361462862496;0;1;;"test0";8107;9747990
178;-702305060;true;0.0038911866789573908;0;1;;"test0";8873;9747990
178;908876878;true;0.0038930485128037214;0;1;;"test0";10165;9747990
178;1078151215;true;0.0038930485128037214;0;1;;"test0";9053;9747990
178;997001831;true;0.0038930485128037214;0;1;;"test0";9560;9747990
178;1631152779;true;0.003913266193946688;0;1;;"test0";9563;9747990
178;1631152779;true;0.003913266193946688;0;1;;"test0";8705;9747990
178;-1018823066;true;0.003915701386771361;0;1;;"test0";9791;9747990
178;1092994978;true;0.00396870277036273;0;1;;"test0";9814;9747990
178;202943908;true;0.003973597077489206;0;1;;"test0";10031;9747990
178;143774207;true;0.003973597077489206;0;1;;"test0";11304;9747990
178;-1251655340;true;0.003973597077489206;0;1;;"test0";10023;9747990
178;2119770420;true;0.003973597077489206;0;1;;"test0";8805;9747990
178;1191918708;true;0.003973597077489206;0;1;;"test0";9712;9747990
178;-1835417017;true;0.003973597077489206;0;1;;"test0";11201;9747990
178;-639474352;true;0.003973597077489206;0;1;;"test0";8592;9747990
178;-1621705426;true;0.003973597077489206;0;1;;"test0";9517;9747990
178;-1773259420;true;0.00397508597276459;0;1;;"test0";7544;9747990
178;-1054189355;true;0.00397925437354949;0;1;;"test0";7983;9747990
178;712958218;true;0.00397925437354949;0;1;;"test0";9126;9747990
178;624628444;true;0.003996500669972674;0;1;;"test0";9470;9747990
178;-1230767065;true;0.003996500669972674;0;1;;"test0";8399;9747990
178;1915676244;true;0.004001587392349194;0;1;;"test0";9617;9747990
178;793371695;true;0.004001587392349194;0;1;;"test0";9343;9747990
178;2076953539;true;0.004001587392349194;0;1;;"test0";9868;9747990
178;161536446;true;0.004001587392349194;0;1;;"test0";9184;9747990
178;-154988624;true;0.004001587392349194;0;1;;"test0";8627;9747990
179;-1251798957;false;-1;0;1;;"test0";NaN;10049661
179;997001831;false;-1;0;1;;"test0";NaN;10049661
179;-1470268019;false;-1;0;0;;;240189;10049661
179;-1649413174;false;-1;0;1;;"test0";NaN;10049661
179;2067464694;true;0.00286427732079906;0;1;;"test0";8501;10049661
179;1496710830;true;0.002866698518872432;0;1;;"test0";9056;10049661
179;-640782131;true;0.003003432494279176;0;1;;"test0";7949;10049661
179;1173198981;true;0.0034421781912445217;0;1;;"test0";11393;10049661
179;1433784533;true;0.003585250491099587;0;1;;"test0";7553;10049661
179;189378678;true;0.0035994427202612617;0;1;;"test0";9589;10049661
179;231519842;true;0.0035994427202612617;0;1;;"test0";9485;10049661
179;1216224991;true;0.0035994427202612617;0;1;;"test0";7658;10049661
179;1398779770;true;0.0035994427202612617;0;1;;"test0";8745;10049661
179;-330722233;true;0.0035994427202612617;0;1;;"test0";8259;10049661
179;743605819;true;0.003773176859519118;0;1;;"test0";10372;10049661
179;704671405;true;0.003796113882157877;0;1;;"test0";7798;10049661
179;878534971;true;0.003796113882157877;0;1;;"test0";9349;10049661
179;-1896791297;true;0.0038093900197784434;0;1;;"test0";6536;10049661
179;-1917314756;true;0.0038093900197784434;0;1;;"test0";8488;10049661
179;-1637546744;true;0.003818086700527496;0;1;;"test0";10254;10049661
179;-1637546744;true;0.003818086700527496;0;1;;"test0";9294;10049661
179;-702305060;true;0.0038911866789573908;0;1;;"test0";9322;10049661
179;-1047813986;true;0.0038911866789573908;0;1;;"test0";9217;10049661
179;908876878;true;0.0038930485128037214;0;1;;"test0";10437;10049661
179;1254186464;true;0.0038930485128037214;0;1;;"test0";9617;10049661
179;1133474339;true;0.0038930485128037214;0;1;;"test0";8964;10049661
179;997001831;true;0.0038930485128037214;0;1;;"test0";8981;10049661
179;-2020081440;true;0.003913266193946688;0;1;;"test0";8148;10049661
179;1179309055;true;0.003913266193946688;0;1;;"test0";8596;10049661
179;-2047360623;true;0.003913266193946688;0;1;;"test0";8873;10049661
179;-1473631645;true;0.003915701386771361;0;1;;"test0";7820;10049661
179;1092994978;true;0.00396870277036273;0;1;;"test0";10418;10049661
179;1092994978;true;0.00396870277036273;0;1;;"test0";9562;10049661
179;-394683554;true;0.003973597077489206;0;1;;"test0";7842;10049661
179;-639474352;true;0.003973597077489206;0;1;;"test0";9307;10049661
179;202943908;true;0.003973597077489206;0;1;;"test0";7703;10049661
179;604050708;true;0.003973597077489206;0;1;;"test0";7743;10049661
179;2119770420;true;0.003973597077489206;0;1;;"test0";10073;10049661
179;-1061519410;true;0.003973597077489206;0;1;;"test0";10962;10049661
179;-1773259420;true;0.00397508597276459;0;1;;"test0";9760;10049661
179;-1870365091;true;0.003976110182310492;0;1;;"test0";9795;10049661
179;-1917427907;true;0.00397925437354949;0;1;;"test0";9087;10049661
179;788545202;true;0.00397925437354949;0;1;;"test0";10409;10049661
179;-934926925;true;0.00397925437354949;0;1;;"test0";9770;10049661
179;583761499;true;0.00397925437354949;0;1;;"test0";7873;10049661
179;329217898;true;0.00397925437354949;0;1;;"test0";7313;10049661
179;161536446;true;0.004001587392349194;0;1;;"test0";2;10049661
179;-154988624;true;0.004001587392349194;0;1;;"test0";2;10049661
179;-447518828;true;0.004001587392349194;0;1;;"test0";9031;10049661
179;-1796918089;true;0.004001587392349194;0;1;;"test0";10060;10049661
180;978300123;false;-1;0;1;;"test0";NaN;10115201
180;2001296709;true;0.0028643572950366922;0;1;;"test0";9958;10115201
180;2070914988;true;0.0034421781912445217;0;1;;"test0";9669;10115201
180;716560973;true;0.0034421781912445217;0;1;;"test0";10017;10115201
180;1173198981;true;0.0034421781912445217;0;1;;"test0";8931;10115201
180;1173198981;true;0.0034421781912445217;0;1;;"test0";8995;10115201
180;1173198981;true;0.0034421781912445217;0;1;;"test0";8083;10115201
180;-713112998;true;0.0034421781912445217;0;1;;"test0";9169;10115201
180;-706498258;true;0.003442862792272603;0;1;;"test0";8354;10115201
180;898877607;true;0.0034479590574637226;0;1;;"test0";8183;10115201
180;-1746535220;true;0.0035774849907312407;0;1;;"test0";10178;10115201
180;399789945;true;0.003585250491099587;0;1;;"test0";10097;10115201
180;-1402011954;true;0.0035994427202612617;0;1;;"test0";8338;10115201
180;1837429379;true;0.0035994427202612617;0;1;;"test0";8450;10115201
180;1255459792;true;0.0035994427202612617;0;1;;"test0";8420;10115201
180;1967955339;true;0.0035994427202612617;0;1;;"test0";8388;10115201
180;-427990097;true;0.0035994427202612617;0;1;;"test0";8008;10115201
180;-1603095285;true;0.0038091741485492808;0;1;;"test0";8436;10115201
180;-906979561;true;0.0038093900197784434;0;1;;"test0";9182;10115201
180;-612554008;true;0.0038093900197784434;0;1;;"test0";7654;10115201
180;-1637546744;true;0.003818086700527496;0;1;;"test0";9305;10115201
180;-1637546744;true;0.003818086700527496;0;1;;"test0";11068;10115201
180;-1753862903;true;0.003818086700527496;0;1;;"test0";8995;10115201
180;1722791477;true;0.0038930485128037214;0;1;;"test0";7337;10115201
180;-2061594313;true;0.0038930485128037214;0;1;;"test0";8454;10115201
180;1245848023;true;0.003913266193946688;0;1;;"test0";9422;10115201
180;-1329074987;true;0.003913266193946688;0;1;;"test0";10371;10115201
180;-1027931739;true;0.003913266193946688;0;1;;"test0";9456;10115201
180;-1473631645;true;0.003915701386771361;0;1;;"test0";10953;10115201
180;-1473631645;true;0.003915701386771361;0;1;;"test0";8593;10115201
180;-1473631645;true;0.003915701386771361;0;1;;"test0";10539;10115201
180;1092994978;true;0.00396870277036273;0;1;;"test0";9022;10115201
180;317935030;true;0.00396870277036273;0;1;;"test0";8325;10115201
180;604050708;true;0.003973597077489206;0;1;;"test0";8861;10115201
180;2119770420;true;0.003973597077489206;0;1;;"test0";9155;10115201
180;1564430159;true;0.003973597077489206;0;1;;"test0";9484;10115201
180;-1927469844;true;0.003973597077489206;0;1;;"test0";8251;10115201
180;1979194623;true;0.003973597077489206;0;1;;"test0";9837;10115201
180;2119770420;true;0.003973597077489206;0;1;;"test0";10454;10115201
180;-1462480765;true;0.003976110182310492;0;1;;"test0";8966;10115201
180;-1445693471;true;0.003976110182310492;0;1;;"test0";7559;10115201
180;-1084853338;true;0.00397925437354949;0;1;;"test0";11553;10115201
180;-666628860;true;0.00397925437354949;0;1;;"test0";10485;10115201
180;-1905031520;true;0.00397925437354949;0;1;;"test0";10345;10115201
180;-940766631;true;0.003996500669972674;0;1;;"test0";11242;10115201
180;-2049383636;true;0.003996500669972674;0;1;;"test0";9033;10115201
180;1683674718;true;0.004001587392349194;0;1;;"test0";8432;10115201
180;-2002476306;true;0.004001587392349194;0;1;;"test0";8687;10115201
180;-1796918089;true;0.004001587392349194;0;1;;"test0";1;10115201
180;-447518828;true;0.004001587392349194;0;1;;"test0";1;10115201
181;-901542447;false;-1;0;1;;"test0";NaN;10180996
181;-1824170652;true;0.00286427732079906;0;1;;"test0";10142;10180996
181;150014614;true;0.00286427732079906;0;1;;"test0";8614;10180996
181;-808102041;true;0.0034423281028644593;0;1;;"test0";9388;10180996
181;-749831561;true;0.0035847313328940438;0;1;;"test0";11341;10180996
181;1366322843;true;0.003596785666191499;0;1;;"test0";10381;10180996
181;513828286;true;0.003596785666191499;0;1;;"test0";10188;10180996
181;1489407257;true;0.0035994427202612617;0;1;;"test0";8773;10180996
181;-1250361441;true;0.0035994427202612617;0;1;;"test0";10158;10180996
181;1743442966;true;0.003796113882157877;0;1;;"test0";9291;10180996
181;1550418350;true;0.003796113882157877;0;1;;"test0";8972;10180996
181;1532323865;true;0.0038091741485492808;0;1;;"test0";10588;10180996
181;522741210;true;0.0038091741485492808;0;1;;"test0";10226;10180996
181;-1755772391;true;0.0038091741485492808;0;1;;"test0";10560;10180996
181;299763341;true;0.0038093900197784434;0;1;;"test0";8906;10180996
181;-906979561;true;0.0038093900197784434;0;1;;"test0";9197;10180996
181;-1865898632;true;0.0038093900197784434;0;1;;"test0";10457;10180996
181;-906979561;true;0.0038093900197784434;0;1;;"test0";10051;10180996
181;-2061594313;true;0.0038930485128037214;0;1;;"test0";8414;10180996
181;1722791477;true;0.0038930485128037214;0;1;;"test0";8535;10180996
181;-78509603;true;0.0038930485128037214;0;1;;"test0";11212;10180996
181;-956294569;true;0.003915701386771361;0;1;;"test0";9439;10180996
181;-1473631645;true;0.003915701386771361;0;1;;"test0";8940;10180996
181;1569236258;true;0.003915701386771361;0;1;;"test0";8417;10180996
181;-1473631645;true;0.003915701386771361;0;1;;"test0";9972;10180996
181;-1473631645;true;0.003915701386771361;0;1;;"test0";11666;10180996
181;-911773376;true;0.003915701386771361;0;1;;"test0";8178;10180996
181;-1473631645;true;0.003915701386771361;0;1;;"test0";8606;10180996
181;565525319;true;0.00396870277036273;0;1;;"test0";9365;10180996
181;-1817136638;true;0.00396870277036273;0;1;;"test0";10542;10180996
181;1092994978;true;0.00396870277036273;0;1;;"test0";11301;10180996
181;1092994978;true;0.00396870277036273;0;1;;"test0";10135;10180996
181;1589830763;true;0.00396870277036273;0;1;;"test0";10307;10180996
181;1092994978;true;0.00396870277036273;0;1;;"test0";7987;10180996
181;1092994978;true;0.00396870277036273;0;1;;"test0";10622;10180996
181;604050708;true;0.003973597077489206;0;1;;"test0";10006;10180996
181;1090718804;true;0.003973597077489206;0;1;;"test0";9804;10180996
181;-1927469844;true;0.003973597077489206;0;1;;"test0";8035;10180996
181;-1927469844;true;0.003973597077489206;0;1;;"test0";10063;10180996
181;1055959071;true;0.003973597077489206;0;1;;"test0";9334;10180996
181;-1635069421;true;0.00397508597276459;0;1;;"test0";7506;10180996
181;342004397;true;0.00397925437354949;0;1;;"test0";7059;10180996
181;-1905031520;true;0.00397925437354949;0;1;;"test0";10482;10180996
181;1974411747;true;0.00397925437354949;0;1;;"test0";8548;10180996
181;-1905031520;true;0.00397925437354949;0;1;;"test0";9519;10180996
181;-940766631;true;0.003996500669972674;0;1;;"test0";7967;10180996
181;-371066563;true;0.003996500669972674;0;1;;"test0";9660;10180996
181;-940766631;true;0.003996500669972674;0;1;;"test0";8955;10180996
181;-1796918089;true;0.004001587392349194;0;1;;"test0";10;10180996
181;-447518828;true;0.004001587392349194;0;1;;"test0";2;10180996
182;-448245858;false;-1;0;1;;"test0";NaN;10250049
182;-944112476;false;-1;0;1;;"test0";NaN;10250049
182;2066083529;true;0.003446541253111898;0;1;;"test0";9026;10250049
182;1974713466;true;0.003446771860647585;0;1;;"test0";9561;10250049
182;729830329;true;0.003573413839368878;0;1;;"test0";8594;10250049
182;-749831561;true;0.0035847313328940438;0;1;;"test0";9107;10250049
182;-851094227;true;0.0035847313328940438;0;1;;"test0";8372;10250049
182;1008178997;true;0.0035937234265092546;0;1;;"test0";7937;10250049
182;-997911447;true;0.003596785666191499;0;1;;"test0";8772;10250049
182;-1130950925;true;0.0035994427202612617;0;1;;"test0";8904;10250049
182;863145352;true;0.0035994427202612617;0;1;;"test0";9076;10250049
182;-1422836888;true;0.0035994427202612617;0;1;;"test0";9140;10250049
182;1404084252;true;0.0035994427202612617;0;1;;"test0";9281;10250049
182;1489407257;true;0.0035994427202612617;0;1;;"test0";7542;10250049
182;-4614898;true;0.0036356433325755422;0;1;;"test0";7333;10250049
182;-1460487684;true;0.003796113882157877;0;1;;"test0";10366;10250049
182;-2065924255;true;0.003796113882157877;0;1;;"test0";7748;10250049
182;1013393598;true;0.0038091741485492808;0;1;;"test0";9421;10250049
182;-1228912517;true;0.0038091741485492808;0;1;;"test0";10130;10250049
182;1482993045;true;0.0038091741485492808;0;1;;"test0";10808;10250049
182;860176235;true;0.0038093900197784434;0;1;;"test0";9971;10250049
182;-1710671910;true;0.0038093900197784434;0;1;;"test0";10116;10250049
182;-1865898632;true;0.0038093900197784434;0;1;;"test0";10463;10250049
182;289872352;true;0.0038093900197784434;0;1;;"test0";8751;10250049
182;-1782341027;true;0.0038093900197784434;0;1;;"test0";10369;10250049
182;-310048156;true;0.0038930485128037214;0;1;;"test0";10381;10250049
182;1930610389;true;0.0038930485128037214;0;1;;"test0";11069;10250049
182;-1645599513;true;0.0038930485128037214;0;1;;"test0";8985;10250049
182;1942446372;true;0.003915701386771361;0;1;;"test0";9044;10250049
182;-1473631645;true;0.003915701386771361;0;1;;"test0";9292;10250049
182;-844608410;true;0.003915701386771361;0;1;;"test0";7553;10250049
182;-110355625;true;0.003915701386771361;0;1;;"test0";11156;10250049
182;-1473631645;true;0.003915701386771361;0;1;;"test0";10978;10250049
182;-911773376;true;0.003915701386771361;0;1;;"test0";8529;10250049
182;1094990494;true;0.00396870277036273;0;1;;"test0";9458;10250049
182;-1794214371;true;0.00396870277036273;0;1;;"test0";8407;10250049
182;1453375906;true;0.003973597077489206;0;1;;"test0";10525;10250049
182;1360622382;true;0.003973597077489206;0;1;;"test0";8770;10250049
182;-1413489534;true;0.003973597077489206;0;1;;"test0";9807;10250049
182;80603621;true;0.00397508597276459;0;1;;"test0";9430;10250049
182;1974411747;true;0.00397925437354949;0;1;;"test0";10267;10250049
182;1253861751;true;0.00397925437354949;0;1;;"test0";10482;10250049
182;1974411747;true;0.00397925437354949;0;1;;"test0";8740;10250049
182;-126319101;true;0.00397925437354949;0;1;;"test0";8135;10250049
182;889651965;true;0.003996500669972674;0;1;;"test0";9309;10250049
182;-451690586;true;0.003996500669972674;0;1;;"test0";9007;10250049
182;778345265;true;0.003996500669972674;0;1;;"test0";8725;10250049
182;1920278022;true;0.003996500669972674;0;1;;"test0";9801;10250049
182;-447518828;true;0.004001587392349194;0;1;;"test0";2;10250049
182;-1796918089;true;0.004001587392349194;0;1;;"test0";2;10250049
183;-1137180184;false;-1;0;0;;;240179;10504186
183;1790067314;true;0.00286427732079906;0;1;;"test0";10349;10504186
183;406874905;true;0.003573413839368878;0;1;;"test0";11354;10504186
183;1117410758;true;0.003573413839368878;0;1;;"test0";10848;10504186
183;729830329;true;0.003573413839368878;0;1;;"test0";10891;10504186
183;-1007898837;true;0.003582408213195265;0;1;;"test0";9638;10504186
183;103019700;true;0.0035847313328940438;0;1;;"test0";10654;10504186
183;-749831561;true;0.0035847313328940438;0;1;;"test0";9883;10504186
183;-1313489588;true;0.003584885267336272;0;1;;"test0";11073;10504186
183;-1831753192;true;0.0035968165749268245;0;1;;"test0";10609;10504186
183;-1130950925;true;0.0035994427202612617;0;1;;"test0";9689;10504186
183;698030153;true;0.0035994427202612617;0;1;;"test0";9042;10504186
183;-650448066;true;0.0035994427202612617;0;1;;"test0";10691;10504186
183;1027321410;true;0.0035994427202612617;0;1;;"test0";7355;10504186
183;26280129;true;0.0035994427202612617;0;1;;"test0";10875;10504186
183;1798134101;true;0.0035994427202612617;0;1;;"test0";10506;10504186
183;1023940134;true;0.003611474935090428;0;1;;"test0";10527;10504186
183;-1090712585;true;0.0036356433325755422;0;1;;"test0";10275;10504186
183;1013393598;true;0.0038091741485492808;0;1;;"test0";9373;10504186
183;-2053049010;true;0.0038091741485492808;0;1;;"test0";8768;10504186
183;-1992600579;true;0.0038091741485492808;0;1;;"test0";9375;10504186
183;370263112;true;0.0038093900197784434;0;1;;"test0";11349;10504186
183;-238644949;true;0.0038911866789573908;0;1;;"test0";10507;10504186
183;-706317833;true;0.0038930485128037214;0;1;;"test0";10331;10504186
183;180065930;true;0.003915701386771361;0;1;;"test0";10765;10504186
183;1582731465;true;0.00396870277036273;0;1;;"test0";9918;10504186
183;1094990494;true;0.00396870277036273;0;1;;"test0";9700;10504186
183;-1794214371;true;0.00396870277036273;0;1;;"test0";7826;10504186
183;-1794214371;true;0.00396870277036273;0;1;;"test0";8379;10504186
183;617927284;true;0.003972379091502891;0;1;;"test0";10406;10504186
183;1637660428;true;0.003973597077489206;0;1;;"test0";10618;10504186
183;-1413489534;true;0.003973597077489206;0;1;;"test0";10104;10504186
183;77667097;true;0.003973597077489206;0;1;;"test0";10345;10504186
183;-203470019;true;0.003973597077489206;0;1;;"test0";10768;10504186
183;1365408236;true;0.00397508597276459;0;1;;"test0";9467;10504186
183;828738078;true;0.00397508597276459;0;1;;"test0";9277;10504186
183;34818163;true;0.00397508597276459;0;1;;"test0";9634;10504186
183;1320895169;true;0.00397925437354949;0;1;;"test0";11617;10504186
183;1974411747;true;0.00397925437354949;0;1;;"test0";10705;10504186
183;819944009;true;0.003996500669972674;0;1;;"test0";9187;10504186
183;1920278022;true;0.003996500669972674;0;1;;"test0";10125;10504186
183;-683543651;true;0.003996500669972674;0;1;;"test0";10651;10504186
183;-451690586;true;0.003996500669972674;0;1;;"test0";11651;10504186
183;1735094031;true;0.004000321967775602;0;1;;"test0";8597;10504186
183;-1796918089;true;0.004001587392349194;0;1;;"test0";9742;10504186
183;-447518828;true;0.004001587392349194;0;1;;"test0";10200;10504186
183;1620260768;true;0.004001587392349194;0;1;;"test0";11344;10504186
183;1991412092;true;0.004001587392349194;0;1;;"test0";10758;10504186
184;123069705;true;0.0034426857977753198;0;1;;"test0";10502;10567965
184;441635057;true;0.003488314233833758;0;1;;"test0";11142;10567965
184;-1651070891;true;0.003573413839368878;0;1;;"test0";8885;10567965
184;2081754129;true;0.003573413839368878;0;1;;"test0";8420;10567965
184;1415057763;true;0.003573413839368878;0;1;;"test0";9677;10567965
184;-437995755;true;0.0035753273099229823;0;1;;"test0";9672;10567965
184;-946378192;true;0.0035771902120825556;0;1;;"test0";10592;10567965
184;-107015718;true;0.003584885267336272;0;1;;"test0";9212;10567965
184;-746693712;true;0.003587966745717098;0;1;;"test0";8733;10567965
184;-1831753192;true;0.0035968165749268245;0;1;;"test0";9957;10567965
184;-1097436590;true;0.0035994427202612617;0;1;;"test0";9450;10567965
184;973936131;true;0.0035994427202612617;0;1;;"test0";9825;10567965
184;1155380154;true;0.0035994427202612617;0;1;;"test0";9780;10567965
184;1591575074;true;0.0035994427202612617;0;1;;"test0";9875;10567965
184;-1421385471;true;0.003611474935090428;0;1;;"test0";7417;10567965
184;-82999276;true;0.0037265260055454608;0;1;;"test0";10270;10567965
184;-906012595;true;0.003796113882157877;0;1;;"test0";10266;10567965
184;-1095470276;true;0.003796113882157877;0;1;;"test0";9374;10567965
184;416661246;true;0.003796113882157877;0;1;;"test0";8752;10567965
184;-2053049010;true;0.0038091741485492808;0;1;;"test0";10329;10567965
184;756813269;true;0.0038091741485492808;0;1;;"test0";8945;10567965
184;-426612143;true;0.0038092274555293227;0;1;;"test0";8114;10567965
184;370263112;true;0.0038093900197784434;0;1;;"test0";9569;10567965
184;370263112;true;0.0038093900197784434;0;1;;"test0";10844;10567965
184;-231869854;true;0.0038093900197784434;0;1;;"test0";9951;10567965
184;370263112;true;0.0038093900197784434;0;1;;"test0";10299;10567965
184;538044664;true;0.0038295444284304177;0;1;;"test0";10091;10567965
184;159364331;true;0.0038911866789573908;0;1;;"test0";10312;10567965
184;142855000;true;0.0038911866789573908;0;1;;"test0";10042;10567965
184;-2142869553;true;0.0038911866789573908;0;1;;"test0";11162;10567965
184;-706317833;true;0.0038930485128037214;0;1;;"test0";9295;10567965
184;180065930;true;0.003915701386771361;0;1;;"test0";7585;10567965
184;128961202;true;0.003915701386771361;0;1;;"test0";10145;10567965
184;601257563;true;0.003915701386771361;0;1;;"test0";6848;10567965
184;342307991;true;0.00396870277036273;0;1;;"test0";10414;10567965
184;-1413489534;true;0.003973597077489206;0;1;;"test0";10796;10567965
184;-1413489534;true;0.003973597077489206;0;1;;"test0";10846;10567965
184;216362170;true;0.00397508597276459;0;1;;"test0";8529;10567965
184;1365408236;true;0.00397508597276459;0;1;;"test0";9302;10567965
184;828738078;true;0.00397508597276459;0;1;;"test0";10336;10567965
184;-727820551;true;0.00397508597276459;0;1;;"test0";10593;10567965
184;1974411747;true;0.00397925437354949;0;1;;"test0";10907;10567965
184;-1957117075;true;0.00397925437354949;0;1;;"test0";8266;10567965
184;1974411747;true;0.00397925437354949;0;1;;"test0";10809;10567965
184;1320895169;true;0.00397925437354949;0;1;;"test0";9343;10567965
184;-1030273792;true;0.003996500669972674;0;1;;"test0";8581;10567965
184;-850425688;true;0.004001587392349194;0;1;;"test0";10924;10567965
184;-1796918089;true;0.004001587392349194;0;1;;"test0";9833;10567965
184;1991412092;true;0.004001587392349194;0;1;;"test0";2;10567965
184;1620260768;true;0.004001587392349194;0;1;;"test0";3;10567965
185;-151667963;false;-1;0;1;;"test0";NaN;10649382
185;216362170;false;-1;0;1;;"test0";NaN;10649382
185;-850425688;false;-1;0;1;;"test0";NaN;10649382
185;2061241141;true;0.003557268798983802;0;1;;"test0";8812;10649382
185;-1835916560;true;0.003584885267336272;0;1;;"test0";8571;10649382
185;665912250;true;0.003584935865441528;0;1;;"test0";9528;10649382
185;-1831753192;true;0.0035968165749268245;0;1;;"test0";8799;10649382
185;-491443453;true;0.0035968165749268245;0;1;;"test0";8678;10649382
185;1155380154;true;0.0035994427202612617;0;1;;"test0";9573;10649382
185;2143862504;true;0.0035994427202612617;0;1;;"test0";9256;10649382
185;-101257550;true;0.0035994427202612617;0;1;;"test0";9591;10649382
185;2099434808;true;0.003796113882157877;0;1;;"test0";9094;10649382
185;713605001;true;0.003796113882157877;0;1;;"test0";12015;10649382
185;1446494316;true;0.003796113882157877;0;1;;"test0";9352;10649382
185;772254324;true;0.003796113882157877;0;1;;"test0";8229;10649382
185;756813269;true;0.0038091741485492808;0;1;;"test0";9378;10649382
185;-2003111052;true;0.0038091741485492808;0;1;;"test0";10850;10649382
185;370263112;true;0.0038093900197784434;0;1;;"test0";8627;10649382
185;370263112;true;0.0038093900197784434;0;1;;"test0";9407;10649382
185;868641115;true;0.0038295444284304177;0;1;;"test0";9246;10649382
185;538044664;true;0.0038295444284304177;0;1;;"test0";9910;10649382
185;80042422;true;0.0038911866789573908;0;1;;"test0";9498;10649382
185;-136324775;true;0.0038911866789573908;0;1;;"test0";7707;10649382
185;-1853943052;true;0.0038911866789573908;0;1;;"test0";9545;10649382
185;-270421971;true;0.0038911866789573908;0;1;;"test0";9027;10649382
185;-1037841492;true;0.0038911866789573908;0;1;;"test0";8622;10649382
185;-886570222;true;0.0038911866789573908;0;1;;"test0";9525;10649382
185;286161743;true;0.0038930485128037214;0;1;;"test0";9481;10649382
185;601257563;true;0.003915701386771361;0;1;;"test0";10442;10649382
185;601257563;true;0.003915701386771361;0;1;;"test0";8602;10649382
185;-1512808005;true;0.003915701386771361;0;1;;"test0";9770;10649382
185;601257563;true;0.003915701386771361;0;1;;"test0";6280;10649382
185;-1413489534;true;0.003973597077489206;0;1;;"test0";9687;10649382
185;-1413489534;true;0.003973597077489206;0;1;;"test0";9186;10649382
185;-341667217;true;0.00397508597276459;0;1;;"test0";10394;10649382
185;-727820551;true;0.00397508597276459;0;1;;"test0";9770;10649382
185;-727820551;true;0.00397508597276459;0;1;;"test0";10684;10649382
185;-727820551;true;0.00397508597276459;0;1;;"test0";10020;10649382
185;-649363630;true;0.00397508597276459;0;1;;"test0";7453;10649382
185;1974411747;true;0.00397925437354949;0;1;;"test0";8161;10649382
185;1974411747;true;0.00397925437354949;0;1;;"test0";9261;10649382
185;893862947;true;0.003996500669972674;0;1;;"test0";8899;10649382
185;-1030273792;true;0.003996500669972674;0;1;;"test0";7592;10649382
185;-949203551;true;0.003996500669972674;0;1;;"test0";9270;10649382
185;-1030273792;true;0.003996500669972674;0;1;;"test0";7129;10649382
185;1620260768;true;0.004001587392349194;0;1;;"test0";3;10649382
185;-850425688;true;0.004001587392349194;0;1;;"test0";9227;10649382
185;1991412092;true;0.004001587392349194;0;1;;"test0";10878;10649382
185;1766190650;true;0.004001587392349194;0;1;;"test0";11917;10649382
186;1968759638;false;-1;0;1;;"test0";NaN;10721696
186;166588352;false;-1;0;1;;"test0";NaN;10721696
186;1709726155;false;-1;0;1;;"test0";NaN;10721696
186;-511321105;true;0.003442862792272603;0;1;;"test0";7630;10721696
186;1606723384;true;0.003490015151880472;0;1;;"test0";10455;10721696
186;-457480609;true;0.0035673506453552375;0;1;;"test0";8101;10721696
186;2091961607;true;0.0035734966830134993;0;1;;"test0";8978;10721696
186;-1472233349;true;0.0035750047235437116;0;1;;"test0";8594;10721696
186;-1787640720;true;0.0035847313328940438;0;1;;"test0";7527;10721696
186;-1835916560;true;0.003584885267336272;0;1;;"test0";10533;10721696
186;-7892112;true;0.003584885267336272;0;1;;"test0";10271;10721696
186;-1911161651;true;0.0035994427202612617;0;1;;"test0";11364;10721696
186;621015632;true;0.0035994427202612617;0;1;;"test0";9102;10721696
186;-1475852904;true;0.0035994427202612617;0;1;;"test0";11187;10721696
186;-203178208;true;0.003796113882157877;0;1;;"test0";8831;10721696
186;-1319758396;true;0.003796113882157877;0;1;;"test0";7071;10721696
186;713605001;true;0.003796113882157877;0;1;;"test0";7573;10721696
186;1446494316;true;0.003796113882157877;0;1;;"test0";10622;10721696
186;756813269;true;0.0038091741485492808;0;1;;"test0";10637;10721696
186;1214833986;true;0.0038093900197784434;0;1;;"test0";8387;10721696
186;1659033674;true;0.003886069364242906;0;1;;"test0";8092;10721696
186;-1861011653;true;0.0038911866789573908;0;1;;"test0";8207;10721696
186;1923937554;true;0.0038911866789573908;0;1;;"test0";9408;10721696
186;286161743;true;0.0038930485128037214;0;1;;"test0";9687;10721696
186;286161743;true;0.0038930485128037214;0;1;;"test0";6874;10721696
186;-2106021709;true;0.0038930485128037214;0;1;;"test0";10616;10721696
186;289278393;true;0.0038930485128037214;0;1;;"test0";6883;10721696
186;2002484982;true;0.0038930485128037214;0;1;;"test0";7344;10721696
186;1054445637;true;0.003915701386771361;0;1;;"test0";7504;10721696
186;276757486;true;0.003915701386771361;0;1;;"test0";8148;10721696
186;-720895694;true;0.003915701386771361;0;1;;"test0";7962;10721696
186;-1512808005;true;0.003915701386771361;0;1;;"test0";9202;10721696
186;-1934679649;true;0.003915701386771361;0;1;;"test0";6742;10721696
186;-1132812806;true;0.003915701386771361;0;1;;"test0";8020;10721696
186;-983011344;true;0.003972379091502884;0;1;;"test0";11088;10721696
186;-1143464470;true;0.003972379091502891;0;1;;"test0";9103;10721696
186;-1413489534;true;0.003973597077489206;0;1;;"test0";10639;10721696
186;-1413489534;true;0.003973597077489206;0;1;;"test0";9480;10721696
186;-1492391036;true;0.003973597077489206;0;1;;"test0";9928;10721696
186;115008352;true;0.00397925437354949;0;1;;"test0";10416;10721696
186;-1820857823;true;0.00397925437354949;0;1;;"test0";6551;10721696
186;402182045;true;0.00397925437354949;0;1;;"test0";8148;10721696
186;1974411747;true;0.00397925437354949;0;1;;"test0";11277;10721696
186;-949203551;true;0.003996500669972674;0;1;;"test0";10658;10721696
186;-685836712;true;0.004001587392349194;0;1;;"test0";8893;10721696
186;1620260768;true;0.004001587392349194;0;1;;"test0";7095;10721696
186;-1199197961;true;0.004001587392349194;0;1;;"test0";10816;10721696
186;846590305;true;0.004001587392349194;0;1;;"test0";7324;10721696
186;1766190650;true;0.004001587392349194;0;1;;"test0";1;10721696
186;1991412092;true;0.004001587392349194;0;1;;"test0";1;10721696
187;-1820857823;false;-1;0;1;;"test0";NaN;10787894
187;1097843432;true;0.00286427732079906;0;1;;"test0";8885;10787894
187;-314162962;true;0.00286427732079906;0;1;;"test0";8318;10787894
187;-683820871;true;0.00286427732079906;0;1;;"test0";8190;10787894
187;1367925337;true;0.00286427732079906;0;1;;"test0";9646;10787894
187;1884147200;true;0.00345049114166193;0;1;;"test0";10670;10787894
187;1329838012;true;0.003573413839368878;0;1;;"test0";11563;10787894
187;-1787640720;true;0.0035847313328940438;0;1;;"test0";8269;10787894
187;-69728385;true;0.0035847313328940438;0;1;;"test0";6451;10787894
187;-2084539026;true;0.0035994427202612617;0;1;;"test0";9034;10787894
187;1136505771;true;0.0035994427202612617;0;1;;"test0";10374;10787894
187;1586026684;true;0.0035994427202612617;0;1;;"test0";9652;10787894
187;-1323610842;true;0.0035994427202612617;0;1;;"test0";9460;10787894
187;-1226060962;true;0.003796113882157877;0;1;;"test0";8203;10787894
187;756813269;true;0.0038091741485492808;0;1;;"test0";9791;10787894
187;1904031628;true;0.0038092274555293227;0;1;;"test0";9556;10787894
187;1214833986;true;0.0038093900197784434;0;1;;"test0";8239;10787894
187;1214833986;true;0.0038093900197784434;0;1;;"test0";8295;10787894
187;1942493690;true;0.0038916454000423113;0;1;;"test0";10106;10787894
187;2002484982;true;0.0038930485128037214;0;1;;"test0";10356;10787894
187;2002484982;true;0.0038930485128037214;0;1;;"test0";10709;10787894
187;-814496560;true;0.0038930485128037214;0;1;;"test0";9913;10787894
187;390208816;true;0.003915701386771361;0;1;;"test0";11671;10787894
187;-1132812806;true;0.003915701386771361;0;1;;"test0";10264;10787894
187;-813715720;true;0.00396870277036273;0;1;;"test0";9516;10787894
187;-1212453792;true;0.003972379091502884;0;1;;"test0";11461;10787894
187;-1415613563;true;0.003972379091502884;0;1;;"test0";8585;10787894
187;-199481245;true;0.003972379091502884;0;1;;"test0";10250;10787894
187;-1143464470;true;0.003972379091502891;0;1;;"test0";10702;10787894
187;-1143464470;true;0.003972379091502891;0;1;;"test0";9806;10787894
187;1740036540;true;0.003973597077489206;0;1;;"test0";9589;10787894
187;-147177639;true;0.003973597077489206;0;1;;"test0";8722;10787894
187;-1413489534;true;0.003973597077489206;0;1;;"test0";9466;10787894
187;-1492391036;true;0.003973597077489206;0;1;;"test0";10487;10787894
187;-1961785996;true;0.00397508597276459;0;1;;"test0";9560;10787894
187;1974411747;true;0.00397925437354949;0;1;;"test0";10163;10787894
187;664093219;true;0.00397925437354949;0;1;;"test0";9248;10787894
187;-344983075;true;0.00397925437354949;0;1;;"test0";8393;10787894
187;115008352;true;0.00397925437354949;0;1;;"test0";8702;10787894
187;-1820857823;true;0.00397925437354949;0;1;;"test0";9601;10787894
187;1316836684;true;0.00397925437354949;0;1;;"test0";9702;10787894
187;1974411747;true;0.00397925437354949;0;1;;"test0";10324;10787894
187;-2133531808;true;0.00397925437354949;0;1;;"test0";8858;10787894
187;115008352;true;0.00397925437354949;0;1;;"test0";9564;10787894
187;1766190650;true;0.004001587392349194;0;1;;"test0";9332;10787894
187;-685836712;true;0.004001587392349194;0;1;;"test0";9158;10787894
187;1539871543;true;0.004001587392349194;0;1;;"test0";9219;10787894
187;1991412092;true;0.004001587392349194;0;1;;"test0";1;10787894
187;1766190650;true;0.004001587392349194;0;1;;"test0";7896;10787894
188;1347965320;false;-1;0;1;;"test0";NaN;10871218
188;-1163300993;true;0.00286427732079906;0;1;;"test0";10877;10871218
188;-794747483;true;0.00286427732079906;0;1;;"test0";10053;10871218
188;538972535;true;0.00286427732079906;0;1;;"test0";10757;10871218
188;-1096919902;true;0.0034476582678712687;0;1;;"test0";10620;10871218
188;497571210;true;0.00345049114166193;0;1;;"test0";10878;10871218
188;1521176145;true;0.00345049114166193;0;1;;"test0";9114;10871218
188;-1670424660;true;0.00345049114166193;0;1;;"test0";11957;10871218
188;1779677413;true;0.00345049114166193;0;1;;"test0";10905;10871218
188;-637328526;true;0.0034523666030999104;0;1;;"test0";11473;10871218
188;2003523061;true;0.0035866790158134215;0;1;;"test0";10365;10871218
188;-734060031;true;0.003596785666191499;0;1;;"test0";10157;10871218
188;1973321118;true;0.0035994427202612617;0;1;;"test0";11056;10871218
188;-1813390707;true;0.0035994427202612617;0;1;;"test0";8388;10871218
188;-1226060962;true;0.003796113882157877;0;1;;"test0";11053;10871218
188;-1226060962;true;0.003796113882157877;0;1;;"test0";11065;10871218
188;1785094191;true;0.003796113882157877;0;1;;"test0";9560;10871218
188;1197555072;true;0.003796113882157877;0;1;;"test0";10328;10871218
188;1904031628;true;0.0038092274555293227;0;1;;"test0";8747;10871218
188;-970814964;true;0.0038092274555293227;0;1;;"test0";8478;10871218
188;-653122876;true;0.0038093900197784434;0;1;;"test0";10785;10871218
188;-1265994304;true;0.0038916454000423113;0;1;;"test0";10479;10871218
188;437211506;true;0.0038916454000423113;0;1;;"test0";8749;10871218
188;-1246354433;true;0.0038930485128037214;0;1;;"test0";10629;10871218
188;2002484982;true;0.0038930485128037214;0;1;;"test0";10826;10871218
188;1587908667;true;0.0038930485128037214;0;1;;"test0";11427;10871218
188;-1137428309;true;0.0038930485128037214;0;1;;"test0";9893;10871218
188;-52100569;true;0.0038930485128037214;0;1;;"test0";9661;10871218
188;2103108701;true;0.0038930485128037214;0;1;;"test0";9531;10871218
188;1911126547;true;0.003913865646840559;0;1;;"test0";10513;10871218
188;-1139857752;true;0.003915701386771361;0;1;;"test0";9474;10871218
188;390208816;true;0.003915701386771361;0;1;;"test0";11047;10871218
188;432653695;true;0.003915701386771361;0;1;;"test0";10390;10871218
188;411019583;true;0.003930404277074101;0;1;;"test0";9273;10871218
188;-813715720;true;0.00396870277036273;0;1;;"test0";10729;10871218
188;-1212453792;true;0.003972379091502884;0;1;;"test0";9768;10871218
188;-1212453792;true;0.003972379091502884;0;1;;"test0";10035;10871218
188;-1415613563;true;0.003972379091502884;0;1;;"test0";9937;10871218
188;-415559856;true;0.003972379091502884;0;1;;"test0";11336;10871218
188;-1415613563;true;0.003972379091502884;0;1;;"test0";9660;10871218
188;-2050981297;true;0.003972379091502891;0;1;;"test0";9999;10871218
188;-1413489534;true;0.003973597077489206;0;1;;"test0";9803;10871218
188;1740036540;true;0.003973597077489206;0;1;;"test0";11486;10871218
188;-1413489534;true;0.003973597077489206;0;1;;"test0";9005;10871218
188;-1877720302;true;0.003973597077489206;0;1;;"test0";11869;10871218
188;-1672458097;true;0.00397925437354949;0;1;;"test0";8546;10871218
188;-2133531808;true;0.00397925437354949;0;1;;"test0";10083;10871218
188;1555624423;true;0.00397925437354949;0;1;;"test0";7950;10871218
188;1766190650;true;0.004001587392349194;0;1;;"test0";4;10871218
188;1991412092;true;0.004001587392349194;0;1;;"test0";1;10871218
189;-1212453792;false;-1;0;1;;"test0";NaN;10951633
189;1488865870;false;-1;0;1;;"test0";NaN;10951633
189;-2011634830;true;0.0034428799620114625;0;1;;"test0";9721;10951633
189;1779677413;true;0.00345049114166193;0;1;;"test0";9217;10951633
189;1902733878;true;0.00345049114166193;0;1;;"test0";9738;10951633
189;-637328526;true;0.0034523666030999104;0;1;;"test0";9553;10951633
189;1930211145;true;0.0034523666030999104;0;1;;"test0";9408;10951633
189;422877997;true;0.0035734966830134993;0;1;;"test0";9848;10951633
189;-389667122;true;0.00358104726391752;0;1;;"test0";10263;10951633
189;2003523061;true;0.0035866790158134215;0;1;;"test0";9085;10951633
189;2008823352;true;0.0035866790158134215;0;1;;"test0";9936;10951633
189;-573816243;true;0.003596785666191499;0;1;;"test0";7421;10951633
189;1112737861;true;0.0035994427202612617;0;1;;"test0";11270;10951633
189;-1107893164;true;0.0035994427202612617;0;1;;"test0";8438;10951633
189;-1954707396;true;0.0035994427202612617;0;1;;"test0";9267;10951633
189;1585467024;true;0.003796113882157877;0;1;;"test0";9293;10951633
189;-567825148;true;0.003796113882157877;0;1;;"test0";8525;10951633
189;365952873;true;0.003796113882157877;0;1;;"test0";9231;10951633
189;-222433538;true;0.003796113882157877;0;1;;"test0";9575;10951633
189;-1226060962;true;0.003796113882157877;0;1;;"test0";9507;10951633
189;-149244451;true;0.003796113882157877;0;1;;"test0";9283;10951633
189;-996381499;true;0.003796113882157877;0;1;;"test0";9539;10951633
189;-970814964;true;0.0038092274555293227;0;1;;"test0";11561;10951633
189;-1109870593;true;0.0038092274555293227;0;1;;"test0";11461;10951633
189;1904031628;true;0.0038092274555293227;0;1;;"test0";8876;10951633
189;-343767018;true;0.0038092274555293227;0;1;;"test0";8641;10951633
189;-653122876;true;0.0038093900197784434;0;1;;"test0";10540;10951633
189;195781854;true;0.0038093900197784434;0;1;;"test0";10364;10951633
189;687535965;true;0.0038093900197784434;0;1;;"test0";9003;10951633
189;-1722809720;true;0.003888361462862496;0;1;;"test0";10605;10951633
189;-1265994304;true;0.0038916454000423113;0;1;;"test0";9819;10951633
189;-262276901;true;0.0038930485128037214;0;1;;"test0";9390;10951633
189;2002484982;true;0.0038930485128037214;0;1;;"test0";10581;10951633
189;131379966;true;0.003915701386771361;0;1;;"test0";11284;10951633
189;-819242993;true;0.003915701386771361;0;1;;"test0";11289;10951633
189;-751063744;true;0.00396870277036273;0;1;;"test0";9718;10951633
189;-185435073;true;0.00396870277036273;0;1;;"test0";9280;10951633
189;1029348659;true;0.003972379091502884;0;1;;"test0";9709;10951633
189;355454086;true;0.003972379091502884;0;1;;"test0";8769;10951633
189;1066705107;true;0.003972379091502884;0;1;;"test0";10644;10951633
189;-1212453792;true;0.003972379091502884;0;1;;"test0";10674;10951633
189;-1408371272;true;0.003972379091502891;0;1;;"test0";11363;10951633
189;-796729401;true;0.003973597077489206;0;1;;"test0";10450;10951633
189;-1413489534;true;0.003973597077489206;0;1;;"test0";9731;10951633
189;824323715;true;0.00397508597276459;0;1;;"test0";8876;10951633
189;-1672458097;true;0.00397925437354949;0;1;;"test0";9636;10951633
189;-244499920;true;0.004001587392349194;0;1;;"test0";11277;10951633
189;1766190650;true;0.004001587392349194;0;1;;"test0";1;10951633
189;1991412092;true;0.004001587392349194;0;1;;"test0";11290;10951633
190;-2026090894;false;-1;0;1;;"test0";NaN;11022721
190;894157176;false;-1;0;1;;"test0";NaN;11022721
190;1891468003;true;0.00286427732079906;0;1;;"test0";10668;11022721
190;-1181395346;true;0.003003432494279176;0;1;;"test0";10399;11022721
190;1172859564;true;0.00345049114166193;0;1;;"test0";8503;11022721
190;-1678562213;true;0.00345049114166193;0;1;;"test0";9898;11022721
190;-637328526;true;0.0034523666030999104;0;1;;"test0";10406;11022721
190;-2038672154;true;0.003573413839368878;0;1;;"test0";11257;11022721
190;422877997;true;0.0035734966830134993;0;1;;"test0";10946;11022721
190;-760971061;true;0.0035753273099229823;0;1;;"test0";11388;11022721
190;-161620107;true;0.0035779476868633762;0;1;;"test0";7432;11022721
190;-1352420084;true;0.003582585793880666;0;1;;"test0";10236;11022721
190;2008823352;true;0.0035866790158134215;0;1;;"test0";11537;11022721
190;2008823352;true;0.0035866790158134215;0;1;;"test0";9072;11022721
190;1574266619;true;0.003596785666191499;0;1;;"test0";7909;11022721
190;-573816243;true;0.003596785666191499;0;1;;"test0";10966;11022721
190;-840546313;true;0.0035994427202612617;0;1;;"test0";9215;11022721
190;863041347;true;0.0035994427202612617;0;1;;"test0";8638;11022721
190;-1954707396;true;0.0035994427202612617;0;1;;"test0";7828;11022721
190;-1746934781;true;0.0035994427202612617;0;1;;"test0";6074;11022721
190;2072768654;true;0.0035994427202612617;0;1;;"test0";5963;11022721
190;773450025;true;0.003796113882157877;0;1;;"test0";8764;11022721
190;-246592235;true;0.003796113882157877;0;1;;"test0";9489;11022721
190;-972221059;true;0.0038093900197784434;0;1;;"test0";9813;11022721
190;1564761051;true;0.0038093900197784434;0;1;;"test0";10294;11022721
190;1438156040;true;0.003875721941553834;0;1;;"test0";11066;11022721
190;-570522792;true;0.003888361462862496;0;1;;"test0";10691;11022721
190;1128524492;true;0.0038911866789573908;0;1;;"test0";8799;11022721
190;-1558800360;true;0.003915701386771361;0;1;;"test0";9588;11022721
190;131379966;true;0.003915701386771361;0;1;;"test0";10687;11022721
190;-2043147714;true;0.003915701386771361;0;1;;"test0";9049;11022721
190;131379966;true;0.003915701386771361;0;1;;"test0";8594;11022721
190;131379966;true;0.003915701386771361;0;1;;"test0";8185;11022721
190;-43894393;true;0.00396870277036273;0;1;;"test0";9701;11022721
190;861689957;true;0.00396870277036273;0;1;;"test0";9921;11022721
190;-2142915254;true;0.00396870277036273;0;1;;"test0";9948;11022721
190;1066705107;true;0.003972379091502884;0;1;;"test0";9488;11022721
190;1066705107;true;0.003972379091502884;0;1;;"test0";9277;11022721
190;-195317546;true;0.003972379091502891;0;1;;"test0";9856;11022721
190;-1408371272;true;0.003972379091502891;0;1;;"test0";9719;11022721
190;-713639759;true;0.003972379091502891;0;1;;"test0";8243;11022721
190;-1817976035;true;0.003973597077489206;0;1;;"test0";10954;11022721
190;-762178618;true;0.00397925437354949;0;1;;"test0";9700;11022721
190;1925855443;true;0.00397925437354949;0;1;;"test0";9111;11022721
190;125224598;true;0.0039896231714483;0;1;;"test0";10563;11022721
190;-929364383;true;0.003996500669972674;0;1;;"test0";8787;11022721
190;1520458398;true;0.004001587392349194;0;1;;"test0";10687;11022721
190;-244499920;true;0.004001587392349194;0;1;;"test0";11171;11022721
190;1991412092;true;0.004001587392349194;0;1;;"test0";2;11022721
190;1766190650;true;0.004001587392349194;0;1;;"test0";2;11022721
191;-1790421265;false;-1;0;1;;"test0";NaN;11093347
191;1223693653;true;0.00286427732079906;0;1;;"test0";7534;11093347
191;-1531146305;true;0.00286427732079906;0;1;;"test0";11239;11093347
191;-1341001279;true;0.003003432494279176;0;1;;"test0";10011;11093347
191;83707494;true;0.003442862792272603;0;1;;"test0";8919;11093347
191;989793967;true;0.003573413839368878;0;1;;"test0";9869;11093347
191;595949196;true;0.0035734966830134993;0;1;;"test0";11429;11093347
191;583342985;true;0.003584935865441528;0;1;;"test0";10021;11093347
191;-372678260;true;0.0035854007793519123;0;1;;"test0";8893;11093347
191;1624766249;true;0.0035866790158134215;0;1;;"test0";10942;11093347
191;1870943714;true;0.0035994427202612617;0;1;;"test0";8312;11093347
191;-2041731207;true;0.003796113882157877;0;1;;"test0";9957;11093347
191;1113091249;true;0.003796113882157877;0;1;;"test0";10373;11093347
191;-1538974867;true;0.003796113882157877;0;1;;"test0";9485;11093347
191;-1082690131;true;0.003875721941553834;0;1;;"test0";9773;11093347
191;1438156040;true;0.003875721941553834;0;1;;"test0";9693;11093347
191;-1192742798;true;0.003886592346508793;0;1;;"test0";11250;11093347
191;-1703971630;true;0.003888361462862496;0;1;;"test0";9687;11093347
191;-570522792;true;0.003888361462862496;0;1;;"test0";8810;11093347
191;1128524492;true;0.0038911866789573908;0;1;;"test0";9482;11093347
191;-2117530565;true;0.0038911866789573908;0;1;;"test0";11007;11093347
191;-1156605593;true;0.0038911866789573908;0;1;;"test0";11230;11093347
191;537788389;true;0.0038930485128037214;0;1;;"test0";9090;11093347
191;1272925337;true;0.003915701386771361;0;1;;"test0";9442;11093347
191;131379966;true;0.003915701386771361;0;1;;"test0";7996;11093347
191;2050828189;true;0.00396870277036273;0;1;;"test0";11114;11093347
191;37198396;true;0.00396870277036273;0;1;;"test0";10983;11093347
191;1788237005;true;0.00396870277036273;0;1;;"test0";7681;11093347
191;1066705107;true;0.003972379091502884;0;1;;"test0";8281;11093347
191;1066705107;true;0.003972379091502884;0;1;;"test0";11214;11093347
191;-1542756129;true;0.003972379091502884;0;1;;"test0";10516;11093347
191;-1296394970;true;0.003972379091502891;0;1;;"test0";8279;11093347
191;-1343290744;true;0.003972379091502891;0;1;;"test0";8585;11093347
191;321514481;true;0.003972379091502891;0;1;;"test0";8798;11093347
191;-1817976035;true;0.003973597077489206;0;1;;"test0";11002;11093347
191;1306588920;true;0.00397508597276459;0;1;;"test0";8646;11093347
191;-1185064751;true;0.00397925437354949;0;1;;"test0";11055;11093347
191;1925855443;true;0.00397925437354949;0;1;;"test0";8286;11093347
191;-762178618;true;0.00397925437354949;0;1;;"test0";11002;11093347
191;1516087780;true;0.00397925437354949;0;1;;"test0";8789;11093347
191;-732384389;true;0.00397925437354949;0;1;;"test0";11177;11093347
191;125224598;true;0.0039896231714483;0;1;;"test0";9328;11093347
191;125224598;true;0.0039896231714483;0;1;;"test0";10122;11093347
191;299359986;true;0.0039896231714483;0;1;;"test0";10284;11093347
191;-214358298;true;0.003996500669972674;0;1;;"test0";8903;11093347
191;1991412092;true;0.004001587392349194;0;1;;"test0";2;11093347
191;1578757195;true;0.004001587392349194;0;1;;"test0";8651;11093347
191;1474668713;true;0.004001587392349194;0;1;;"test0";8765;11093347
191;1766190650;true;0.004001587392349194;0;1;;"test0";3;11093347
191;-2054082524;true;0.004001587392349194;0;1;;"test0";6789;11093347
192;-1473084650;false;-1;0;1;;"test0";NaN;11166337
192;1066705107;false;-1;0;1;;"test0";NaN;11166337
192;692771387;true;0.00344693226495443;0;1;;"test0";9836;11166337
192;800506204;true;0.003573413839368878;0;1;;"test0";8655;11166337
192;304833717;true;0.0035735975792387355;0;1;;"test0";9304;11166337
192;-1435280950;true;0.003575247464352792;0;1;;"test0";10775;11166337
192;-532963322;true;0.0035994427202612617;0;1;;"test0";6752;11166337
192;1773936296;true;0.003755841769688963;0;1;;"test0";8087;11166337
192;-903415645;true;0.003796113882157877;0;1;;"test0";8661;11166337
192;2125775337;true;0.003796113882157877;0;1;;"test0";10035;11166337
192;-344154554;true;0.003796113882157877;0;1;;"test0";9412;11166337
192;-1478501813;true;0.003796113882157877;0;1;;"test0";7105;11166337
192;-1006231667;true;0.003796113882157877;0;1;;"test0";10770;11166337
192;-785331946;true;0.0038865349530413994;0;1;;"test0";10189;11166337
192;-36179835;true;0.0038870282335081493;0;1;;"test0";5614;11166337
192;1627386408;true;0.003888361462862496;0;1;;"test0";11248;11166337
192;-570522792;true;0.003888361462862496;0;1;;"test0";7503;11166337
192;-952241056;true;0.003913266193946688;0;1;;"test0";9456;11166337
192;1332441659;true;0.003913266193946688;0;1;;"test0";10855;11166337
192;998231038;true;0.003913266193946688;0;1;;"test0";7027;11166337
192;-317100017;true;0.003915701386771361;0;1;;"test0";10269;11166337
192;494643504;true;0.003915701386771361;0;1;;"test0";7754;11166337
192;1272925337;true;0.003915701386771361;0;1;;"test0";8997;11166337
192;-293413742;true;0.003915701386771361;0;1;;"test0";7583;11166337
192;-82929487;true;0.003915701386771361;0;1;;"test0";11109;11166337
192;324592593;true;0.003915701386771361;0;1;;"test0";10033;11166337
192;2050828189;true;0.00396870277036273;0;1;;"test0";11162;11166337
192;-441015954;true;0.00396870277036273;0;1;;"test0";9862;11166337
192;939311421;true;0.00396870277036273;0;1;;"test0";6436;11166337
192;-1542756129;true;0.003972379091502884;0;1;;"test0";10495;11166337
192;9419622;true;0.003972379091502884;0;1;;"test0";9926;11166337
192;1066705107;true;0.003972379091502884;0;1;;"test0";11354;11166337
192;-1818644431;true;0.003972379091502891;0;1;;"test0";10832;11166337
192;321514481;true;0.003972379091502891;0;1;;"test0";8045;11166337
192;-1851792260;true;0.003973597077489206;0;1;;"test0";8415;11166337
192;-1075116251;true;0.003973597077489206;0;1;;"test0";8198;11166337
192;-1852246122;true;0.003973597077489206;0;1;;"test0";11145;11166337
192;-1817976035;true;0.003973597077489206;0;1;;"test0";9914;11166337
192;55718402;true;0.00397508597276459;0;1;;"test0";9821;11166337
192;-1326668817;true;0.00397925437354949;0;1;;"test0";10453;11166337
192;-1681832467;true;0.00397925437354949;0;1;;"test0";12294;11166337
192;-1509216596;true;0.00397925437354949;0;1;;"test0";11036;11166337
192;299359986;true;0.0039896231714483;0;1;;"test0";10025;11166337
192;-214358298;true;0.003996500669972674;0;1;;"test0";8648;11166337
192;1942731383;true;0.003996500669972674;0;1;;"test0";10053;11166337
192;1507315386;true;0.003996500669972674;0;1;;"test0";10729;11166337
192;-550277295;true;0.004000321967775602;0;1;;"test0";10184;11166337
192;1766190650;true;0.004001587392349194;0;1;;"test0";1;11166337
192;1991412092;true;0.004001587392349194;0;1;;"test0";7554;11166337
192;-2054082524;true;0.004001587392349194;0;1;;"test0";1;11166337
193;299359986;false;-1;0;1;;"test0";NaN;11238530
193;1848180210;false;-1;0;1;;"test0";NaN;11238530
193;1105338686;true;0.003552465648449257;0;1;;"test0";9657;11238530
193;800506204;true;0.003573413839368878;0;1;;"test0";9691;11238530
193;-1106971320;true;0.0035735975792387355;0;1;;"test0";8697;11238530
193;-1642482053;true;0.0035750047235437116;0;1;;"test0";6979;11238530
193;2021557096;true;0.0035774120306526374;0;1;;"test0";10132;11238530
193;1120811222;true;0.0035774849907312407;0;1;;"test0";9607;11238530
193;1359505114;true;0.0035774849907312407;0;1;;"test0";10955;11238530
193;148199291;true;0.003582408213195265;0;1;;"test0";10431;11238530
193;1726986224;true;0.0035994427202612617;0;1;;"test0";8671;11238530
193;-1685186886;true;0.0035994427202612617;0;1;;"test0";8683;11238530
193;1335124092;true;0.003755841769688963;0;1;;"test0";9065;11238530
193;-2028970814;true;0.003796113882157877;0;1;;"test0";9014;11238530
193;242273238;true;0.003796635249093002;0;1;;"test0";9099;11238530
193;-798897488;true;0.003890633952580125;0;1;;"test0";8468;11238530
193;-293413742;true;0.003915701386771361;0;1;;"test0";10019;11238530
193;355518074;true;0.00396870277036273;0;1;;"test0";10320;11238530
193;-441015954;true;0.00396870277036273;0;1;;"test0";8038;11238530
193;1509334360;true;0.00396870277036273;0;1;;"test0";8467;11238530
193;-911129851;true;0.003972379091502884;0;1;;"test0";6287;11238530
193;-1825051473;true;0.003973597077489206;0;1;;"test0";11001;11238530
193;205471210;true;0.003973597077489206;0;1;;"test0";9651;11238530
193;1560703622;true;0.00397508597276459;0;1;;"test0";8797;11238530
193;1410743748;true;0.00397508597276459;0;1;;"test0";10183;11238530
193;55718402;true;0.00397508597276459;0;1;;"test0";8900;11238530
193;1503701382;true;0.00397508597276459;0;1;;"test0";10465;11238530
193;55718402;true;0.00397508597276459;0;1;;"test0";10039;11238530
193;-1928429512;true;0.00397508597276459;0;1;;"test0";8671;11238530
193;55718402;true;0.00397508597276459;0;1;;"test0";10518;11238530
193;55718402;true;0.00397508597276459;0;1;;"test0";10852;11238530
193;1339963858;true;0.00397508597276459;0;1;;"test0";10305;11238530
193;1939682778;true;0.003976110182310492;0;1;;"test0";9500;11238530
193;659250409;true;0.00397925437354949;0;1;;"test0";11140;11238530
193;-1071504362;true;0.00397925437354949;0;1;;"test0";9500;11238530
193;369075427;true;0.00397925437354949;0;1;;"test0";6787;11238530
193;-1817763537;true;0.003988394510529679;0;1;;"test0";10158;11238530
193;-1909892001;true;0.0039896231714483;0;1;;"test0";9600;11238530
193;299359986;true;0.0039896231714483;0;1;;"test0";10050;11238530
193;1507315386;true;0.003996500669972674;0;1;;"test0";11544;11238530
193;1326841416;true;0.003996500669972674;0;1;;"test0";6372;11238530
193;-1336718701;true;0.003996500669972674;0;1;;"test0";11540;11238530
193;-550277295;true;0.004000321967775602;0;1;;"test0";8132;11238530
193;1232071651;true;0.004001587392349194;0;1;;"test0";8953;11238530
193;1991412092;true;0.004001587392349194;0;1;;"test0";1;11238530
193;328502472;true;0.004001587392349194;0;1;;"test0";10510;11238530
193;364861519;true;0.004001587392349194;0;1;;"test0";11613;11238530
193;-2054082524;true;0.004001587392349194;0;1;;"test0";11394;11238530
193;-2054082524;true;0.004001587392349194;0;1;;"test0";10520;11238530
194;-114152102;false;-1;0;1;;"test0";NaN;11316994
194;1131723160;true;0.00286427732079906;0;1;;"test0";9758;11316994
194;1130866754;true;0.003003432494279176;0;1;;"test0";9523;11316994
194;1105338686;true;0.003552465648449257;0;1;;"test0";9301;11316994
194;1105338686;true;0.003552465648449257;0;1;;"test0";9653;11316994
194;-1310093798;true;0.0035744815684907367;0;1;;"test0";9560;11316994
194;148199291;true;0.003582408213195265;0;1;;"test0";6924;11316994
194;1720558941;true;0.003582408213195265;0;1;;"test0";8324;11316994
194;1077171987;true;0.0035994427202612617;0;1;;"test0";9409;11316994
194;1335124092;true;0.003755841769688963;0;1;;"test0";9932;11316994
194;292571756;true;0.003755841769688963;0;1;;"test0";11529;11316994
194;-1689509780;true;0.003755841769688963;0;1;;"test0";10469;11316994
194;1335124092;true;0.003755841769688963;0;1;;"test0";9232;11316994
194;1144630236;true;0.003796635249093002;0;1;;"test0";10901;11316994
194;242273238;true;0.003796635249093002;0;1;;"test0";11036;11316994
194;1180660456;true;0.003876096134523445;0;1;;"test0";8495;11316994
194;703826071;true;0.003886592346508793;0;1;;"test0";8210;11316994
194;-881293790;true;0.003889494001552823;0;1;;"test0";10835;11316994
194;-798897488;true;0.003890633952580125;0;1;;"test0";9609;11316994
194;260450486;true;0.003890633952580125;0;1;;"test0";7350;11316994
194;-798897488;true;0.003890633952580125;0;1;;"test0";10694;11316994
194;-798897488;true;0.003890633952580125;0;1;;"test0";8342;11316994
194;-798897488;true;0.003890633952580125;0;1;;"test0";9474;11316994
194;-798897488;true;0.003890633952580125;0;1;;"test0";9797;11316994
194;-1014949452;true;0.003913266193946688;0;1;;"test0";9654;11316994
194;-1399832412;true;0.003915701386771361;0;1;;"test0";9962;11316994
194;-592285290;true;0.00397508597276459;0;1;;"test0";9890;11316994
194;-1299316752;true;0.00397508597276459;0;1;;"test0";10093;11316994
194;1570252033;true;0.00397508597276459;0;1;;"test0";9557;11316994
194;-343761943;true;0.00397508597276459;0;1;;"test0";9552;11316994
194;-2024085795;true;0.00397508597276459;0;1;;"test0";9524;11316994
194;556346538;true;0.003976110182310492;0;1;;"test0";10188;11316994
194;-949484949;true;0.00397925437354949;0;1;;"test0";11628;11316994
194;791796083;true;0.00397925437354949;0;1;;"test0";10268;11316994
194;369075427;true;0.00397925437354949;0;1;;"test0";12295;11316994
194;791796083;true;0.00397925437354949;0;1;;"test0";12062;11316994
194;-1664922245;true;0.003988394510529679;0;1;;"test0";9939;11316994
194;-1817763537;true;0.003988394510529679;0;1;;"test0";9043;11316994
194;1815542729;true;0.0039896231714483;0;1;;"test0";10475;11316994
194;55374851;true;0.0039896231714483;0;1;;"test0";10190;11316994
194;1337569931;true;0.003996500669972674;0;1;;"test0";12175;11316994
194;1507315386;true;0.003996500669972674;0;1;;"test0";11947;11316994
194;-263984443;true;0.003996500669972674;0;1;;"test0";11381;11316994
194;569534953;true;0.004000321967775602;0;1;;"test0";9780;11316994
194;163777521;true;0.004000321967775602;0;1;;"test0";10731;11316994
194;-1078478270;true;0.004001587392349194;0;1;;"test0";8428;11316994
194;-1122195767;true;0.004001587392349194;0;1;;"test0";10601;11316994
194;-2054082524;true;0.004001587392349194;0;1;;"test0";1;11316994
194;1973054965;true;0.00400212704991644;0;1;;"test0";7513;11316994
195;1386204360;false;-1;0;1;;"test0";NaN;11391148
195;-1014949452;false;-1;0;1;;"test0";NaN;11391148
195;148199291;false;-1;0;1;;"test0";NaN;11391148
195;-1640521456;true;0.00286427732079906;0;1;;"test0";7372;11391148
195;-1253421545;true;0.00286427732079906;0;1;;"test0";10406;11391148
195;1044530749;true;0.003003432494279176;0;1;;"test0";8920;11391148
195;-17512479;true;0.003003432494279176;0;1;;"test0";7366;11391148
195;1130866754;true;0.003003432494279176;0;1;;"test0";8978;11391148
195;-846020822;true;0.003446730426075875;0;1;;"test0";10934;11391148
195;-449468726;true;0.00344693226495443;0;1;;"test0";11109;11391148
195;-604109173;true;0.0034523666030999104;0;1;;"test0";11069;11391148
195;764556741;true;0.003575247464352792;0;1;;"test0";8556;11391148
195;207662694;true;0.0035756687985765484;0;1;;"test0";8447;11391148
195;148199291;true;0.003582408213195265;0;1;;"test0";8812;11391148
195;-50960270;true;0.0035826441675335234;0;1;;"test0";9131;11391148
195;1184884887;true;0.0035994427202612617;0;1;;"test0";11027;11391148
195;-119433588;true;0.0035994427202612617;0;1;;"test0";8307;11391148
195;-1689509780;true;0.003755841769688963;0;1;;"test0";8694;11391148
195;-927515243;true;0.003755841769688963;0;1;;"test0";8581;11391148
195;-918175744;true;0.003796113882157877;0;1;;"test0";7547;11391148
195;1180660456;true;0.003876096134523445;0;1;;"test0";8548;11391148
195;1180660456;true;0.003876096134523445;0;1;;"test0";7825;11391148
195;1180660456;true;0.003876096134523445;0;1;;"test0";8057;11391148
195;2102151276;true;0.0038860564147036583;0;1;;"test0";9555;11391148
195;-1573497104;true;0.003890633952580125;0;1;;"test0";8151;11391148
195;-856340296;true;0.003890633952580125;0;1;;"test0";10139;11391148
195;-1014949452;true;0.003913266193946688;0;1;;"test0";10174;11391148
195;1565884239;true;0.003913266193946688;0;1;;"test0";10208;11391148
195;-1014949452;true;0.003913266193946688;0;1;;"test0";10186;11391148
195;-650494298;true;0.00397508597276459;0;1;;"test0";10193;11391148
195;1471509638;true;0.00397508597276459;0;1;;"test0";10566;11391148
195;-2141868168;true;0.00397508597276459;0;1;;"test0";8932;11391148
195;369075427;true;0.00397925437354949;0;1;;"test0";10743;11391148
195;-1664922245;true;0.003988394510529679;0;1;;"test0";7322;11391148
195;-1509144621;true;0.003988394510529679;0;1;;"test0";10846;11391148
195;-26709570;true;0.0039896231714483;0;1;;"test0";7347;11391148
195;-811025159;true;0.0039896231714483;0;1;;"test0";11024;11391148
195;1815542729;true;0.0039896231714483;0;1;;"test0";9565;11391148
195;171883911;true;0.003996500669972674;0;1;;"test0";9950;11391148
195;1507315386;true;0.003996500669972674;0;1;;"test0";10077;11391148
195;1454720628;true;0.004000321967775602;0;1;;"test0";7924;11391148
195;-355733892;true;0.004000321967775602;0;1;;"test0";9337;11391148
195;569534953;true;0.004000321967775602;0;1;;"test0";8647;11391148
195;163777521;true;0.004000321967775602;0;1;;"test0";8488;11391148
195;50872876;true;0.004001587392349194;0;1;;"test0";7702;11391148
195;-658772690;true;0.004001587392349194;0;1;;"test0";8510;11391148
195;-2054082524;true;0.004001587392349194;0;1;;"test0";1;11391148
195;1973054965;true;0.00400212704991644;0;1;;"test0";7804;11391148
195;-845558445;true;0.00400212704991644;0;1;;"test0";11255;11391148
196;1806525646;false;-1;0;1;;"test0";NaN;11465529
196;293948714;false;-1;0;1;;"test0";NaN;11465529
196;1107940650;true;0.003003432494279176;0;1;;"test0";10232;11465529
196;-1843269441;true;0.003003432494279176;0;1;;"test0";10177;11465529
196;-856408541;true;0.003442488365561788;0;1;;"test0";8765;11465529
196;1423935872;true;0.00356674463945101;0;1;;"test0";10850;11465529
196;-803636260;true;0.003574561593023221;0;1;;"test0";10300;11465529
196;30095010;true;0.0035750047235437116;0;1;;"test0";7519;11465529
196;536850678;true;0.003575247464352792;0;1;;"test0";9991;11465529
196;1046470574;true;0.003582408213195265;0;1;;"test0";10144;11465529
196;1154536912;true;0.003582408213195265;0;1;;"test0";10787;11465529
196;-2083868333;true;0.003582408213195265;0;1;;"test0";10036;11465529
196;-975924290;true;0.0035826441675335234;0;1;;"test0";9540;11465529
196;-50960270;true;0.0035826441675335234;0;1;;"test0";8205;11465529
196;-1731770650;true;0.0035854007793519123;0;1;;"test0";8580;11465529
196;-1309957288;true;0.0035866790158134215;0;1;;"test0";10620;11465529
196;916174563;true;0.003596785666191499;0;1;;"test0";8458;11465529
196;-485554707;true;0.0035994427202612617;0;1;;"test0";8960;11465529
196;-1442213274;true;0.0035994427202612617;0;1;;"test0";10233;11465529
196;-70321293;true;0.003755841769688963;0;1;;"test0";8469;11465529
196;-489519698;true;0.003755841769688963;0;1;;"test0";10032;11465529
196;-1402671744;true;0.003796113882157877;0;1;;"test0";10640;11465529
196;-918175744;true;0.003796113882157877;0;1;;"test0";9847;11465529
196;1577824841;true;0.003796113882157877;0;1;;"test0";10792;11465529
196;-2135977613;true;0.0038006456225995796;0;1;;"test0";10682;11465529
196;-2145213871;true;0.0038092274555293227;0;1;;"test0";8846;11465529
196;-988270904;true;0.0038093900197784434;0;1;;"test0";10036;11465529
196;134768710;true;0.003876096134523445;0;1;;"test0";9695;11465529
196;1180104186;true;0.0038860564147036583;0;1;;"test0";10581;11465529
196;1988681729;true;0.0038860564147036583;0;1;;"test0";8877;11465529
196;1772156221;true;0.00397508597276459;0;1;;"test0";7614;11465529
196;-1743808909;true;0.00397925437354949;0;1;;"test0";10725;11465529
196;-556798704;true;0.0039865342872755834;0;1;;"test0";9046;11465529
196;-52840624;true;0.003988394510529679;0;1;;"test0";11903;11465529
196;-1509144621;true;0.003988394510529679;0;1;;"test0";11222;11465529
196;1454720628;true;0.004000321967775602;0;1;;"test0";7047;11465529
196;569534953;true;0.004000321967775602;0;1;;"test0";10775;11465529
196;1454720628;true;0.004000321967775602;0;1;;"test0";8539;11465529
196;1691119174;true;0.004000321967775602;0;1;;"test0";10305;11465529
196;1454720628;true;0.004000321967775602;0;1;;"test0";10502;11465529
196;755061668;true;0.004000321967775602;0;1;;"test0";8892;11465529
196;-2054082524;true;0.004001587392349194;0;1;;"test0";8595;11465529
196;1259591920;true;0.004001587392349194;0;1;;"test0";9273;11465529
196;-1114553976;true;0.004001587392349194;0;1;;"test0";9951;11465529
196;1937278185;true;0.00400212704991644;0;1;;"test0";8215;11465529
196;-845558445;true;0.00400212704991644;0;1;;"test0";2;11465529
196;1973054965;true;0.00400212704991644;0;1;;"test0";10187;11465529
196;1674785201;true;0.00400212704991644;0;1;;"test0";9827;11465529
196;465033269;true;0.00400334985946821;0;1;;"test0";10013;11465529
197;1585528302;false;-1;0;1;;"test0";NaN;11535611
197;-1920063791;false;-1;0;1;;"test0";NaN;11535611
197;1965025590;true;0.003443041114540441;0;1;;"test0";6825;11535611
197;-311566504;true;0.0035755917551991054;0;1;;"test0";10031;11535611
197;-414519990;true;0.003582408213195265;0;1;;"test0";9371;11535611
197;1174939543;true;0.003582585793880666;0;1;;"test0";9718;11535611
197;-1235628886;true;0.0035866790158134215;0;1;;"test0";8382;11535611
197;-1309957288;true;0.0035866790158134215;0;1;;"test0";9065;11535611
197;-391670656;true;0.0035866790158134215;0;1;;"test0";9003;11535611
197;-1309957288;true;0.0035866790158134215;0;1;;"test0";8484;11535611
197;-943550056;true;0.0035866790158134215;0;1;;"test0";9331;11535611
197;1579117809;true;0.003596785666191499;0;1;;"test0";8680;11535611
197;6925238;true;0.0035985044919713376;0;1;;"test0";8601;11535611
197;-73089282;true;0.0035985044919713376;0;1;;"test0";9948;11535611
197;-147429211;true;0.0035994427202612617;0;1;;"test0";8552;11535611
197;748933135;true;0.0035994427202612617;0;1;;"test0";8940;11535611
197;1542777624;true;0.003755841769688963;0;1;;"test0";10468;11535611
197;1224251384;true;0.003755841769688963;0;1;;"test0";12119;11535611
197;-70321293;true;0.003755841769688963;0;1;;"test0";10211;11535611
197;-70321293;true;0.003755841769688963;0;1;;"test0";11551;11535611
197;-395214780;true;0.003755841769688963;0;1;;"test0";8889;11535611
197;-651840039;true;0.0038006456225995796;0;1;;"test0";11788;11535611
197;1240556507;true;0.0038092274555293227;0;1;;"test0";6761;11535611
197;699042857;true;0.0038092274555293227;0;1;;"test0";10084;11535611
197;-1567565685;true;0.0038092274555293227;0;1;;"test0";10998;11535611
197;-2145213871;true;0.0038092274555293227;0;1;;"test0";7631;11535611
197;1165748713;true;0.0038093900197784434;0;1;;"test0";7965;11535611
197;159786176;true;0.00397508597276459;0;1;;"test0";12235;11535611
197;-521982199;true;0.00397508597276459;0;1;;"test0";12017;11535611
197;-556798704;true;0.0039865342872755834;0;1;;"test0";8368;11535611
197;288894441;true;0.0039865342872755834;0;1;;"test0";9130;11535611
197;1780155871;true;0.0039865342872755834;0;1;;"test0";7702;11535611
197;-556798704;true;0.0039865342872755834;0;1;;"test0";7177;11535611
197;-170396703;true;0.0039865342872755834;0;1;;"test0";7723;11535611
197;1369101985;true;0.003988394510529679;0;1;;"test0";9917;11535611
197;-1509144621;true;0.003988394510529679;0;1;;"test0";10982;11535611
197;761427333;true;0.003988394510529679;0;1;;"test0";10924;11535611
197;-1509144621;true;0.003988394510529679;0;1;;"test0";11800;11535611
197;-52840624;true;0.003988394510529679;0;1;;"test0";7518;11535611
197;-52840624;true;0.003988394510529679;0;1;;"test0";8783;11535611
197;-1520702985;true;0.004000321967775602;0;1;;"test0";10308;11535611
197;278172827;true;0.004000321967775602;0;1;;"test0";10023;11535611
197;-2018924425;true;0.004001587392349194;0;1;;"test0";10114;11535611
197;-1114553976;true;0.004001587392349194;0;1;;"test0";8236;11535611
197;-1114553976;true;0.004001587392349194;0;1;;"test0";7952;11535611
197;1674785201;true;0.00400212704991644;0;1;;"test0";2;11535611
197;1973054965;true;0.00400212704991644;0;1;;"test0";8151;11535611
197;-953200313;true;0.00400212704991644;0;1;;"test0";8833;11535611
197;-357752051;true;0.00400334985946821;0;1;;"test0";11762;11535611
197;465033269;true;0.00400334985946821;0;1;;"test0";1;11535611
198;171852093;false;-1;0;1;;"test0";NaN;11607881
198;748933135;false;-1;0;1;;"test0";NaN;11607881
198;-926287927;true;0.0028642005243457043;0;1;;"test0";9312;11607881
198;-1787213867;true;0.00286427732079906;0;1;;"test0";9667;11607881
198;-1191687033;true;0.00286427732079906;0;1;;"test0";8566;11607881
198;-1112092118;true;0.0034423281028644593;0;1;;"test0";8915;11607881
198;32185018;true;0.0035744815684907367;0;1;;"test0";8346;11607881
198;-311566504;true;0.0035755917551991054;0;1;;"test0";8120;11607881
198;-332267533;true;0.0035755917551991054;0;1;;"test0";8969;11607881
198;1038787387;true;0.0035755917551991054;0;1;;"test0";11744;11607881
198;-2026445044;true;0.0035755917551991054;0;1;;"test0";9726;11607881
198;2081563565;true;0.0035766888016301062;0;1;;"test0";8709;11607881
198;-886683017;true;0.0035766888016301062;0;1;;"test0";8825;11607881
198;-414519990;true;0.003582408213195265;0;1;;"test0";8149;11607881
198;-562018725;true;0.003582408213195265;0;1;;"test0";9271;11607881
198;-1399737450;true;0.003596785666191499;0;1;;"test0";9861;11607881
198;1495351992;true;0.0035985044919713376;0;1;;"test0";9659;11607881
198;341872887;true;0.0035985044919713376;0;1;;"test0";9440;11607881
198;6925238;true;0.0035985044919713376;0;1;;"test0";9305;11607881
198;-1662488379;true;0.0035985044919713376;0;1;;"test0";11888;11607881
198;2003687466;true;0.0035994427202612617;0;1;;"test0";8221;11607881
198;-994195175;true;0.0035994427202612617;0;1;;"test0";9007;11607881
198;-1843158065;true;0.0035994427202612617;0;1;;"test0";10092;11607881
198;-858361597;true;0.0035994427202612617;0;1;;"test0";10106;11607881
198;-1495378679;true;0.0038006456225995796;0;1;;"test0";12037;11607881
198;1291459081;true;0.0038092274555293227;0;1;;"test0";9620;11607881
198;1619028636;true;0.0038092274555293227;0;1;;"test0";10557;11607881
198;-924317147;true;0.0038093900197784434;0;1;;"test0";9019;11607881
198;1165748713;true;0.0038093900197784434;0;1;;"test0";9049;11607881
198;990260143;true;0.0038093900197784434;0;1;;"test0";8352;11607881
198;775485456;true;0.0038093900197784434;0;1;;"test0";8032;11607881
198;1269063226;true;0.0038093900197784434;0;1;;"test0";8258;11607881
198;-1232185281;true;0.003985425906272067;0;1;;"test0";10607;11607881
198;-396168234;true;0.0039865342872755834;0;1;;"test0";9714;11607881
198;-556798704;true;0.0039865342872755834;0;1;;"test0";8791;11607881
198;-52840624;true;0.003988394510529679;0;1;;"test0";8761;11607881
198;-743944274;true;0.0039896231714483;0;1;;"test0";12295;11607881
198;-1207892223;true;0.004000321967775602;0;1;;"test0";9662;11607881
198;-1520702985;true;0.004000321967775602;0;1;;"test0";8559;11607881
198;278172827;true;0.004000321967775602;0;1;;"test0";9609;11607881
198;-655747499;true;0.004000321967775602;0;1;;"test0";9735;11607881
198;317269424;true;0.00400212704991644;0;1;;"test0";8661;11607881
198;1620561410;true;0.00400212704991644;0;1;;"test0";9788;11607881
198;-953200313;true;0.00400212704991644;0;1;;"test0";10108;11607881
198;637802994;true;0.00400212704991644;0;1;;"test0";12140;11607881
198;336205741;true;0.00400334985946821;0;1;;"test0";10569;11607881
198;465033269;true;0.00400334985946821;0;1;;"test0";8066;11607881
198;-357752051;true;0.00400334985946821;0;1;;"test0";2;11607881
198;1621063019;true;0.00400334985946821;0;1;;"test0";8778;11607881
199;1382933604;false;-1;0;1;;"test0";NaN;11678483
199;1588963502;true;0.002002288329519451;0;1;;"test0";7546;11678483
199;-519639272;true;0.002002288329519451;0;1;;"test0";10113;11678483
199;-1407455154;true;0.003457983168114297;0;1;;"test0";8392;11678483
199;994848425;true;0.0035744815684907367;0;1;;"test0";10191;11678483
199;1414462801;true;0.0035744815684907367;0;1;;"test0";9074;11678483
199;-280805119;true;0.003574561593023221;0;1;;"test0";8652;11678483
199;397400800;true;0.003575247464352792;0;1;;"test0";9301;11678483
199;1620946957;true;0.0035753575997087184;0;1;;"test0";9263;11678483
199;-1671387674;true;0.0035755917551991054;0;1;;"test0";10439;11678483
199;589330007;true;0.0035756687985765484;0;1;;"test0";9747;11678483
199;-886683017;true;0.0035766888016301062;0;1;;"test0";9319;11678483
199;-562018725;true;0.003582408213195265;0;1;;"test0";11618;11678483
199;-2120736810;true;0.003582585793880666;0;1;;"test0";9453;11678483
199;341872887;true;0.0035985044919713376;0;1;;"test0";10325;11678483
199;-770778100;true;0.0035985649180485134;0;1;;"test0";10632;11678483
199;293707349;true;0.0035994427202612617;0;1;;"test0";10110;11678483
199;-597708569;true;0.0035994427202612617;0;1;;"test0";9312;11678483
199;-834664961;true;0.0035994427202612617;0;1;;"test0";8520;11678483
199;-1109700850;true;0.0035994427202612617;0;1;;"test0";9393;11678483
199;-217730605;true;0.0038092274555293227;0;1;;"test0";9481;11678483
199;531813617;true;0.0038092274555293227;0;1;;"test0";10096;11678483
199;2123518140;true;0.0038092274555293227;0;1;;"test0";9628;11678483
199;1291459081;true;0.0038092274555293227;0;1;;"test0";10740;11678483
199;1773042007;true;0.0038178915896380453;0;1;;"test0";9680;11678483
199;-1270418660;true;0.003985425906272067;0;1;;"test0";8757;11678483
199;-396168234;true;0.0039865342872755834;0;1;;"test0";9575;11678483
199;-1296237515;true;0.0039865342872755834;0;1;;"test0";9323;11678483
199;-396168234;true;0.0039865342872755834;0;1;;"test0";8297;11678483
199;-1293610081;true;0.0039865342872755834;0;1;;"test0";10839;11678483
199;-1250984296;true;0.003988394510529679;0;1;;"test0";9767;11678483
199;718219789;true;0.003988394510529679;0;1;;"test0";11185;11678483
199;-52840624;true;0.003988394510529679;0;1;;"test0";9889;11678483
199;-1186576133;true;0.003988394510529679;0;1;;"test0";8527;11678483
199;1956190334;true;0.0039896231714483;0;1;;"test0";9973;11678483
199;-743944274;true;0.0039896231714483;0;1;;"test0";11715;11678483
199;-743944274;true;0.0039896231714483;0;1;;"test0";11089;11678483
199;-1696319376;true;0.0039896231714483;0;1;;"test0";10633;11678483
199;-743944274;true;0.0039896231714483;0;1;;"test0";10267;11678483
199;-743944274;true;0.0039896231714483;0;1;;"test0";9716;11678483
199;493800125;true;0.0039896231714483;0;1;;"test0";9879;11678483
199;-655747499;true;0.004000321967775602;0;1;;"test0";7539;11678483
199;-1964018137;true;0.004001587392349194;0;1;;"test0";11413;11678483
199;-953200313;true;0.00400212704991644;0;1;;"test0";11095;11678483
199;-953200313;true;0.00400212704991644;0;1;;"test0";11092;11678483
199;1621063019;true;0.00400334985946821;0;1;;"test0";9527;11678483
199;-357752051;true;0.00400334985946821;0;1;;"test0";2;11678483
199;-1621034429;true;0.00400334985946821;0;1;;"test0";9841;11678483
199;788618443;true;0.00400334985946821;0;1;;"test0";9714;11678483
200;-112903923;true;0.002002288329519451;0;1;;"test0";11414;11746583
200;-648915419;true;0.002002288329519451;0;1;;"test0";9715;11746583
200;1765935501;true;0.003003432494279176;0;1;;"test0";9302;11746583
200;1385449329;true;0.003574561593023221;0;1;;"test0";9825;11746583
200;-1131496020;true;0.003575247464352792;0;1;;"test0";10511;11746583
200;453987297;true;0.0035755917551991054;0;1;;"test0";11665;11746583
200;589330007;true;0.0035756687985765484;0;1;;"test0";10862;11746583
200;-1441648584;true;0.003582408213195265;0;1;;"test0";10046;11746583
200;-562018725;true;0.003582408213195265;0;1;;"test0";11525;11746583
200;883187780;true;0.003582585793880666;0;1;;"test0";11563;11746583
200;-172794688;true;0.0035968165749268245;0;1;;"test0";11531;11746583
200;211146338;true;0.0035985044919713376;0;1;;"test0";10553;11746583
200;603997765;true;0.0035985044919713376;0;1;;"test0";10362;11746583
200;-1545026962;true;0.0035994427202612617;0;1;;"test0";10127;11746583
200;-548532239;true;0.0035994427202612617;0;1;;"test0";11581;11746583
200;-1109700850;true;0.0035994427202612617;0;1;;"test0";9375;11746583
200;-1393857630;true;0.0035994427202612617;0;1;;"test0";11749;11746583
200;2018606046;true;0.003796113882157877;0;1;;"test0";10878;11746583
200;-680067236;true;0.003796113882157877;0;1;;"test0";11878;11746583
200;531813617;true;0.0038092274555293227;0;1;;"test0";10480;11746583
200;-900386606;true;0.0038092274555293227;0;1;;"test0";10362;11746583
200;1898041615;true;0.0038092274555293227;0;1;;"test0";8594;11746583
200;-217730605;true;0.0038092274555293227;0;1;;"test0";11194;11746583
200;302963111;true;0.0038178915896380453;0;1;;"test0";10575;11746583
200;-88689089;true;0.0038178915896380453;0;1;;"test0";11699;11746583
200;1773042007;true;0.0038178915896380453;0;1;;"test0";10675;11746583
200;-119314076;true;0.0038178915896380453;0;1;;"test0";11095;11746583
200;-325448255;true;0.0038178915896380453;0;1;;"test0";11251;11746583
200;670267343;true;0.003875721941553834;0;1;;"test0";10721;11746583
200;1892836201;true;0.0038916454000423113;0;1;;"test0";9788;11746583
200;-1276778858;true;0.003913266193946688;0;1;;"test0";11382;11746583
200;1575297444;true;0.003976110182310492;0;1;;"test0";10165;11746583
200;192149313;true;0.003985425906272067;0;1;;"test0";11567;11746583
200;1928093556;true;0.003985425906272067;0;1;;"test0";11428;11746583
200;-1720094447;true;0.003985425906272067;0;1;;"test0";9514;11746583
200;-1293610081;true;0.0039865342872755834;0;1;;"test0";10467;11746583
200;741078886;true;0.0039865342872755834;0;1;;"test0";11502;11746583
200;-1250984296;true;0.003988394510529679;0;1;;"test0";9700;11746583
200;-52840624;true;0.003988394510529679;0;1;;"test0";9304;11746583
200;-1599507986;true;0.003988394510529679;0;1;;"test0";8199;11746583
200;-743944274;true;0.0039896231714483;0;1;;"test0";10403;11746583
200;1917835609;true;0.0039896231714483;0;1;;"test0";9909;11746583
200;-537017923;true;0.0039896231714483;0;1;;"test0";10269;11746583
200;-655747499;true;0.004000321967775602;0;1;;"test0";9373;11746583
200;-937517355;true;0.00400212704991644;0;1;;"test0";7868;11746583
200;-1960639008;true;0.00400212704991644;0;1;;"test0";10841;11746583
200;-1621034429;true;0.00400334985946821;0;1;;"test0";1;11746583
200;1621063019;true;0.00400334985946821;0;1;;"test0";10211;11746583
200;-229197085;true;0.00400334985946821;0;1;;"test0";10380;11746583
200;788618443;true;0.00400334985946821;0;1;;"test0";1;11746583
201;1575297444;false;-1;0;1;;"test0";NaN;11826445
201;347560265;true;0.002942137953579601;0;1;;"test0";11181;11826445
201;1765935501;true;0.003003432494279176;0;1;;"test0";11396;11826445
201;-1849368103;true;0.003003432494279176;0;1;;"test0";9027;11826445
201;869442486;true;0.003003432494279176;0;1;;"test0";11783;11826445
201;1604530929;true;0.003446946985349729;0;1;;"test0";12777;11826445
201;28953883;true;0.003557586116000347;0;1;;"test0";9985;11826445
201;-1856510114;true;0.0035774120306526374;0;1;;"test0";6746;11826445
201;684153405;true;0.0035774120306526374;0;1;;"test0";8736;11826445
201;883187780;true;0.003582585793880666;0;1;;"test0";10903;11826445
201;-322928242;true;0.003582585793880666;0;1;;"test0";10405;11826445
201;2066871040;true;0.0035847313328940438;0;1;;"test0";11154;11826445
201;575433021;true;0.003584885267336272;0;1;;"test0";11710;11826445
201;-743819308;true;0.003584885267336272;0;1;;"test0";11495;11826445
201;40695936;true;0.003584885267336272;0;1;;"test0";10025;11826445
201;-172794688;true;0.0035968165749268245;0;1;;"test0";6553;11826445
201;1959024842;true;0.0035994427202612617;0;1;;"test0";10396;11826445
201;1258158107;true;0.003606835538206766;0;1;;"test0";9675;11826445
201;-516432100;true;0.003796113882157877;0;1;;"test0";11502;11826445
201;2064305819;true;0.003796113882157877;0;1;;"test0";8862;11826445
201;-48239746;true;0.003796113882157877;0;1;;"test0";6651;11826445
201;907194848;true;0.0038178915896380453;0;1;;"test0";10749;11826445
201;-119314076;true;0.0038178915896380453;0;1;;"test0";10612;11826445
201;-841768325;true;0.0038178915896380453;0;1;;"test0";11550;11826445
201;1200776164;true;0.0038911866789573908;0;1;;"test0";9403;11826445
201;-929178564;true;0.0038916454000423113;0;1;;"test0";11509;11826445
201;1181292741;true;0.0038916454000423113;0;1;;"test0";10691;11826445
201;-1445813924;true;0.0038916454000423113;0;1;;"test0";8426;11826445
201;534085808;true;0.0038916454000423113;0;1;;"test0";11103;11826445
201;1892836201;true;0.0038916454000423113;0;1;;"test0";11785;11826445
201;-268210068;true;0.0038916454000423113;0;1;;"test0";9430;11826445
201;-1906941750;true;0.003985425906272067;0;1;;"test0";9353;11826445
201;192149313;true;0.003985425906272067;0;1;;"test0";9023;11826445
201;-334828312;true;0.003985735888220684;0;1;;"test0";10176;11826445
201;741078886;true;0.0039865342872755834;0;1;;"test0";10940;11826445
201;786953094;true;0.0039865342872755834;0;1;;"test0";10273;11826445
201;200096356;true;0.003988394510529679;0;1;;"test0";9943;11826445
201;-1184398487;true;0.003988394510529679;0;1;;"test0";12570;11826445
201;-1211498096;true;0.003988394510529679;0;1;;"test0";10108;11826445
201;-1250984296;true;0.003988394510529679;0;1;;"test0";8217;11826445
201;-1810385222;true;0.003988394510529679;0;1;;"test0";9589;11826445
201;-14976744;true;0.0039896231714483;0;1;;"test0";11430;11826445
201;163129167;true;0.0039896231714483;0;1;;"test0";10528;11826445
201;603176110;true;0.0039896231714483;0;1;;"test0";10261;11826445
201;1614744989;true;0.003993932077870677;0;1;;"test0";10225;11826445
201;-655747499;true;0.004000321967775602;0;1;;"test0";10805;11826445
201;-1713357616;true;0.004000321967775602;0;1;;"test0";9609;11826445
201;1749998161;true;0.00400212704991644;0;1;;"test0";10387;11826445
201;-229197085;true;0.00400334985946821;0;1;;"test0";2;11826445
201;788618443;true;0.00400334985946821;0;1;;"test0";1;11826445
202;-423354469;false;-1;0;1;;"test0";NaN;11898468
202;-976007876;true;0.00286427732079906;0;1;;"test0";10448;11898468
202;28953883;true;0.003557586116000347;0;1;;"test0";10439;11898468
202;399075533;true;0.0035742383763695336;0;1;;"test0";9321;11898468
202;-229530145;true;0.0035744815684907367;0;1;;"test0";6458;11898468
202;-1600392498;true;0.0035755917551991054;0;1;;"test0";10378;11898468
202;-1889138976;true;0.0035774120306526374;0;1;;"test0";8446;11898468
202;40695936;true;0.003584885267336272;0;1;;"test0";10552;11898468
202;-1487039960;true;0.003584885267336272;0;1;;"test0";10417;11898468
202;-99192674;true;0.0035968165749268245;0;1;;"test0";11482;11898468
202;2017816851;true;0.0035968165749268245;0;1;;"test0";9458;11898468
202;-803461169;true;0.0035994427202612617;0;1;;"test0";7608;11898468
202;154987575;true;0.0035994427202612617;0;1;;"test0";11858;11898468
202;-49681805;true;0.0035994427202612617;0;1;;"test0";11275;11898468
202;-1465964874;true;0.0035994427202612617;0;1;;"test0";10096;11898468
202;-1287752820;true;0.003606835538206766;0;1;;"test0";10815;11898468
202;1165692939;true;0.0037658116437306955;0;1;;"test0";7781;11898468
202;899573938;true;0.0037753011624766194;0;1;;"test0";10369;11898468
202;545990098;true;0.003796113882157877;0;1;;"test0";9905;11898468
202;1531913158;true;0.003796113882157877;0;1;;"test0";9846;11898468
202;423108120;true;0.0038654305998478307;0;1;;"test0";11260;11898468
202;-1734909958;true;0.0038916454000423113;0;1;;"test0";10422;11898468
202;503366023;true;0.0038916454000423113;0;1;;"test0";8517;11898468
202;813776102;true;0.003976110182310492;0;1;;"test0";6615;11898468
202;-334828312;true;0.003985735888220684;0;1;;"test0";11173;11898468
202;-334828312;true;0.003985735888220684;0;1;;"test0";11727;11898468
202;786953094;true;0.0039865342872755834;0;1;;"test0";10934;11898468
202;-887977307;true;0.0039865342872755834;0;1;;"test0";9770;11898468
202;786953094;true;0.0039865342872755834;0;1;;"test0";11310;11898468
202;741078886;true;0.0039865342872755834;0;1;;"test0";10436;11898468
202;420008167;true;0.0039865342872755834;0;1;;"test0";12555;11898468
202;-14976744;true;0.0039896231714483;0;1;;"test0";12340;11898468
202;-1743085891;true;0.0039896231714483;0;1;;"test0";8291;11898468
202;603176110;true;0.0039896231714483;0;1;;"test0";9925;11898468
202;-1817066183;true;0.0039896231714483;0;1;;"test0";11013;11898468
202;-14976744;true;0.0039896231714483;0;1;;"test0";8983;11898468
202;1614744989;true;0.003993932077870677;0;1;;"test0";10502;11898468
202;1183066270;true;0.003993932077870677;0;1;;"test0";8959;11898468
202;-697696066;true;0.003993932077870677;0;1;;"test0";9256;11898468
202;-1892247514;true;0.003993932077870677;0;1;;"test0";8740;11898468
202;457263914;true;0.004000321967775602;0;1;;"test0";10490;11898468
202;-655747499;true;0.004000321967775602;0;1;;"test0";9830;11898468
202;1749998161;true;0.00400212704991644;0;1;;"test0";12312;11898468
202;-111928574;true;0.00400212704991644;0;1;;"test0";8539;11898468
202;1781884915;true;0.00400212704991644;0;1;;"test0";11047;11898468
202;-229197085;true;0.00400334985946821;0;1;;"test0";10356;11898468
202;788618443;true;0.00400334985946821;0;1;;"test0";1;11898468
202;670313347;true;0.00400334985946821;0;1;;"test0";9859;11898468
202;668312805;true;0.00400334985946821;0;1;;"test0";7945;11898468
203;-229530145;true;0.0035744815684907367;0;1;;"test0";9964;11965974
203;-229530145;true;0.0035744815684907367;0;1;;"test0";8850;11965974
203;-1600392498;true;0.0035755917551991054;0;1;;"test0";8306;11965974
203;968766635;true;0.0035755917551991054;0;1;;"test0";8958;11965974
203;-1600392498;true;0.0035755917551991054;0;1;;"test0";9646;11965974
203;-1600392498;true;0.0035755917551991054;0;1;;"test0";9576;11965974
203;888463127;true;0.0035766888016301062;0;1;;"test0";11633;11965974
203;-641983948;true;0.0035774120306526374;0;1;;"test0";10651;11965974
203;1534592637;true;0.0035774120306526374;0;1;;"test0";10915;11965974
203;1155391270;true;0.003584885267336272;0;1;;"test0";9275;11965974
203;-1487039960;true;0.003584885267336272;0;1;;"test0";10158;11965974
203;-2093134971;true;0.003584885267336272;0;1;;"test0";10385;11965974
203;-1201041811;true;0.0035994427202612617;0;1;;"test0";12107;11965974
203;88502405;true;0.0035994427202612617;0;1;;"test0";10609;11965974
203;-1287752820;true;0.003606835538206766;0;1;;"test0";9766;11965974
203;-1881118953;true;0.003606835538206766;0;1;;"test0";10680;11965974
203;-1819731383;true;0.003606835538206766;0;1;;"test0";10443;11965974
203;-1287752820;true;0.003606835538206766;0;1;;"test0";8365;11965974
203;1165692939;true;0.0037658116437306955;0;1;;"test0";9824;11965974
203;-917290249;true;0.0037753011624766194;0;1;;"test0";12274;11965974
203;-710881393;true;0.0037753011624766194;0;1;;"test0";12099;11965974
203;-840514048;true;0.003796113882157877;0;1;;"test0";10751;11965974
203;2129692091;true;0.003796113882157877;0;1;;"test0";11213;11965974
203;964184218;true;0.003796113882157877;0;1;;"test0";10554;11965974
203;-1799160307;true;0.003796113882157877;0;1;;"test0";10746;11965974
203;2147364600;true;0.003796113882157877;0;1;;"test0";10710;11965974
203;-2032748351;true;0.0038651141425035604;0;1;;"test0";9358;11965974
203;503366023;true;0.0038916454000423113;0;1;;"test0";8768;11965974
203;-1536169695;true;0.0038916454000423113;0;1;;"test0";9591;11965974
203;1148886151;true;0.0038916454000423113;0;1;;"test0";11070;11965974
203;2085383016;true;0.0038916454000423113;0;1;;"test0";11046;11965974
203;503366023;true;0.0038916454000423113;0;1;;"test0";10817;11965974
203;-1734909958;true;0.0038916454000423113;0;1;;"test0";11433;11965974
203;1799068800;true;0.0038916454000423113;0;1;;"test0";10225;11965974
203;239483558;true;0.003985735888220684;0;1;;"test0";11087;11965974
203;2124358847;true;0.003985735888220684;0;1;;"test0";11142;11965974
203;741078886;true;0.0039865342872755834;0;1;;"test0";10237;11965974
203;1013023597;true;0.003988394510529679;0;1;;"test0";10093;11965974
203;-1743085891;true;0.0039896231714483;0;1;;"test0";10196;11965974
203;-768553151;true;0.0039896231714483;0;1;;"test0";10310;11965974
203;1183066270;true;0.003993932077870677;0;1;;"test0";9548;11965974
203;1183066270;true;0.003993932077870677;0;1;;"test0";8503;11965974
203;-937403659;true;0.004000321967775602;0;1;;"test0";9981;11965974
203;1125244711;true;0.004000321967775602;0;1;;"test0";10274;11965974
203;457263914;true;0.004000321967775602;0;1;;"test0";10896;11965974
203;1723421538;true;0.004000321967775602;0;1;;"test0";9889;11965974
203;668312805;true;0.00400334985946821;0;1;;"test0";0;11965974
203;-352200174;true;0.00400334985946821;0;1;;"test0";9152;11965974
203;884707276;true;0.00400334985946821;0;1;;"test0";11135;11965974
203;670313347;true;0.00400334985946821;0;1;;"test0";1;11965974
204;463823703;true;0.00286427732079906;0;1;;"test0";9254;12037103
204;-1655319065;true;0.002917620137299771;0;1;;"test0";9742;12037103
204;78687526;true;0.003003432494279176;0;1;;"test0";11043;12037103
204;-17435934;true;0.0034467368900505386;0;1;;"test0";8942;12037103
204;1402911770;true;0.003575247464352792;0;1;;"test0";10412;12037103
204;894377120;true;0.0035755917551991054;0;1;;"test0";8562;12037103
204;-2120231069;true;0.0035755917551991054;0;1;;"test0";12541;12037103
204;1308403019;true;0.0035766888016301062;0;1;;"test0";9601;12037103
204;-1930401549;true;0.0035767429798491176;0;1;;"test0";10389;12037103
204;1857135934;true;0.003775224510465409;0;1;;"test0";11676;12037103
204;-437349633;true;0.0037753011624766194;0;1;;"test0";9382;12037103
204;-1799160307;true;0.003796113882157877;0;1;;"test0";10706;12037103
204;85199967;true;0.003796113882157877;0;1;;"test0";10741;12037103
204;125603403;true;0.003796113882157877;0;1;;"test0";10443;12037103
204;1223562835;true;0.003796113882157877;0;1;;"test0";10449;12037103
204;8798940;true;0.0037976002598750233;0;1;;"test0";8836;12037103
204;-1835397656;true;0.0038092274555293227;0;1;;"test0";12073;12037103
204;600124704;true;0.0038651141425035604;0;1;;"test0";11071;12037103
204;-822927514;true;0.0038651141425035604;0;1;;"test0";10790;12037103
204;-1103954072;true;0.0038651141425035604;0;1;;"test0";11332;12037103
204;1912535691;true;0.0038916454000423113;0;1;;"test0";10539;12037103
204;-1536169695;true;0.0038916454000423113;0;1;;"test0";10832;12037103
204;1978090761;true;0.003985735888220684;0;1;;"test0";10742;12037103
204;2124358847;true;0.003985735888220684;0;1;;"test0";9281;12037103
204;2124358847;true;0.003985735888220684;0;1;;"test0";9296;12037103
204;-929317641;true;0.003985735888220684;0;1;;"test0";10600;12037103
204;-1739969462;true;0.003985735888220684;0;1;;"test0";8024;12037103
204;741078886;true;0.0039865342872755834;0;1;;"test0";12644;12037103
204;-674710542;true;0.0039865342872755834;0;1;;"test0";12751;12037103
204;615159780;true;0.003988394510529679;0;1;;"test0";10196;12037103
204;-518223547;true;0.003988394510529679;0;1;;"test0";10315;12037103
204;1013023597;true;0.003988394510529679;0;1;;"test0";13015;12037103
204;-1503261808;true;0.003988394510529679;0;1;;"test0";11434;12037103
204;-759869134;true;0.003988394510529679;0;1;;"test0";10365;12037103
204;-1444523881;true;0.003988394510529679;0;1;;"test0";11614;12037103
204;1827092650;true;0.003988394510529679;0;1;;"test0";12856;12037103
204;1013023597;true;0.003988394510529679;0;1;;"test0";10743;12037103
204;-768553151;true;0.0039896231714483;0;1;;"test0";11518;12037103
204;-768553151;true;0.0039896231714483;0;1;;"test0";10824;12037103
204;-457335510;true;0.0039896231714483;0;1;;"test0";11058;12037103
204;-937403659;true;0.004000321967775602;0;1;;"test0";11191;12037103
204;-1671342312;true;0.004000321967775602;0;1;;"test0";8160;12037103
204;-526881030;true;0.004000321967775602;0;1;;"test0";12008;12037103
204;1540053305;true;0.004000321967775602;0;1;;"test0";8833;12037103
204;154877785;true;0.00400212704991644;0;1;;"test0";9036;12037103
204;1404102568;true;0.00400334985946821;0;1;;"test0";10852;12037103
204;-352200174;true;0.00400334985946821;0;1;;"test0";9498;12037103
204;884707276;true;0.00400334985946821;0;1;;"test0";10811;12037103
204;670313347;true;0.00400334985946821;0;1;;"test0";1;12037103
205;-32427405;false;-1;0;1;;"test0";NaN;12118487
205;-686519530;false;-1;0;1;;"test0";NaN;12118487
205;-437349633;false;-1;0;1;;"test0";NaN;12118487
205;1347522318;false;-1;0;1;;"test0";NaN;12118487
205;996598346;true;0.003003432494279176;0;1;;"test0";8203;12118487
205;-17435934;true;0.0034467368900505386;0;1;;"test0";6964;12118487
205;-17435934;true;0.0034467368900505386;0;1;;"test0";8469;12118487
205;-1798214855;true;0.0035547543750028537;0;1;;"test0";12919;12118487
205;-1054367891;true;0.0035755917551991054;0;1;;"test0";8258;12118487
205;-809461421;true;0.0035755917551991054;0;1;;"test0";9235;12118487
205;-613953;true;0.0035755917551991054;0;1;;"test0";11849;12118487
205;-813147475;true;0.0035755917551991054;0;1;;"test0";8104;12118487
205;1340263556;true;0.0035766888016301062;0;1;;"test0";10581;12118487
205;-852986085;true;0.0035767429798491176;0;1;;"test0";9745;12118487
205;1150053674;true;0.0035767429798491176;0;1;;"test0";12030;12118487
205;-162822692;true;0.0035994427202612617;0;1;;"test0";9920;12118487
205;-437349633;true;0.0037753011624766194;0;1;;"test0";9050;12118487
205;-437349633;true;0.0037753011624766194;0;1;;"test0";10696;12118487
205;-493820262;true;0.0037753011624766194;0;1;;"test0";10655;12118487
205;1631342100;true;0.0037753011624766194;0;1;;"test0";10656;12118487
205;-47256291;true;0.0037753011624766194;0;1;;"test0";9327;12118487
205;-1835397656;true;0.0038092274555293227;0;1;;"test0";10246;12118487
205;357659011;true;0.0038092274555293227;0;1;;"test0";10619;12118487
205;2276364;true;0.0038651141425035604;0;1;;"test0";10870;12118487
205;2029095626;true;0.0038651141425035604;0;1;;"test0";11044;12118487
205;144781494;true;0.0038916454000423113;0;1;;"test0";11528;12118487
205;1331638689;true;0.0038916454000423113;0;1;;"test0";11525;12118487
205;-1116420051;true;0.003985425906272067;0;1;;"test0";11954;12118487
205;500864736;true;0.003985735888220684;0;1;;"test0";6492;12118487
205;937746682;true;0.0039865342872755834;0;1;;"test0";7613;12118487
205;-969999769;true;0.0039865342872755834;0;1;;"test0";8507;12118487
205;-932885730;true;0.0039865342872755834;0;1;;"test0";6955;12118487
205;-526881030;true;0.004000321967775602;0;1;;"test0";10008;12118487
205;-937403659;true;0.004000321967775602;0;1;;"test0";8542;12118487
205;-1671342312;true;0.004000321967775602;0;1;;"test0";7516;12118487
205;1457309565;true;0.004000321967775602;0;1;;"test0";6119;12118487
205;1840692249;true;0.004000321967775602;0;1;;"test0";9862;12118487
205;-1821221025;true;0.004001587392349194;0;1;;"test0";9533;12118487
205;154877785;true;0.00400212704991644;0;1;;"test0";12075;12118487
205;526578815;true;0.00400212704991644;0;1;;"test0";10753;12118487
205;-2076394196;true;0.00400334985946821;0;1;;"test0";9533;12118487
205;-1501898170;true;0.00400334985946821;0;1;;"test0";8789;12118487
205;884707276;true;0.00400334985946821;0;1;;"test0";1;12118487
205;1408039193;true;0.00400334985946821;0;1;;"test0";9275;12118487
205;815791890;true;0.00400334985946821;0;1;;"test0";7481;12118487
205;-1859201932;true;0.00400334985946821;0;1;;"test0";9452;12118487
205;-352200174;true;0.00400334985946821;0;1;;"test0";6318;12118487
205;889611236;true;0.00400334985946821;0;1;;"test0";7930;12118487
205;-352200174;true;0.00400334985946821;0;1;;"test0";6968;12118487
205;670313347;true;0.00400334985946821;0;1;;"test0";2;12118487
206;-157626661;true;0.002942137953579601;0;1;;"test0";9973;12191507
206;334168640;true;0.003003432494279176;0;1;;"test0";9980;12191507
206;2141117376;true;0.003443041114540441;0;1;;"test0";7791;12191507
206;-1680397402;true;0.003446598284827054;0;1;;"test0";9666;12191507
206;-144442208;true;0.0035547543750028537;0;1;;"test0";9633;12191507
206;-635770868;true;0.0035744815684907367;0;1;;"test0";11296;12191507
206;-1442332188;true;0.003575361280314737;0;1;;"test0";10777;12191507
206;-1054367891;true;0.0035755917551991054;0;1;;"test0";12366;12191507
206;1340263556;true;0.0035766888016301062;0;1;;"test0";9418;12191507
206;309475800;true;0.0035766888016301062;0;1;;"test0";11298;12191507
206;-852986085;true;0.0035767429798491176;0;1;;"test0";10530;12191507
206;-1952867100;true;0.0035767429798491176;0;1;;"test0";10906;12191507
206;214131123;true;0.0035866790158134215;0;1;;"test0";12260;12191507
206;299028683;true;0.0035994427202612617;0;1;;"test0";10384;12191507
206;-785758898;true;0.0035994427202612617;0;1;;"test0";10692;12191507
206;-1615047976;true;0.0035994427202612617;0;1;;"test0";12457;12191507
206;-1784616458;true;0.0035994427202612617;0;1;;"test0";12560;12191507
206;-1219905715;true;0.003773176859519118;0;1;;"test0";10955;12191507
206;1533214705;true;0.0037753011624766194;0;1;;"test0";10083;12191507
206;-47256291;true;0.0037753011624766194;0;1;;"test0";9288;12191507
206;-1735456612;true;0.003796113882157877;0;1;;"test0";10926;12191507
206;-812142714;true;0.003796113882157877;0;1;;"test0";11170;12191507
206;1854200190;true;0.003796113882157877;0;1;;"test0";8633;12191507
206;-1760730965;true;0.0038092274555293227;0;1;;"test0";10399;12191507
206;357659011;true;0.0038092274555293227;0;1;;"test0";10420;12191507
206;-819973333;true;0.0038092274555293227;0;1;;"test0";12479;12191507
206;-2096587530;true;0.0038092274555293227;0;1;;"test0";10916;12191507
206;1689369346;true;0.0038092274555293227;0;1;;"test0";10639;12191507
206;-621785161;true;0.0038092274555293227;0;1;;"test0";12588;12191507
206;1412875082;true;0.0038092274555293227;0;1;;"test0";10638;12191507
206;357659011;true;0.0038092274555293227;0;1;;"test0";8490;12191507
206;-1557154683;true;0.003837688591229741;0;1;;"test0";10504;12191507
206;144781494;true;0.0038916454000423113;0;1;;"test0";8373;12191507
206;539061629;true;0.003982719748067643;0;1;;"test0";10078;12191507
206;1007352787;true;0.003985735888220684;0;1;;"test0";9843;12191507
206;1524701583;true;0.003985735888220684;0;1;;"test0";9733;12191507
206;-1179571341;true;0.0039865342872755834;0;1;;"test0";12786;12191507
206;-1196598535;true;0.003988394510529679;0;1;;"test0";12456;12191507
206;877717494;true;0.004000321967775602;0;1;;"test0";10638;12191507
206;-296119428;true;0.004000321967775602;0;1;;"test0";8322;12191507
206;705425565;true;0.004000321967775602;0;1;;"test0";9817;12191507
206;-453823142;true;0.004000321967775602;0;1;;"test0";10648;12191507
206;352896939;true;0.004000321967775602;0;1;;"test0";10526;12191507
206;-861959219;true;0.004000321967775602;0;1;;"test0";7821;12191507
206;2017149509;true;0.004001587392349194;0;1;;"test0";9768;12191507
206;-1639130804;true;0.004001587392349194;0;1;;"test0";9905;12191507
206;-1078423573;true;0.00400334985946821;0;1;;"test0";11170;12191507
206;670313347;true;0.00400334985946821;0;1;;"test0";2;12191507
206;-352200174;true;0.00400334985946821;0;1;;"test0";2;12191507
206;1771765334;true;0.00400334985946821;0;1;;"test0";11079;12191507
207;-963073231;true;0.00286427732079906;0;1;;"test0";9008;12260688
207;1518465034;true;0.0035744815684907367;0;1;;"test0";7711;12260688
207;-1962011310;true;0.0035766888016301062;0;1;;"test0";11983;12260688
207;1237624440;true;0.0035766888016301062;0;1;;"test0";11971;12260688
207;1032598480;true;0.0035767429798491176;0;1;;"test0";11321;12260688
207;1795481744;true;0.0035767429798491176;0;1;;"test0";9015;12260688
207;-2010837764;true;0.0035767429798491176;0;1;;"test0";10489;12260688
207;-1417770828;true;0.0035767429798491176;0;1;;"test0";9975;12260688
207;214131123;true;0.0035866790158134215;0;1;;"test0";9492;12260688
207;214131123;true;0.0035866790158134215;0;1;;"test0";7517;12260688
207;-853540795;true;0.0035866790158134215;0;1;;"test0";9783;12260688
207;214131123;true;0.0035866790158134215;0;1;;"test0";11128;12260688
207;-954776881;true;0.0035866790158134215;0;1;;"test0";10195;12260688
207;-785758898;true;0.0035994427202612617;0;1;;"test0";7735;12260688
207;-1346194532;true;0.0035994427202612617;0;1;;"test0";9143;12260688
207;906409957;true;0.0035994427202612617;0;1;;"test0";10391;12260688
207;1929109528;true;0.0035994427202612617;0;1;;"test0";11318;12260688
207;-785758898;true;0.0035994427202612617;0;1;;"test0";8383;12260688
207;223762832;true;0.0035994427202612617;0;1;;"test0";9436;12260688
207;-578535380;true;0.0035994427202612617;0;1;;"test0";9765;12260688
207;-1420254032;true;0.0035994427202612617;0;1;;"test0";9282;12260688
207;-1219905715;true;0.003773176859519118;0;1;;"test0";11897;12260688
207;1975365853;true;0.003773176859519118;0;1;;"test0";9572;12260688
207;-1075663707;true;0.003773176859519118;0;1;;"test0";11211;12260688
207;189277852;true;0.003775224510465409;0;1;;"test0";10028;12260688
207;1533214705;true;0.0037753011624766194;0;1;;"test0";9808;12260688
207;1533214705;true;0.0037753011624766194;0;1;;"test0";12274;12260688
207;-103736053;true;0.0037753011624766194;0;1;;"test0";11171;12260688
207;-1735456612;true;0.003796113882157877;0;1;;"test0";12206;12260688
207;-727369115;true;0.003796113882157877;0;1;;"test0";10897;12260688
207;-1383482761;true;0.003796113882157877;0;1;;"test0";10892;12260688
207;-62806794;true;0.0038003487984556573;0;1;;"test0";8460;12260688
207;1718364666;true;0.0038092274555293227;0;1;;"test0";11763;12260688
207;-819973333;true;0.0038092274555293227;0;1;;"test0";10600;12260688
207;723495674;true;0.0038870282335081445;0;1;;"test0";8008;12260688
207;-1079699637;true;0.0038916454000423113;0;1;;"test0";11570;12260688
207;327228448;true;0.003984651557255167;0;1;;"test0";11408;12260688
207;1007352787;true;0.003985735888220684;0;1;;"test0";11074;12260688
207;-196829692;true;0.003985735888220684;0;1;;"test0";11563;12260688
207;-1216514032;true;0.0039865342872755834;0;1;;"test0";11979;12260688
207;565576443;true;0.004000321967775602;0;1;;"test0";11303;12260688
207;-1079551913;true;0.004000321967775602;0;1;;"test0";11501;12260688
207;-453823142;true;0.004000321967775602;0;1;;"test0";10140;12260688
207;-1639130804;true;0.004001587392349194;0;1;;"test0";11676;12260688
207;2017149509;true;0.004001587392349194;0;1;;"test0";11201;12260688
207;354176374;true;0.004001587392349194;0;1;;"test0";11765;12260688
207;706487528;true;0.00400212704991644;0;1;;"test0";11739;12260688
207;-1078423573;true;0.00400334985946821;0;1;;"test0";9217;12260688
207;-352200174;true;0.00400334985946821;0;1;;"test0";2;12260688
207;1771765334;true;0.00400334985946821;0;1;;"test0";2;12260688
208;2017149509;false;-1;0;1;;"test0";NaN;12332288
208;1838060639;true;0.0034428728457830443;0;1;;"test0";7219;12332288
208;836811020;true;0.003443041114540441;0;1;;"test0";9694;12332288
208;-1503752416;true;0.0035994427202612617;0;1;;"test0";10244;12332288
208;466413775;true;0.0035994427202612617;0;1;;"test0";11706;12332288
208;92066438;true;0.003773092917013322;0;1;;"test0";11911;12332288
208;-1567434185;true;0.003773176859519118;0;1;;"test0";11880;12332288
208;1533214705;true;0.0037753011624766194;0;1;;"test0";8704;12332288
208;1813227733;true;0.0037753011624766194;0;1;;"test0";11389;12332288
208;-910453291;true;0.003796113882157877;0;1;;"test0";11625;12332288
208;-2087986549;true;0.0038092274555293227;0;1;;"test0";9994;12332288
208;-819973333;true;0.0038092274555293227;0;1;;"test0";9370;12332288
208;1718364666;true;0.0038092274555293227;0;1;;"test0";9716;12332288
208;723495674;true;0.0038870282335081445;0;1;;"test0";9603;12332288
208;-1785197855;true;0.0038870282335081445;0;1;;"test0";8341;12332288
208;-1034525645;true;0.0038870282335081445;0;1;;"test0";8313;12332288
208;723495674;true;0.0038870282335081445;0;1;;"test0";8984;12332288
208;-1079699637;true;0.0038916454000423113;0;1;;"test0";9622;12332288
208;-1079699637;true;0.0038916454000423113;0;1;;"test0";8813;12332288
208;-1079699637;true;0.0038916454000423113;0;1;;"test0";11405;12332288
208;-1079699637;true;0.0038916454000423113;0;1;;"test0";9578;12332288
208;648834671;true;0.0038916454000423113;0;1;;"test0";11177;12332288
208;-1146706487;true;0.0038916454000423113;0;1;;"test0";9681;12332288
208;148717766;true;0.003980430254315684;0;1;;"test0";9765;12332288
208;-1216514032;true;0.0039865342872755834;0;1;;"test0";9676;12332288
208;-1771957675;true;0.0039865342872755834;0;1;;"test0";12178;12332288
208;-937266028;true;0.0039865342872755834;0;1;;"test0";11846;12332288
208;-1216514032;true;0.0039865342872755834;0;1;;"test0";11951;12332288
208;-1216514032;true;0.0039865342872755834;0;1;;"test0";10528;12332288
208;-1809987494;true;0.0039865342872755834;0;1;;"test0";8916;12332288
208;819559867;true;0.0039865342872755834;0;1;;"test0";10288;12332288
208;-700759735;true;0.0039865342872755834;0;1;;"test0";11979;12332288
208;1930506320;true;0.003992276739029773;0;1;;"test0";9089;12332288
208;-1999095299;true;0.004000321967775602;0;1;;"test0";8519;12332288
208;565576443;true;0.004000321967775602;0;1;;"test0";9147;12332288
208;565576443;true;0.004000321967775602;0;1;;"test0";10389;12332288
208;-1351757643;true;0.004001587392349194;0;1;;"test0";9816;12332288
208;-1639130804;true;0.004001587392349194;0;1;;"test0";11337;12332288
208;2017149509;true;0.004001587392349194;0;1;;"test0";11134;12332288
208;354176374;true;0.004001587392349194;0;1;;"test0";10853;12332288
208;2080680287;true;0.00400212704991644;0;1;;"test0";11883;12332288
208;-1078423573;true;0.00400334985946821;0;1;;"test0";9912;12332288
208;1771765334;true;0.00400334985946821;0;1;;"test0";10202;12332288
208;1713925843;true;0.00400334985946821;0;1;;"test0";10570;12332288
208;-1212184068;true;0.00400334985946821;0;1;;"test0";10332;12332288
208;-352200174;true;0.00400334985946821;0;1;;"test0";2;12332288
208;-1903140722;true;0.00400334985946821;0;1;;"test0";9584;12332288
208;-1078423573;true;0.00400334985946821;0;1;;"test0";11342;12332288
208;-1439164402;true;0.00400334985946821;0;1;;"test0";9993;12332288
209;1202025749;false;-1;0;1;;"test0";NaN;12407240
209;1266162818;true;0.0034428728457830443;0;1;;"test0";11936;12407240
209;363120326;true;0.003443041114540441;0;1;;"test0";9595;12407240
209;-900196377;true;0.003443041114540441;0;1;;"test0";10735;12407240
209;836811020;true;0.003443041114540441;0;1;;"test0";11859;12407240
209;1186790046;true;0.003443041114540441;0;1;;"test0";11629;12407240
209;1908201556;true;0.00355910222288501;0;1;;"test0";6838;12407240
209;-1128938990;true;0.0035854007793519123;0;1;;"test0";10732;12407240
209;-1808127839;true;0.0035994427202612617;0;1;;"test0";10379;12407240
209;278973193;true;0.0035994427202612617;0;1;;"test0";10082;12407240
209;-1574837088;true;0.0035994427202612617;0;1;;"test0";9816;12407240
209;754597672;true;0.0035994427202612617;0;1;;"test0";11742;12407240
209;-1503752416;true;0.0035994427202612617;0;1;;"test0";11333;12407240
209;-949919132;true;0.003773176859519118;0;1;;"test0";9602;12407240
209;-423166531;true;0.003773176859519118;0;1;;"test0";9907;12407240
209;139805978;true;0.003775224510465409;0;1;;"test0";12039;12407240
209;1813227733;true;0.0037753011624766194;0;1;;"test0";11099;12407240
209;-1315769067;true;0.003796113882157877;0;1;;"test0";9609;12407240
209;-819973333;true;0.0038092274555293227;0;1;;"test0";10791;12407240
209;-2120904183;true;0.0038092274555293227;0;1;;"test0";10027;12407240
209;-296914244;true;0.0038870282335081445;0;1;;"test0";11691;12407240
209;723495674;true;0.0038870282335081445;0;1;;"test0";11374;12407240
209;1186280493;true;0.0038870282335081445;0;1;;"test0";10600;12407240
209;723495674;true;0.0038870282335081445;0;1;;"test0";10845;12407240
209;816873708;true;0.0038870282335081445;0;1;;"test0";11232;12407240
209;1337758621;true;0.0038916454000423113;0;1;;"test0";8754;12407240
209;-1079699637;true;0.0038916454000423113;0;1;;"test0";11623;12407240
209;-1079699637;true;0.0038916454000423113;0;1;;"test0";8158;12407240
209;-1079699637;true;0.0038916454000423113;0;1;;"test0";11963;12407240
209;1542442471;true;0.003976110182310492;0;1;;"test0";9473;12407240
209;595145011;true;0.003980430254315684;0;1;;"test0";10821;12407240
209;1030482396;true;0.003980430254315684;0;1;;"test0";6801;12407240
209;1024950858;true;0.004000321967775602;0;1;;"test0";11153;12407240
209;571270162;true;0.004000321967775602;0;1;;"test0";10048;12407240
209;-1639130804;true;0.004001587392349194;0;1;;"test0";9650;12407240
209;-1471148869;true;0.004001587392349194;0;1;;"test0";11351;12407240
209;-361563410;true;0.004001587392349194;0;1;;"test0";10139;12407240
209;-891825910;true;0.004001587392349194;0;1;;"test0";10035;12407240
209;113432180;true;0.004001587392349194;0;1;;"test0";10720;12407240
209;-1639130804;true;0.004001587392349194;0;1;;"test0";11316;12407240
209;-1639130804;true;0.004001587392349194;0;1;;"test0";11214;12407240
209;-1639130804;true;0.004001587392349194;0;1;;"test0";8287;12407240
209;-33105482;true;0.004001587392349194;0;1;;"test0";10741;12407240
209;-1639130804;true;0.004001587392349194;0;1;;"test0";11339;12407240
209;1833804334;true;0.00400212704991644;0;1;;"test0";11329;12407240
209;-167484791;true;0.00400212704991644;0;1;;"test0";11125;12407240
209;2080680287;true;0.00400212704991644;0;1;;"test0";11347;12407240
209;-163712280;true;0.00400212704991644;0;1;;"test0";10670;12407240
209;-1439164402;true;0.00400334985946821;0;1;;"test0";2;12407240
209;-1078423573;true;0.00400334985946821;0;1;;"test0";2;12407240
210;-1439164402;false;-1;0;1;;"test0";NaN;12491647
210;-1523290385;true;0.0034377965938990574;0;1;;"test0";10294;12491647
210;-469515892;true;0.003443041114540441;0;1;;"test0";11312;12491647
210;-1638883310;true;0.003443041114540441;0;1;;"test0";11571;12491647
210;1719219278;true;0.003446771860647585;0;1;;"test0";7704;12491647
210;-1262700893;true;0.003447807313428072;0;1;;"test0";9737;12491647
210;1880113102;true;0.003575247464352792;0;1;;"test0";9170;12491647
210;755447093;true;0.003575247464352792;0;1;;"test0";10923;12491647
210;-423430480;true;0.003575247464352792;0;1;;"test0";10222;12491647
210;-2049513669;true;0.003575247464352792;0;1;;"test0";10877;12491647
210;713158572;true;0.0035994427202612617;0;1;;"test0";8257;12491647
210;-229303200;true;0.003796113882157877;0;1;;"test0";10881;12491647
210;-1666377944;true;0.003796113882157877;0;1;;"test0";7690;12491647
210;-768824318;true;0.0037976002598750233;0;1;;"test0";8874;12491647
210;-819973333;true;0.0038092274555293227;0;1;;"test0";10886;12491647
210;-819973333;true;0.0038092274555293227;0;1;;"test0";9216;12491647
210;1079131416;true;0.003876096134523445;0;1;;"test0";12375;12491647
210;1912073198;true;0.0038870282335081445;0;1;;"test0";9785;12491647
210;-1828662610;true;0.0038870282335081445;0;1;;"test0";9993;12491647
210;2057754905;true;0.0038870282335081445;0;1;;"test0";9127;12491647
210;1176294100;true;0.0038911866789573908;0;1;;"test0";12008;12491647
210;246377113;true;0.0038916454000423113;0;1;;"test0";10359;12491647
210;-1079699637;true;0.0038916454000423113;0;1;;"test0";10490;12491647
210;1542442471;true;0.003976110182310492;0;1;;"test0";9146;12491647
210;1542442471;true;0.003976110182310492;0;1;;"test0";11757;12491647
210;385659123;true;0.003976110182310492;0;1;;"test0";10176;12491647
210;710544237;true;0.003979369140726256;0;1;;"test0";11981;12491647
210;-33818697;true;0.003980430254315684;0;1;;"test0";11778;12491647
210;-955232903;true;0.003980430254315684;0;1;;"test0";12707;12491647
210;-738745180;true;0.003980430254315684;0;1;;"test0";10191;12491647
210;-1090327036;true;0.003980430254315684;0;1;;"test0";10213;12491647
210;-726387894;true;0.003988394510529679;0;1;;"test0";10770;12491647
210;-1484693740;true;0.004000321967775602;0;1;;"test0";10952;12491647
210;571270162;true;0.004000321967775602;0;1;;"test0";11356;12491647
210;1313440637;true;0.004000321967775602;0;1;;"test0";11545;12491647
210;571270162;true;0.004000321967775602;0;1;;"test0";11481;12491647
210;-234131646;true;0.004000321967775602;0;1;;"test0";11502;12491647
210;-361563410;true;0.004001587392349194;0;1;;"test0";12152;12491647
210;-891825910;true;0.004001587392349194;0;1;;"test0";10641;12491647
210;-1207427281;true;0.004001587392349194;0;1;;"test0";11152;12491647
210;-33105482;true;0.004001587392349194;0;1;;"test0";10444;12491647
210;-361563410;true;0.004001587392349194;0;1;;"test0";12328;12491647
210;-902179336;true;0.00400212704991644;0;1;;"test0";12719;12491647
210;427785123;true;0.00400334985946821;0;1;;"test0";11073;12491647
210;-1439164402;true;0.00400334985946821;0;1;;"test0";11997;12491647
210;-1324416326;true;0.00400334985946821;0;1;;"test0";10836;12491647
210;-1439164402;true;0.00400334985946821;0;1;;"test0";10190;12491647
210;-1078423573;true;0.00400334985946821;0;1;;"test0";1;12491647
210;-1230312799;true;0.00400334985946821;0;1;;"test0";12383;12491647
211;-274685349;false;-1;0;1;;"test0";NaN;12577749
211;-497593482;false;-1;0;1;;"test0";NaN;12577749
211;-1439164402;false;-1;0;1;;"test0";NaN;12577749
211;1231397878;true;0.00286427732079906;0;1;;"test0";9335;12577749
211;451760960;true;0.003443041114540441;0;1;;"test0";10751;12577749
211;-1638883310;true;0.003443041114540441;0;1;;"test0";9188;12577749
211;1855071781;true;0.003531192807742152;0;1;;"test0";10334;12577749
211;-1883465373;true;0.003575247464352792;0;1;;"test0";8161;12577749
211;1967738946;true;0.003575247464352792;0;1;;"test0";11312;12577749
211;-904105393;true;0.003575247464352792;0;1;;"test0";9343;12577749
211;225927373;true;0.0035994427202612617;0;1;;"test0";11888;12577749
211;118626909;true;0.003643565991361791;0;1;;"test0";7965;12577749
211;395805235;true;0.003796113882157877;0;1;;"test0";9278;12577749
211;1246042759;true;0.003796113882157877;0;1;;"test0";9595;12577749
211;1739664546;true;0.003796113882157877;0;1;;"test0";5978;12577749
211;-1420982107;true;0.003796113882157877;0;1;;"test0";10504;12577749
211;-657733715;true;0.003796113882157877;0;1;;"test0";11023;12577749
211;-229303200;true;0.003796113882157877;0;1;;"test0";9760;12577749
211;279721575;true;0.0037976002598750233;0;1;;"test0";10242;12577749
211;-254327821;true;0.0037976002598750233;0;1;;"test0";8619;12577749
211;1450343355;true;0.0038092274555293227;0;1;;"test0";11316;12577749
211;-864613142;true;0.0038092274555293227;0;1;;"test0";9902;12577749
211;-1463434217;true;0.0038092274555293227;0;1;;"test0";10452;12577749
211;-1524399534;true;0.0038092274555293227;0;1;;"test0";12252;12577749
211;1961271980;true;0.003876096134523445;0;1;;"test0";9214;12577749
211;1079131416;true;0.003876096134523445;0;1;;"test0";9874;12577749
211;-907450788;true;0.0038911866789573908;0;1;;"test0";9156;12577749
211;1176294100;true;0.0038911866789573908;0;1;;"test0";11881;12577749
211;246377113;true;0.0038916454000423113;0;1;;"test0";9589;12577749
211;1747383131;true;0.003979369140726256;0;1;;"test0";11784;12577749
211;710544237;true;0.003979369140726256;0;1;;"test0";11385;12577749
211;-726387894;true;0.003988394510529679;0;1;;"test0";8373;12577749
211;1488280127;true;0.003988394510529679;0;1;;"test0";9745;12577749
211;-726387894;true;0.003988394510529679;0;1;;"test0";10495;12577749
211;1369599746;true;0.003988394510529679;0;1;;"test0";10176;12577749
211;-398770849;true;0.003988394510529679;0;1;;"test0";9886;12577749
211;11232999;true;0.004000321967775602;0;1;;"test0";10185;12577749
211;1605573003;true;0.004000321967775602;0;1;;"test0";7944;12577749
211;-33105482;true;0.004001587392349194;0;1;;"test0";9293;12577749
211;2051061247;true;0.004001587392349194;0;1;;"test0";10237;12577749
211;431296051;true;0.004001587392349194;0;1;;"test0";9931;12577749
211;1877632300;true;0.004001587392349194;0;1;;"test0";9464;12577749
211;-902179336;true;0.00400212704991644;0;1;;"test0";11942;12577749
211;894998569;true;0.00400212704991644;0;1;;"test0";10181;12577749
211;-902179336;true;0.00400212704991644;0;1;;"test0";11504;12577749
211;-1397318509;true;0.00400212704991644;0;1;;"test0";10453;12577749
211;-1230312799;true;0.00400334985946821;0;1;;"test0";1;12577749
211;-2108186921;true;0.00400334985946821;0;1;;"test0";10083;12577749
211;-1078423573;true;0.00400334985946821;0;1;;"test0";1;12577749
211;-1765601839;true;0.00400334985946821;0;1;;"test0";9354;12577749
212;-11352285;false;-1;0;1;;"test0";NaN;12663006
212;862087144;false;-1;0;1;;"test0";NaN;12663006
212;-750704298;true;0.003003432494279176;0;1;;"test0";10818;12663006
212;-774523621;true;0.003003432494279176;0;1;;"test0";10351;12663006
212;-253568107;true;0.0034423905139187353;0;1;;"test0";8541;12663006
212;-1883465373;true;0.003575247464352792;0;1;;"test0";10122;12663006
212;457383623;true;0.003575247464352792;0;1;;"test0";8329;12663006
212;-93357697;true;0.0035994427202612617;0;1;;"test0";10874;12663006
212;2125941350;true;0.0035994427202612617;0;1;;"test0";10378;12663006
212;684855666;true;0.0035994427202612617;0;1;;"test0";10336;12663006
212;-255591326;true;0.0035994427202612617;0;1;;"test0";12569;12663006
212;856645537;true;0.0035994427202612617;0;1;;"test0";9935;12663006
212;602961719;true;0.003643565991361791;0;1;;"test0";10584;12663006
212;183623484;true;0.0036682391831417247;0;1;;"test0";10707;12663006
212;535858100;true;0.003796113882157877;0;1;;"test0";10167;12663006
212;-1881646959;true;0.003796113882157877;0;1;;"test0";9449;12663006
212;-1478628251;true;0.0037976002598750233;0;1;;"test0";11280;12663006
212;-254327821;true;0.0037976002598750233;0;1;;"test0";10076;12663006
212;-1058036187;true;0.0038092274555293227;0;1;;"test0";9140;12663006
212;-149190816;true;0.0038092274555293227;0;1;;"test0";10242;12663006
212;1961271980;true;0.003876096134523445;0;1;;"test0";10090;12663006
212;696778060;true;0.003876096134523445;0;1;;"test0";10109;12663006
212;1092121042;true;0.0038911866789573908;0;1;;"test0";10246;12663006
212;1176294100;true;0.0038911866789573908;0;1;;"test0";10239;12663006
212;1939167097;true;0.0038916454000423113;0;1;;"test0";9504;12663006
212;1747383131;true;0.003979369140726256;0;1;;"test0";10515;12663006
212;1586872635;true;0.003979369140726256;0;1;;"test0";10369;12663006
212;-183472544;true;0.003979369140726256;0;1;;"test0";10649;12663006
212;1747383131;true;0.003979369140726256;0;1;;"test0";8592;12663006
212;219246644;true;0.003988394510529679;0;1;;"test0";10275;12663006
212;330431049;true;0.003988394510529679;0;1;;"test0";10262;12663006
212;937325119;true;0.004000321967775602;0;1;;"test0";11083;12663006
212;-800184214;true;0.004000321967775602;0;1;;"test0";9463;12663006
212;-1200273379;true;0.004001587392349194;0;1;;"test0";10794;12663006
212;546764016;true;0.004001587392349194;0;1;;"test0";10248;12663006
212;-150663429;true;0.004001587392349194;0;1;;"test0";8836;12663006
212;815043135;true;0.004001587392349194;0;1;;"test0";10904;12663006
212;431296051;true;0.004001587392349194;0;1;;"test0";10738;12663006
212;-554102635;true;0.00400212704991644;0;1;;"test0";7917;12663006
212;1708234288;true;0.00400212704991644;0;1;;"test0";9935;12663006
212;1325538836;true;0.00400212704991644;0;1;;"test0";9824;12663006
212;-1980298685;true;0.00400212704991644;0;1;;"test0";10027;12663006
212;-409091378;true;0.00400212704991644;0;1;;"test0";9864;12663006
212;-7898577;true;0.00400212704991644;0;1;;"test0";11181;12663006
212;-1765601839;true;0.00400334985946821;0;1;;"test0";10018;12663006
212;-1765601839;true;0.00400334985946821;0;1;;"test0";12417;12663006
212;-1078423573;true;0.00400334985946821;0;1;;"test0";3;12663006
212;1776997589;true;0.00400334985946821;0;1;;"test0";9350;12663006
212;1839593602;true;0.00400334985946821;0;1;;"test0";8636;12663006
213;1747383131;false;-1;0;1;;"test0";NaN;12754891
213;-1081074854;false;-1;0;1;;"test0";NaN;12754891
213;1776997589;false;-1;0;1;;"test0";NaN;12754891
213;-1264444193;false;-1;0;1;;"test0";NaN;12754891
213;260512477;true;0.00286427732079906;0;1;;"test0";10685;12754891
213;-621795744;true;0.003575247464352792;0;1;;"test0";7665;12754891
213;1032973038;true;0.003584885267336272;0;1;;"test0";8650;12754891
213;-866332861;true;0.0035968165749268245;0;1;;"test0";11931;12754891
213;335973343;true;0.003643565991361791;0;1;;"test0";9661;12754891
213;-190399425;true;0.0036682391831417247;0;1;;"test0";8911;12754891
213;-2107340805;true;0.003796113882157877;0;1;;"test0";9421;12754891
213;382815694;true;0.003796113882157877;0;1;;"test0";9919;12754891
213;-149190816;true;0.0038092274555293227;0;1;;"test0";10947;12754891
213;-520416740;true;0.0038092274555293227;0;1;;"test0";9898;12754891
213;-1058036187;true;0.0038092274555293227;0;1;;"test0";9860;12754891
213;-486605676;true;0.0038092274555293227;0;1;;"test0";10952;12754891
213;2123511039;true;0.003875721941553834;0;1;;"test0";12138;12754891
213;-1435634598;true;0.003876096134523445;0;1;;"test0";12037;12754891
213;-75780618;true;0.003876096134523445;0;1;;"test0";11018;12754891
213;-319464139;true;0.0038911866789573908;0;1;;"test0";9974;12754891
213;1266118815;true;0.0038911866789573908;0;1;;"test0";10230;12754891
213;1554373843;true;0.0038916454000423113;0;1;;"test0";9424;12754891
213;-145999637;true;0.0038916454000423113;0;1;;"test0";7793;12754891
213;-455555471;true;0.0038916454000423113;0;1;;"test0";12240;12754891
213;2006428380;true;0.0038916454000423113;0;1;;"test0";11567;12754891
213;191670550;true;0.003976110182310492;0;1;;"test0";7985;12754891
213;-1586127552;true;0.003979369140726256;0;1;;"test0";11922;12754891
213;2037014519;true;0.003980430254315684;0;1;;"test0";9222;12754891
213;-1962775941;true;0.003988394510529679;0;1;;"test0";10034;12754891
213;-2032074521;true;0.003988394510529679;0;1;;"test0";11832;12754891
213;372867901;true;0.0039896231714483;0;1;;"test0";8670;12754891
213;-46799962;true;0.004000321967775602;0;1;;"test0";9415;12754891
213;1563942307;true;0.004000321967775602;0;1;;"test0";8591;12754891
213;-1462756260;true;0.004000321967775602;0;1;;"test0";10955;12754891
213;-800184214;true;0.004000321967775602;0;1;;"test0";9340;12754891
213;-800184214;true;0.004000321967775602;0;1;;"test0";8558;12754891
213;1981416774;true;0.004001587392349194;0;1;;"test0";11284;12754891
213;1201012217;true;0.004001587392349194;0;1;;"test0";7475;12754891
213;-1980298685;true;0.00400212704991644;0;1;;"test0";8141;12754891
213;827744827;true;0.00400212704991644;0;1;;"test0";10500;12754891
213;649095821;true;0.00400212704991644;0;1;;"test0";12136;12754891
213;-463673834;true;0.00400212704991644;0;1;;"test0";12412;12754891
213;-554102635;true;0.00400212704991644;0;1;;"test0";12046;12754891
213;576341794;true;0.00400212704991644;0;1;;"test0";7802;12754891
213;1776997589;true;0.00400334985946821;0;1;;"test0";12258;12754891
213;1839593602;true;0.00400334985946821;0;1;;"test0";2;12754891
213;-1918743505;true;0.00400334985946821;0;1;;"test0";12037;12754891
213;1776997589;true;0.00400334985946821;0;1;;"test0";8565;12754891
213;-1765601839;true;0.00400334985946821;0;1;;"test0";11797;12754891
214;-660388116;false;-1;0;1;;"test0";NaN;12839757
214;-1386901537;false;-1;0;1;;"test0";NaN;12839757
214;865299783;true;0.002574370709382151;0;1;;"test0";12453;12839757
214;-633851148;true;0.00286427732079906;0;1;;"test0";10734;12839757
214;-1216814721;true;0.00286427732079906;0;1;;"test0";9363;12839757
214;1130670093;true;0.0034381499439024143;0;1;;"test0";10364;12839757
214;-1225136877;true;0.0034425421559964695;0;1;;"test0";8149;12839757
214;734826745;true;0.003442850194254789;0;1;;"test0";10270;12839757
214;-793965485;true;0.003575247464352792;0;1;;"test0";10725;12839757
214;498257709;true;0.0035755917551991054;0;1;;"test0";10708;12839757
214;-962121669;true;0.0035771080819105845;0;1;;"test0";9473;12839757
214;-356541060;true;0.0035994427202612617;0;1;;"test0";10255;12839757
214;-473460954;true;0.0036233251077269902;0;1;;"test0";11211;12839757
214;748940122;true;0.003643565991361791;0;1;;"test0";9851;12839757
214;-1666462323;true;0.0036682391831417247;0;1;;"test0";12312;12839757
214;-186604472;true;0.0037855159686602242;0;1;;"test0";11299;12839757
214;-1947625280;true;0.003796113882157877;0;1;;"test0";12189;12839757
214;709451649;true;0.0038092274555293227;0;1;;"test0";10426;12839757
214;1287783361;true;0.003875721941553834;0;1;;"test0";9576;12839757
214;126418397;true;0.003875721941553834;0;1;;"test0";10235;12839757
214;-1906682834;true;0.003875721941553834;0;1;;"test0";9073;12839757
214;1381379947;true;0.003875721941553834;0;1;;"test0";9412;12839757
214;1266118815;true;0.0038911866789573908;0;1;;"test0";12639;12839757
214;-1569222607;true;0.0038911866789573908;0;1;;"test0";10064;12839757
214;-1174100144;true;0.0038916454000423113;0;1;;"test0";11560;12839757
214;-1586127552;true;0.003979369140726256;0;1;;"test0";11474;12839757
214;809969900;true;0.003980430254315684;0;1;;"test0";9941;12839757
214;1441992021;true;0.003980430254315684;0;1;;"test0";10764;12839757
214;-1837240470;true;0.0039896231714483;0;1;;"test0";12461;12839757
214;1454332885;true;0.0039896231714483;0;1;;"test0";11504;12839757
214;-1226542079;true;0.004000321967775602;0;1;;"test0";11753;12839757
214;-46799962;true;0.004000321967775602;0;1;;"test0";9829;12839757
214;1920217035;true;0.004000321967775602;0;1;;"test0";10414;12839757
214;330008536;true;0.004001587392349194;0;1;;"test0";9222;12839757
214;2030904166;true;0.004001587392349194;0;1;;"test0";8988;12839757
214;311330348;true;0.004001587392349194;0;1;;"test0";9255;12839757
214;1981416774;true;0.004001587392349194;0;1;;"test0";9980;12839757
214;-554102635;true;0.00400212704991644;0;1;;"test0";10752;12839757
214;2037669914;true;0.00400212704991644;0;1;;"test0";9343;12839757
214;-1918743505;true;0.00400334985946821;0;1;;"test0";10162;12839757
214;-1566108136;true;0.00400334985946821;0;1;;"test0";10870;12839757
214;-1274113970;true;0.00400334985946821;0;1;;"test0";11211;12839757
214;-1918743505;true;0.00400334985946821;0;1;;"test0";9265;12839757
214;539599018;true;0.00400334985946821;0;1;;"test0";11011;12839757
214;482809974;true;0.00400334985946821;0;1;;"test0";12354;12839757
214;-893061787;true;0.00400334985946821;0;1;;"test0";8724;12839757
214;1776997589;true;0.00400334985946821;0;1;;"test0";2;12839757
214;-1765601839;true;0.00400334985946821;0;1;;"test0";11132;12839757
214;844831017;true;0.00400334985946821;0;1;;"test0";10654;12839757
215;-358630879;false;-1;0;1;;"test0";NaN;12918682
215;-1837240470;false;-1;0;1;;"test0";NaN;12918682
215;1267395109;true;0.002002288329519451;0;1;;"test0";11081;12918682
215;1423821736;true;0.002574370709382151;0;1;;"test0";7322;12918682
215;-826908769;true;0.002942137953579601;0;1;;"test0";10120;12918682
215;1022794621;true;0.0034425421559964695;0;1;;"test0";11711;12918682
215;734826745;true;0.003442850194254789;0;1;;"test0";8725;12918682
215;966437285;true;0.003575247464352792;0;1;;"test0";11448;12918682
215;-1051133460;true;0.003575247464352792;0;1;;"test0";10090;12918682
215;-962121669;true;0.0035771080819105845;0;1;;"test0";11258;12918682
215;-1736326609;true;0.0035771080819105845;0;1;;"test0";11863;12918682
215;2051387789;true;0.0035771080819105845;0;1;;"test0";10895;12918682
215;-962121669;true;0.0035771080819105845;0;1;;"test0";12202;12918682
215;1517085747;true;0.0035968165749268245;0;1;;"test0";10434;12918682
215;900185267;true;0.0035991312499327912;0;1;;"test0";9376;12918682
215;702034948;true;0.0035994427202612617;0;1;;"test0";11860;12918682
215;-2119780028;true;0.0035994427202612617;0;1;;"test0";9921;12918682
215;180255801;true;0.003640218814155496;0;1;;"test0";10247;12918682
215;-488166794;true;0.003643565991361791;0;1;;"test0";10569;12918682
215;-695783410;true;0.0036682391831417247;0;1;;"test0";11569;12918682
215;810214799;true;0.0036682391831417247;0;1;;"test0";9508;12918682
215;54778754;true;0.003796113882157877;0;1;;"test0";5525;12918682
215;513135896;true;0.003796113882157877;0;1;;"test0";11048;12918682
215;-1947625280;true;0.003796113882157877;0;1;;"test0";10149;12918682
215;-1479758370;true;0.0038092274555293227;0;1;;"test0";10425;12918682
215;-2117563494;true;0.003875721941553834;0;1;;"test0";9861;12918682
215;1756947726;true;0.003875721941553834;0;1;;"test0";10886;12918682
215;677036964;true;0.003875721941553834;0;1;;"test0";10896;12918682
215;497851964;true;0.003876096134523445;0;1;;"test0";11570;12918682
215;2081111702;true;0.003886592346508793;0;1;;"test0";11455;12918682
215;233850489;true;0.0038911866789573908;0;1;;"test0";10290;12918682
215;-1943258808;true;0.0038911866789573908;0;1;;"test0";11465;12918682
215;-1389532649;true;0.0038911866789573908;0;1;;"test0";10289;12918682
215;1702893206;true;0.0038916454000423113;0;1;;"test0";10454;12918682
215;-458048715;true;0.0038916454000423113;0;1;;"test0";9187;12918682
215;-1683501812;true;0.003972379091502891;0;1;;"test0";9758;12918682
215;-1220478689;true;0.003980430254315684;0;1;;"test0";11768;12918682
215;-46799962;true;0.004000321967775602;0;1;;"test0";10388;12918682
215;-46799962;true;0.004000321967775602;0;1;;"test0";10226;12918682
215;2063265453;true;0.004001587392349194;0;1;;"test0";11320;12918682
215;1008206626;true;0.004001587392349194;0;1;;"test0";9303;12918682
215;-2033995965;true;0.004001587392349194;0;1;;"test0";9754;12918682
215;1981416774;true;0.004001587392349194;0;1;;"test0";10314;12918682
215;-61178305;true;0.00400212704991644;0;1;;"test0";12723;12918682
215;2037669914;true;0.00400212704991644;0;1;;"test0";10457;12918682
215;-724070887;true;0.00400334985946821;0;1;;"test0";8591;12918682
215;-1918743505;true;0.00400334985946821;0;1;;"test0";9455;12918682
215;844831017;true;0.00400334985946821;0;1;;"test0";2;12918682
215;-1765601839;true;0.00400334985946821;0;1;;"test0";3;12918682
215;539599018;true;0.00400334985946821;0;1;;"test0";11581;12918682
216;-1567228259;true;0.002002288329519451;0;1;;"test0";8625;12992436
216;-1111272189;true;0.002002288329519451;0;1;;"test0";12125;12992436
216;1467537354;true;0.002574370709382151;0;1;;"test0";8822;12992436
216;-1645596538;true;0.0028641509998354794;0;1;;"test0";13402;12992436
216;-284714247;true;0.00286427732079906;0;1;;"test0";10680;12992436
216;-313012861;true;0.002942137953579601;0;1;;"test0";12753;12992436
216;-583144553;true;0.0035753273099229823;0;1;;"test0";10682;12992436
216;1817028619;true;0.0035771080819105845;0;1;;"test0";12345;12992436
216;681742457;true;0.0035991312499327912;0;1;;"test0";11590;12992436
216;355783699;true;0.0035991312499327912;0;1;;"test0";11327;12992436
216;1864055914;true;0.0035994427202612617;0;1;;"test0";10387;12992436
216;-1504519205;true;0.0035994427202612617;0;1;;"test0";12326;12992436
216;135674046;true;0.0035994427202612617;0;1;;"test0";9707;12992436
216;261426555;true;0.0036194714341774826;0;1;;"test0";11801;12992436
216;180255801;true;0.003640218814155496;0;1;;"test0";12392;12992436
216;-322744705;true;0.003640218814155496;0;1;;"test0";10899;12992436
216;709745516;true;0.003640218814155496;0;1;;"test0";10702;12992436
216;-497804181;true;0.003640218814155496;0;1;;"test0";8437;12992436
216;180255801;true;0.003640218814155496;0;1;;"test0";9803;12992436
216;-1676073367;true;0.003796113882157877;0;1;;"test0";9956;12992436
216;-324840106;true;0.003796113882157877;0;1;;"test0";10624;12992436
216;-152842738;true;0.003796113882157877;0;1;;"test0";9955;12992436
216;-186582912;true;0.003796113882157877;0;1;;"test0";9728;12992436
216;-1947625280;true;0.003796113882157877;0;1;;"test0";12071;12992436
216;786777065;true;0.003796113882157877;0;1;;"test0";12779;12992436
216;513135896;true;0.003796113882157877;0;1;;"test0";12203;12992436
216;-1947625280;true;0.003796113882157877;0;1;;"test0";10805;12992436
216;491390862;true;0.003796113882157877;0;1;;"test0";11714;12992436
216;-720470109;true;0.0038099270167691874;0;1;;"test0";11518;12992436
216;1625097578;true;0.003876096134523445;0;1;;"test0";12023;12992436
216;246719722;true;0.003876096134523445;0;1;;"test0";9163;12992436
216;1134367251;true;0.003886592346508793;0;1;;"test0";8741;12992436
216;2081111702;true;0.003886592346508793;0;1;;"test0";10630;12992436
216;-1795096948;true;0.003886592346508793;0;1;;"test0";12078;12992436
216;300592251;true;0.0038916454000423113;0;1;;"test0";11821;12992436
216;-146730153;true;0.0038916454000423113;0;1;;"test0";10085;12992436
216;-277395241;true;0.003972379091502891;0;1;;"test0";10600;12992436
216;-1683501812;true;0.003972379091502891;0;1;;"test0";10800;12992436
216;-678573368;true;0.003972379091502891;0;1;;"test0";9693;12992436
216;-1683501812;true;0.003972379091502891;0;1;;"test0";12087;12992436
216;-1683501812;true;0.003972379091502891;0;1;;"test0";11436;12992436
216;-1821630853;true;0.003980430254315684;0;1;;"test0";12486;12992436
216;-1220478689;true;0.003980430254315684;0;1;;"test0";10695;12992436
216;-2022539530;true;0.004000321967775602;0;1;;"test0";9992;12992436
216;-237918854;true;0.004000321967775602;0;1;;"test0";11162;12992436
216;2063265453;true;0.004001587392349194;0;1;;"test0";10147;12992436
216;2037669914;true;0.00400212704991644;0;1;;"test0";11797;12992436
216;1929766980;true;0.00400212704991644;0;1;;"test0";12824;12992436
216;-1765601839;true;0.00400334985946821;0;1;;"test0";1;12992436
216;539599018;true;0.00400334985946821;0;1;;"test0";2;12992436
217;2135166383;true;0.00286427732079906;0;1;;"test0";11637;13065260
217;1883954363;true;0.0035755917551991054;0;1;;"test0";12278;13065260
217;843981616;true;0.0035755917551991054;0;1;;"test0";11785;13065260
217;1365613542;true;0.0035755917551991054;0;1;;"test0";12041;13065260
217;1817028619;true;0.0035771080819105845;0;1;;"test0";9103;13065260
217;1817028619;true;0.0035771080819105845;0;1;;"test0";8605;13065260
217;1093119152;true;0.0035771080819105845;0;1;;"test0";10923;13065260
217;1728799818;true;0.003584885267336272;0;1;;"test0";9725;13065260
217;-1604424714;true;0.003584885267336272;0;1;;"test0";10690;13065260
217;1434907773;true;0.0035991312499327912;0;1;;"test0";13357;13065260
217;681742457;true;0.0035991312499327912;0;1;;"test0";12851;13065260
217;-1575418727;true;0.0035994427202612617;0;1;;"test0";12532;13065260
217;-1183293335;true;0.0035994427202612617;0;1;;"test0";9972;13065260
217;967575979;true;0.0035994427202612617;0;1;;"test0";9975;13065260
217;-497897359;true;0.003796113882157877;0;1;;"test0";9843;13065260
217;-720470109;true;0.0038099270167691874;0;1;;"test0";12615;13065260
217;-720470109;true;0.0038099270167691874;0;1;;"test0";10892;13065260
217;2042701107;true;0.0038099270167691874;0;1;;"test0";12564;13065260
217;1634748919;true;0.0038099270167691874;0;1;;"test0";11872;13065260
217;-720470109;true;0.0038099270167691874;0;1;;"test0";10996;13065260
217;1871520386;true;0.003817980382559321;0;1;;"test0";9809;13065260
217;777559820;true;0.003876096134523445;0;1;;"test0";9111;13065260
217;646516014;true;0.003876096134523445;0;1;;"test0";10553;13065260
217;300592251;true;0.0038916454000423113;0;1;;"test0";9811;13065260
217;300592251;true;0.0038916454000423113;0;1;;"test0";8158;13065260
217;816579601;true;0.0038916454000423113;0;1;;"test0";12664;13065260
217;300592251;true;0.0038916454000423113;0;1;;"test0";8241;13065260
217;-678573368;true;0.003972379091502891;0;1;;"test0";8928;13065260
217;-678573368;true;0.003972379091502891;0;1;;"test0";9906;13065260
217;739880442;true;0.00397508597276459;0;1;;"test0";12057;13065260
217;-1220478689;true;0.003980430254315684;0;1;;"test0";12283;13065260
217;-1220478689;true;0.003980430254315684;0;1;;"test0";11815;13065260
217;-1220478689;true;0.003980430254315684;0;1;;"test0";11960;13065260
217;2063265453;true;0.004001587392349194;0;1;;"test0";12735;13065260
217;2063265453;true;0.004001587392349194;0;1;;"test0";13178;13065260
217;1929766980;true;0.00400212704991644;0;1;;"test0";11059;13065260
217;-22459745;true;0.00400212704991644;0;1;;"test0";13527;13065260
217;316980853;true;0.00400212704991644;0;1;;"test0";11819;13065260
217;1929766980;true;0.00400212704991644;0;1;;"test0";12970;13065260
217;-531183910;true;0.00400334985946821;0;1;;"test0";11995;13065260
217;-1916640819;true;0.00400334985946821;0;1;;"test0";12262;13065260
217;-2099917813;true;0.00400334985946821;0;1;;"test0";12003;13065260
217;539599018;true;0.00400334985946821;0;1;;"test0";10926;13065260
217;293095431;true;0.00400334985946821;0;1;;"test0";11847;13065260
217;296922726;true;0.00400334985946821;0;1;;"test0";11812;13065260
217;539599018;true;0.00400334985946821;0;1;;"test0";11851;13065260
217;-1163919097;true;0.00400334985946821;0;1;;"test0";11229;13065260
217;-1765601839;true;0.00400334985946821;0;1;;"test0";2;13065260
217;-274330012;true;0.00400334985946821;0;1;;"test0";10629;13065260
218;83297710;false;-1;0;1;;"test0";NaN;13139455
218;-1716698930;true;0.00286427732079906;0;1;;"test0";13065;13139455
218;1606264516;true;0.0034381499439024143;0;1;;"test0";9763;13139455
218;-1764629585;true;0.0035755917551991054;0;1;;"test0";12492;13139455
218;-1727508973;true;0.0035771080819105845;0;1;;"test0";10353;13139455
218;-723679764;true;0.003586724272800318;0;1;;"test0";9330;13139455
218;681742457;true;0.0035991312499327912;0;1;;"test0";12858;13139455
218;681742457;true;0.0035991312499327912;0;1;;"test0";12595;13139455
218;-1575418727;true;0.0035994427202612617;0;1;;"test0";8955;13139455
218;-1183293335;true;0.0035994427202612617;0;1;;"test0";9968;13139455
218;1316860180;true;0.0035994427202612617;0;1;;"test0";10620;13139455
218;1145144073;true;0.0035994427202612617;0;1;;"test0";8226;13139455
218;1731987635;true;0.003796113882157877;0;1;;"test0";11826;13139455
218;-497897359;true;0.003796113882157877;0;1;;"test0";10927;13139455
218;-1393422233;true;0.003796113882157877;0;1;;"test0";10845;13139455
218;-497897359;true;0.003796113882157877;0;1;;"test0";8458;13139455
218;-895340104;true;0.003796113882157877;0;1;;"test0";9146;13139455
218;818648189;true;0.003796113882157877;0;1;;"test0";11865;13139455
218;1753624413;true;0.003796113882157877;0;1;;"test0";10063;13139455
218;-497897359;true;0.003796113882157877;0;1;;"test0";8550;13139455
218;-507371862;true;0.0037976002598750233;0;1;;"test0";9230;13139455
218;-1922699071;true;0.0037976002598750233;0;1;;"test0";7749;13139455
218;-1248977685;true;0.003817980382559321;0;1;;"test0";9126;13139455
218;-1702190036;true;0.00382617960482429;0;1;;"test0";9187;13139455
218;-384433798;true;0.003876096134523445;0;1;;"test0";11552;13139455
218;646516014;true;0.003876096134523445;0;1;;"test0";9511;13139455
218;-632593407;true;0.003876096134523445;0;1;;"test0";9910;13139455
218;-722255714;true;0.0038911866789573908;0;1;;"test0";8207;13139455
218;-1883176383;true;0.0038916454000423113;0;1;;"test0";9706;13139455
218;300592251;true;0.0038916454000423113;0;1;;"test0";9148;13139455
218;362298683;true;0.003972379091502891;0;1;;"test0";9153;13139455
218;-678573368;true;0.003972379091502891;0;1;;"test0";11604;13139455
218;-2105269833;true;0.003972379091502891;0;1;;"test0";8322;13139455
218;739880442;true;0.00397508597276459;0;1;;"test0";10696;13139455
218;739880442;true;0.00397508597276459;0;1;;"test0";11974;13139455
218;-1220478689;true;0.003980430254315684;0;1;;"test0";9108;13139455
218;-589955085;true;0.004000321967775602;0;1;;"test0";8376;13139455
218;2063265453;true;0.004001587392349194;0;1;;"test0";13076;13139455
218;2063265453;true;0.004001587392349194;0;1;;"test0";12220;13139455
218;2063265453;true;0.004001587392349194;0;1;;"test0";9520;13139455
218;1929766980;true;0.00400212704991644;0;1;;"test0";10349;13139455
218;-22459745;true;0.00400212704991644;0;1;;"test0";9491;13139455
218;316980853;true;0.00400212704991644;0;1;;"test0";12711;13139455
218;-1389690375;true;0.00400212704991644;0;1;;"test0";14314;13139455
218;-274330012;true;0.00400334985946821;0;1;;"test0";2;13139455
218;-531183910;true;0.00400334985946821;0;1;;"test0";9683;13139455
218;-1765601839;true;0.00400334985946821;0;1;;"test0";2;13139455
218;-662269277;true;0.00400334985946821;0;1;;"test0";11161;13139455
218;-921434065;true;0.00400334985946821;0;1;;"test0";10432;13139455
218;313747661;true;0.00400334985946821;0;1;;"test0";9505;13139455
219;-227558062;true;0.002574370709382151;0;1;;"test0";11911;13214542
219;-606979825;true;0.00286427732079906;0;1;;"test0";13228;13214542
219;-253672060;true;0.002942137953579601;0;1;;"test0";12742;13214542
219;2048288212;true;0.0034349164259443706;0;1;;"test0";9817;13214542
219;-1319616291;true;0.0034425421559964695;0;1;;"test0";11346;13214542
219;773542014;true;0.0035771080819105845;0;1;;"test0";11509;13214542
219;-440840362;true;0.0035771080819105845;0;1;;"test0";11673;13214542
219;-1315252185;true;0.0035771080819105845;0;1;;"test0";12456;13214542
219;-1532115727;true;0.0035994427202612617;0;1;;"test0";10823;13214542
219;1255327107;true;0.0035994427202612617;0;1;;"test0";10800;13214542
219;275415578;true;0.0035994427202612617;0;1;;"test0";8182;13214542
219;1237712574;true;0.0035994427202612617;0;1;;"test0";12436;13214542
219;1740924218;true;0.003796113882157877;0;1;;"test0";11383;13214542
219;466029150;true;0.003796113882157877;0;1;;"test0";12772;13214542
219;818648189;true;0.003796113882157877;0;1;;"test0";11636;13214542
219;256244196;true;0.003796113882157877;0;1;;"test0";12661;13214542
219;270923922;true;0.003796113882157877;0;1;;"test0";12438;13214542
219;151166692;true;0.0038092274555293227;0;1;;"test0";11798;13214542
219;-1702190036;true;0.00382617960482429;0;1;;"test0";10706;13214542
219;-2104283023;true;0.00382617960482429;0;1;;"test0";9370;13214542
219;-1305896149;true;0.00382617960482429;0;1;;"test0";11364;13214542
219;259877161;true;0.0038317136334967555;0;1;;"test0";8866;13214542
219;1991727863;true;0.003876096134523445;0;1;;"test0";10344;13214542
219;646516014;true;0.003876096134523445;0;1;;"test0";8183;13214542
219;484555476;true;0.003876096134523445;0;1;;"test0";13445;13214542
219;1674095007;true;0.003876096134523445;0;1;;"test0";6652;13214542
219;1293588779;true;0.0038870282335081445;0;1;;"test0";10305;13214542
219;-857222296;true;0.0038916454000423113;0;1;;"test0";13318;13214542
219;700227486;true;0.0038916454000423113;0;1;;"test0";9599;13214542
219;1613409915;true;0.003972379091502891;0;1;;"test0";8309;13214542
219;281391213;true;0.00397508597276459;0;1;;"test0";12637;13214542
219;412975373;true;0.00397508597276459;0;1;;"test0";11584;13214542
219;739880442;true;0.00397508597276459;0;1;;"test0";9850;13214542
219;739880442;true;0.00397508597276459;0;1;;"test0";11443;13214542
219;-2127208656;true;0.003979369140726256;0;1;;"test0";12101;13214542
219;-1220478689;true;0.003980430254315684;0;1;;"test0";11472;13214542
219;314187054;true;0.003980430254315684;0;1;;"test0";12593;13214542
219;1098642116;true;0.004000321967775602;0;1;;"test0";9637;13214542
219;-1373569209;true;0.004000321967775602;0;1;;"test0";10919;13214542
219;1412357332;true;0.004000321967775602;0;1;;"test0";9698;13214542
219;528400978;true;0.004001587392349194;0;1;;"test0";12908;13214542
219;-372000882;true;0.004001587392349194;0;1;;"test0";12792;13214542
219;-788559280;true;0.004001587392349194;0;1;;"test0";12666;13214542
219;2063265453;true;0.004001587392349194;0;1;;"test0";11905;13214542
219;1364146601;true;0.00400212704991644;0;1;;"test0";8072;13214542
219;31496092;true;0.00400212704991644;0;1;;"test0";10558;13214542
219;-867358490;true;0.00400212704991644;0;1;;"test0";12084;13214542
219;-1297366276;true;0.00400212704991644;0;1;;"test0";13392;13214542
219;313747661;true;0.00400334985946821;0;1;;"test0";1;13214542
219;-921434065;true;0.00400334985946821;0;1;;"test0";1;13214542
220;1038687170;true;0.0028642005243457043;0;1;;"test0";11544;13287686
220;-1447973781;true;0.0034349190409504594;0;1;;"test0";11388;13287686
220;-1315252185;true;0.0035771080819105845;0;1;;"test0";13123;13287686
220;-6497225;true;0.0035854007793519123;0;1;;"test0";8680;13287686
220;1364598639;true;0.0035991312499327912;0;1;;"test0";12976;13287686
220;-1409652446;true;0.0035994427202612617;0;1;;"test0";11011;13287686
220;275415578;true;0.0035994427202612617;0;1;;"test0";9975;13287686
220;119710275;true;0.0035994427202612617;0;1;;"test0";12581;13287686
220;1081166091;true;0.0035994427202612617;0;1;;"test0";11586;13287686
220;1437076798;true;0.0035994427202612617;0;1;;"test0";12862;13287686
220;-259220552;true;0.003796113882157877;0;1;;"test0";8865;13287686
220;-170163329;true;0.003796113882157877;0;1;;"test0";11032;13287686
220;151166692;true;0.0038092274555293227;0;1;;"test0";11024;13287686
220;1631737286;true;0.0038092274555293227;0;1;;"test0";11009;13287686
220;2048877865;true;0.00382617960482429;0;1;;"test0";11703;13287686
220;-92424550;true;0.0038317136334967555;0;1;;"test0";12558;13287686
220;-30764989;true;0.0038317136334967555;0;1;;"test0";9466;13287686
220;-1586438368;true;0.003876096134523445;0;1;;"test0";10621;13287686
220;-373521477;true;0.0038870282335081445;0;1;;"test0";10469;13287686
220;1293588779;true;0.0038870282335081445;0;1;;"test0";12750;13287686
220;1293588779;true;0.0038870282335081445;0;1;;"test0";9403;13287686
220;-1864823614;true;0.0038870282335081445;0;1;;"test0";11392;13287686
220;1293588779;true;0.0038870282335081445;0;1;;"test0";9076;13287686
220;1293588779;true;0.0038870282335081445;0;1;;"test0";11022;13287686
220;-1298055239;true;0.0038870282335081445;0;1;;"test0";10545;13287686
220;-674105160;true;0.0038870282335081445;0;1;;"test0";11013;13287686
220;-1105918085;true;0.0038916454000423113;0;1;;"test0";9885;13287686
220;1863840707;true;0.0038916454000423113;0;1;;"test0";11186;13287686
220;2015759321;true;0.003972379091502891;0;1;;"test0";10095;13287686
220;1039065741;true;0.003973597077489206;0;1;;"test0";9084;13287686
220;-968332306;true;0.003979369140726256;0;1;;"test0";11554;13287686
220;44614696;true;0.003980430254315684;0;1;;"test0";11086;13287686
220;-1220478689;true;0.003980430254315684;0;1;;"test0";11634;13287686
220;1119150723;true;0.003985425906272067;0;1;;"test0";10118;13287686
220;2009287982;true;0.003988394510529679;0;1;;"test0";10654;13287686
220;-1391689921;true;0.004000321967775602;0;1;;"test0";11671;13287686
220;1098642116;true;0.004000321967775602;0;1;;"test0";11824;13287686
220;-372000882;true;0.004001587392349194;0;1;;"test0";10720;13287686
220;651742065;true;0.004001587392349194;0;1;;"test0";11386;13287686
220;-372000882;true;0.004001587392349194;0;1;;"test0";10806;13287686
220;-788559280;true;0.004001587392349194;0;1;;"test0";11694;13287686
220;143257722;true;0.00400212704991644;0;1;;"test0";12544;13287686
220;-1297366276;true;0.00400212704991644;0;1;;"test0";11707;13287686
220;-498683005;true;0.00400212704991644;0;1;;"test0";11408;13287686
220;-1239910063;true;0.00400334985946821;0;1;;"test0";12545;13287686
220;-921434065;true;0.00400334985946821;0;1;;"test0";11644;13287686
220;-1601850544;true;0.00400334985946821;0;1;;"test0";9127;13287686
220;313747661;true;0.00400334985946821;0;1;;"test0";8893;13287686
221;1775336940;false;-1;0;0;;;240173;13573942
221;458829348;false;-1;0;1;;"test0";NaN;13573942
221;509594362;true;0.002479023646071701;0;1;;"test0";12720;13573942
221;-1068961155;true;0.0028643572950366922;0;1;;"test0";8406;13573942
221;-364360101;true;0.002942137953579601;0;1;;"test0";8344;13573942
221;1045955942;true;0.0035854007793519123;0;1;;"test0";6050;13573942
221;-1731510041;true;0.0035994427202612617;0;1;;"test0";14214;13573942
221;-1115654390;true;0.0035994427202612617;0;1;;"test0";11361;13573942
221;-2066899928;true;0.0035994427202612617;0;1;;"test0";11371;13573942
221;1767348958;true;0.0035994427202612617;0;1;;"test0";10501;13573942
221;316841701;true;0.0035994427202612617;0;1;;"test0";11192;13573942
221;2002200117;true;0.0035994427202612617;0;1;;"test0";12048;13573942
221;753941178;true;0.0038006456225995796;0;1;;"test0";12172;13573942
221;-1178210718;true;0.0038091741485492808;0;1;;"test0";9575;13573942
221;133186386;true;0.0038092274555293227;0;1;;"test0";11491;13573942
221;834447138;true;0.00382617960482429;0;1;;"test0";11555;13573942
221;1063934870;true;0.0038317136334967555;0;1;;"test0";10916;13573942
221;-92424550;true;0.0038317136334967555;0;1;;"test0";10508;13573942
221;-92424550;true;0.0038317136334967555;0;1;;"test0";11225;13573942
221;-92424550;true;0.0038317136334967555;0;1;;"test0";11101;13573942
221;1553945234;true;0.0038344977118217;0;1;;"test0";13644;13573942
221;-972235776;true;0.003876096134523445;0;1;;"test0";7841;13573942
221;-1983603537;true;0.003876096134523445;0;1;;"test0";7198;13573942
221;308743136;true;0.0038870282335081445;0;1;;"test0";8643;13573942
221;-937084712;true;0.0038870282335081445;0;1;;"test0";9517;13573942
221;1863840707;true;0.0038916454000423113;0;1;;"test0";6816;13573942
221;609615426;true;0.0038916454000423113;0;1;;"test0";12209;13573942
221;1615229239;true;0.0038916454000423113;0;1;;"test0";6166;13573942
221;-1632391635;true;0.0038916454000423113;0;1;;"test0";8713;13573942
221;-1453851801;true;0.0038916454000423113;0;1;;"test0";12057;13573942
221;-1079857965;true;0.0038916454000423113;0;1;;"test0";8977;13573942
221;-768396163;true;0.003972379091502891;0;1;;"test0";12289;13573942
221;1039065741;true;0.003973597077489206;0;1;;"test0";11479;13573942
221;-2076140827;true;0.003973597077489206;0;1;;"test0";10112;13573942
221;1039065741;true;0.003973597077489206;0;1;;"test0";10037;13573942
221;1039065741;true;0.003973597077489206;0;1;;"test0";10535;13573942
221;427849574;true;0.003973597077489206;0;1;;"test0";11826;13573942
221;-652383819;true;0.003973597077489206;0;1;;"test0";10492;13573942
221;-1553490969;true;0.003985425906272067;0;1;;"test0";12711;13573942
221;-975435955;true;0.003988394510529679;0;1;;"test0";12612;13573942
221;-1391689921;true;0.004000321967775602;0;1;;"test0";10910;13573942
221;-1391689921;true;0.004000321967775602;0;1;;"test0";11968;13573942
221;1147234396;true;0.004000321967775602;0;1;;"test0";11037;13573942
221;-1836422648;true;0.004001587392349194;0;1;;"test0";13898;13573942
221;-372000882;true;0.004001587392349194;0;1;;"test0";9817;13573942
221;-649607862;true;0.004001587392349194;0;1;;"test0";11596;13573942
221;1786984520;true;0.00400212704991644;0;1;;"test0";9166;13573942
221;313747661;true;0.00400334985946821;0;1;;"test0";1;13573942
221;-1239910063;true;0.00400334985946821;0;1;;"test0";9018;13573942
221;-1601850544;true;0.00400334985946821;0;1;;"test0";1;13573942
222;1894860696;false;-1;0;1;;"test0";NaN;13835621
222;1030821018;false;-1;0;0;;;240046;13835621
222;702487797;true;0.00286427732079906;0;1;;"test0";9875;13835621
222;-1205039193;true;0.0028643572950366922;0;1;;"test0";12457;13835621
222;-2006125713;true;0.0028643572950366922;0;1;;"test0";10302;13835621
222;-434514802;true;0.002942137953579601;0;1;;"test0";10050;13835621
222;1732346566;true;0.0034523666030999104;0;1;;"test0";11928;13835621
222;-2116836070;true;0.00346191575202272;0;1;;"test0";8716;13835621
222;1833113605;true;0.003558115995875789;0;1;;"test0";12309;13835621
222;890295484;true;0.0035734966830134993;0;1;;"test0";7394;13835621
222;-515440204;true;0.003575247464352792;0;1;;"test0";9218;13835621
222;1367845376;true;0.003575361280314737;0;1;;"test0";9636;13835621
222;1631371575;true;0.003575702931616351;0;1;;"test0";13438;13835621
222;-187667678;true;0.0035994427202612617;0;1;;"test0";8784;13835621
222;-965667761;true;0.0035994427202612617;0;1;;"test0";10206;13835621
222;1811740606;true;0.0035994427202612617;0;1;;"test0";10900;13835621
222;-1231953390;true;0.0035994427202612617;0;1;;"test0";12345;13835621
222;752160791;true;0.0035994427202612617;0;1;;"test0";8588;13835621
222;-400337260;true;0.003796113882157877;0;1;;"test0";11046;13835621
222;283703360;true;0.0038091741485492808;0;1;;"test0";6289;13835621
222;-1178210718;true;0.0038091741485492808;0;1;;"test0";11657;13835621
222;-340410393;true;0.0038091741485492808;0;1;;"test0";12610;13835621
222;-1178210718;true;0.0038091741485492808;0;1;;"test0";7287;13835621
222;1021416322;true;0.0038092274555293227;0;1;;"test0";10964;13835621
222;133186386;true;0.0038092274555293227;0;1;;"test0";9249;13835621
222;-853217662;true;0.0038092274555293227;0;1;;"test0";10879;13835621
222;1279922730;true;0.00382617960482429;0;1;;"test0";9166;13835621
222;1296364425;true;0.00382617960482429;0;1;;"test0";9830;13835621
222;834447138;true;0.00382617960482429;0;1;;"test0";9647;13835621
222;-1776977973;true;0.0038343351046376617;0;1;;"test0";7978;13835621
222;1553945234;true;0.0038344977118217;0;1;;"test0";8359;13835621
222;1314997554;true;0.0038916454000423113;0;1;;"test0";9079;13835621
222;-768396163;true;0.003972379091502891;0;1;;"test0";8566;13835621
222;-993271909;true;0.003972379091502891;0;1;;"test0";9574;13835621
222;-1553490969;true;0.003985425906272067;0;1;;"test0";12788;13835621
222;747252217;true;0.003985425906272067;0;1;;"test0";11182;13835621
222;-1391689921;true;0.004000321967775602;0;1;;"test0";8733;13835621
222;1901844353;true;0.004000321967775602;0;1;;"test0";8264;13835621
222;1094601613;true;0.004000321967775602;0;1;;"test0";9719;13835621
222;1147234396;true;0.004000321967775602;0;1;;"test0";10195;13835621
222;-1942013604;true;0.00400212704991644;0;1;;"test0";11319;13835621
222;-1336187533;true;0.00400212704991644;0;1;;"test0";10991;13835621
222;-1982620681;true;0.00400212704991644;0;1;;"test0";10219;13835621
222;1812460649;true;0.00400212704991644;0;1;;"test0";9236;13835621
222;1291021080;true;0.00400334985946821;0;1;;"test0";10670;13835621
222;-1601850544;true;0.00400334985946821;0;1;;"test0";1;13835621
222;-987366669;true;0.00400334985946821;0;1;;"test0";10201;13835621
222;-1239910063;true;0.00400334985946821;0;1;;"test0";9971;13835621
222;1124652253;true;0.00400334985946821;0;1;;"test0";8717;13835621
223;616420665;false;-1;0;1;;"test0";NaN;13913793
223;1411742718;true;0.0034523666030999104;0;1;;"test0";11445;13913793
223;1732346566;true;0.0034523666030999104;0;1;;"test0";9287;13913793
223;-459806673;true;0.0034523666030999104;0;1;;"test0";11274;13913793
223;-2116836070;true;0.00346191575202272;0;1;;"test0";11410;13913793
223;2003005444;true;0.003558115995875789;0;1;;"test0";13987;13913793
223;-1933261662;true;0.003558115995875789;0;1;;"test0";12551;13913793
223;1523049770;true;0.003559096201740408;0;1;;"test0";9920;13913793
223;1367845376;true;0.003575361280314737;0;1;;"test0";11199;13913793
223;1367845376;true;0.003575361280314737;0;1;;"test0";8968;13913793
223;1367845376;true;0.003575361280314737;0;1;;"test0";9956;13913793
223;-1959626678;true;0.0035968267186548704;0;1;;"test0";11093;13913793
223;-1582831692;true;0.0035994427202612617;0;1;;"test0";13846;13913793
223;1516569559;true;0.0035994427202612617;0;1;;"test0";11191;13913793
223;477975154;true;0.0035994427202612617;0;1;;"test0";11571;13913793
223;1679037029;true;0.0035994427202612617;0;1;;"test0";11539;13913793
223;-1833998571;true;0.0035994427202612617;0;1;;"test0";11341;13913793
223;74244738;true;0.0035994427202612617;0;1;;"test0";8654;13913793
223;-2014556095;true;0.003796113882157877;0;1;;"test0";12089;13913793
223;-400337260;true;0.003796113882157877;0;1;;"test0";12810;13913793
223;-197209987;true;0.003800627618322757;0;1;;"test0";9954;13913793
223;256717933;true;0.0038091741485492808;0;1;;"test0";11535;13913793
223;640632038;true;0.0038091741485492808;0;1;;"test0";10374;13913793
223;-1918709409;true;0.0038092274555293227;0;1;;"test0";9538;13913793
223;1296364425;true;0.00382617960482429;0;1;;"test0";8653;13913793
223;1917407062;true;0.00382617960482429;0;1;;"test0";8562;13913793
223;-1776977973;true;0.0038343351046376617;0;1;;"test0";11428;13913793
223;-1776977973;true;0.0038343351046376617;0;1;;"test0";11070;13913793
223;-1776977973;true;0.0038343351046376617;0;1;;"test0";11425;13913793
223;1553945234;true;0.0038344977118217;0;1;;"test0";8621;13913793
223;1553945234;true;0.0038344977118217;0;1;;"test0";7013;13913793
223;79263676;true;0.0038870282335081445;0;1;;"test0";10111;13913793
223;669362473;true;0.0038916454000423113;0;1;;"test0";11296;13913793
223;-1522321754;true;0.0038916454000423113;0;1;;"test0";10619;13913793
223;-862887771;true;0.0038916454000423113;0;1;;"test0";11286;13913793
223;1314997554;true;0.0038916454000423113;0;1;;"test0";10100;13913793
223;359540092;true;0.0039661459447510984;0;1;;"test0";10331;13913793
223;-993271909;true;0.003972379091502891;0;1;;"test0";10121;13913793
223;-1391689921;true;0.004000321967775602;0;1;;"test0";10943;13913793
223;754416149;true;0.004000321967775602;0;1;;"test0";11065;13913793
223;-2124658263;true;0.004000321967775602;0;1;;"test0";12071;13913793
223;-1190303647;true;0.004000321967775602;0;1;;"test0";12533;13913793
223;-1391689921;true;0.004000321967775602;0;1;;"test0";9170;13913793
223;1901844353;true;0.004000321967775602;0;1;;"test0";9143;13913793
223;1838084058;true;0.004000321967775602;0;1;;"test0";10002;13913793
223;-751420422;true;0.00400212704991644;0;1;;"test0";10605;13913793
223;-1336187533;true;0.00400212704991644;0;1;;"test0";10811;13913793
223;1124652253;true;0.00400334985946821;0;1;;"test0";3;13913793
223;-1239910063;true;0.00400334985946821;0;1;;"test0";5;13913793
223;-1770203639;true;0.00400334985946821;0;1;;"test0";11451;13913793
224;359540092;false;-1;0;1;;"test0";NaN;13991882
224;-1778945742;false;-1;0;1;;"test0";NaN;13991882
224;-1418122513;true;0.00286427732079906;0;1;;"test0";12724;13991882
224;-1722240914;true;0.003558115995875789;0;1;;"test0";10785;13991882
224;1523049770;true;0.003559096201740408;0;1;;"test0";9796;13991882
224;-942168014;true;0.003575361280314737;0;1;;"test0";9483;13991882
224;583489110;true;0.003575361280314737;0;1;;"test0";13186;13991882
224;1367845376;true;0.003575361280314737;0;1;;"test0";13224;13991882
224;1266745157;true;0.0035781369744610843;0;1;;"test0";9203;13991882
224;-31789273;true;0.0035968267186548704;0;1;;"test0";9680;13991882
224;-1959626678;true;0.0035968267186548704;0;1;;"test0";8641;13991882
224;415689723;true;0.0035968267186548704;0;1;;"test0";8773;13991882
224;1968688250;true;0.0035968267186548704;0;1;;"test0";11025;13991882
224;224939790;true;0.0035994427202612617;0;1;;"test0";8416;13991882
224;-176809582;true;0.0035994427202612617;0;1;;"test0";9997;13991882
224;-1700066756;true;0.0035994427202612617;0;1;;"test0";9776;13991882
224;1082689208;true;0.0035994427202612617;0;1;;"test0";10246;13991882
224;-1875506930;true;0.0035994427202612617;0;1;;"test0";11691;13991882
224;335111195;true;0.0035994427202612617;0;1;;"test0";7436;13991882
224;2081245439;true;0.003796113882157877;0;1;;"test0";12854;13991882
224;-1514860710;true;0.003796113882157877;0;1;;"test0";11212;13991882
224;-165104674;true;0.003800627618322757;0;1;;"test0";8435;13991882
224;-197209987;true;0.003800627618322757;0;1;;"test0";9762;13991882
224;-197209987;true;0.003800627618322757;0;1;;"test0";7776;13991882
224;1460291719;true;0.003800627618322757;0;1;;"test0";9005;13991882
224;-1918709409;true;0.0038092274555293227;0;1;;"test0";12944;13991882
224;-1918709409;true;0.0038092274555293227;0;1;;"test0";10083;13991882
224;-1918709409;true;0.0038092274555293227;0;1;;"test0";12468;13991882
224;1325787742;true;0.00382617960482429;0;1;;"test0";9506;13991882
224;91971358;true;0.00382617960482429;0;1;;"test0";8795;13991882
224;77211809;true;0.0038343351046376617;0;1;;"test0";12540;13991882
224;-1776977973;true;0.0038343351046376617;0;1;;"test0";10331;13991882
224;-429893088;true;0.0038344977118217;0;1;;"test0";7718;13991882
224;1553945234;true;0.0038344977118217;0;1;;"test0";10388;13991882
224;1451884200;true;0.0038344977118217;0;1;;"test0";10091;13991882
224;1644090762;true;0.0038344977118217;0;1;;"test0";10594;13991882
224;1553945234;true;0.0038344977118217;0;1;;"test0";12608;13991882
224;-560235101;true;0.0038911866789573908;0;1;;"test0";10797;13991882
224;1838084058;true;0.004000321967775602;0;1;;"test0";12837;13991882
224;1644075764;true;0.004000321967775602;0;1;;"test0";9751;13991882
224;-830688242;true;0.004000321967775602;0;1;;"test0";10102;13991882
224;905919503;true;0.004000321967775602;0;1;;"test0";11038;13991882
224;-1250807848;true;0.004000321967775602;0;1;;"test0";10325;13991882
224;-751420422;true;0.00400212704991644;0;1;;"test0";11832;13991882
224;2049758786;true;0.00400334985946821;0;1;;"test0";10451;13991882
224;-1926921284;true;0.00400334985946821;0;1;;"test0";11852;13991882
224;-1239910063;true;0.00400334985946821;0;1;;"test0";1;13991882
224;1163511494;true;0.00400334985946821;0;1;;"test0";10876;13991882
224;-1770203639;true;0.00400334985946821;0;1;;"test0";11714;13991882
225;587752218;false;-1;0;1;;"test0";NaN;14078379
225;468639301;true;0.003003432494279176;0;1;;"test0";11987;14078379
225;-1565897290;true;0.003435748669240933;0;1;;"test0";10547;14078379
225;890040233;true;0.003557586116000347;0;1;;"test0";12228;14078379
225;-1207898986;true;0.003575361280314737;0;1;;"test0";11323;14078379
225;1218576155;true;0.0035755917551991054;0;1;;"test0";12475;14078379
225;-1816185580;true;0.0035756687985765484;0;1;;"test0";9878;14078379
225;-737168394;true;0.0035968165749268245;0;1;;"test0";13151;14078379
225;2066514052;true;0.0035968267186548704;0;1;;"test0";10752;14078379
225;1968688250;true;0.0035968267186548704;0;1;;"test0";8609;14078379
225;424113791;true;0.0035994427202612617;0;1;;"test0";9948;14078379
225;-909584419;true;0.0035994427202612617;0;1;;"test0";11024;14078379
225;-84307966;true;0.0035994427202612617;0;1;;"test0";9690;14078379
225;65136091;true;0.0035994427202612617;0;1;;"test0";10557;14078379
225;-1920174605;true;0.0035994427202612617;0;1;;"test0";10667;14078379
225;-329493259;true;0.0035994427202612617;0;1;;"test0";10625;14078379
225;520828502;true;0.0035994427202612617;0;1;;"test0";11329;14078379
225;-1949531486;true;0.0035994427202612617;0;1;;"test0";12839;14078379
225;-354520504;true;0.0036682391831417247;0;1;;"test0";12718;14078379
225;304654;true;0.0037589824433198003;0;1;;"test0";10880;14078379
225;650684385;true;0.003796113882157877;0;1;;"test0";11948;14078379
225;1827736281;true;0.003796113882157877;0;1;;"test0";12276;14078379
225;375572886;true;0.003796113882157877;0;1;;"test0";10205;14078379
225;-1415848302;true;0.003800627618322757;0;1;;"test0";9357;14078379
225;620230913;true;0.003800627618322757;0;1;;"test0";10629;14078379
225;-165104674;true;0.003800627618322757;0;1;;"test0";8247;14078379
225;-165104674;true;0.003800627618322757;0;1;;"test0";9241;14078379
225;-997540813;true;0.0038091741485492808;0;1;;"test0";10789;14078379
225;-896211178;true;0.0038092274555293227;0;1;;"test0";12205;14078379
225;639853492;true;0.0038092274555293227;0;1;;"test0";10796;14078379
225;-1673903008;true;0.0038092274555293227;0;1;;"test0";12595;14078379
225;-1588577941;true;0.00382617960482429;0;1;;"test0";9576;14078379
225;402092021;true;0.0038344977118217;0;1;;"test0";12836;14078379
225;677926924;true;0.0038344977118217;0;1;;"test0";7867;14078379
225;1644090762;true;0.0038344977118217;0;1;;"test0";12478;14078379
225;-75956692;true;0.0038344977118217;0;1;;"test0";8622;14078379
225;292079409;true;0.0038344977118217;0;1;;"test0";10535;14078379
225;594162981;true;0.003886592346508793;0;1;;"test0";12731;14078379
225;-1287761011;true;0.0038916454000423113;0;1;;"test0";9496;14078379
225;1201249485;true;0.003988394510529679;0;1;;"test0";11598;14078379
225;-329602809;true;0.004000321967775602;0;1;;"test0";12354;14078379
225;-1726264343;true;0.004000321967775602;0;1;;"test0";12052;14078379
225;-703426301;true;0.004001587392349194;0;1;;"test0";12334;14078379
225;-544003707;true;0.00400212704991644;0;1;;"test0";11647;14078379
225;760367245;true;0.00400334985946821;0;1;;"test0";11417;14078379
225;-1239910063;true;0.00400334985946821;0;1;;"test0";10881;14078379
225;-1770203639;true;0.00400334985946821;0;1;;"test0";1;14078379
225;-443705434;true;0.00400334985946821;0;1;;"test0";11626;14078379
225;325534406;true;0.00400334985946821;0;1;;"test0";12631;14078379
225;1163511494;true;0.00400334985946821;0;1;;"test0";4;14078379
226;229923520;true;0.002942137953579601;0;1;;"test0";9762;14156715
226;243667903;true;0.002942137953579601;0;1;;"test0";13378;14156715
226;606911330;true;0.003003432494279176;0;1;;"test0";13259;14156715
226;-1578740647;true;0.003575361280314737;0;1;;"test0";10380;14156715
226;371702373;true;0.003575361280314737;0;1;;"test0";11760;14156715
226;697582888;true;0.0035755917551991054;0;1;;"test0";13635;14156715
226;-1407959034;true;0.003584885267336272;0;1;;"test0";12380;14156715
226;-824421221;true;0.0035994427202612617;0;1;;"test0";11620;14156715
226;-1457480140;true;0.0035994427202612617;0;1;;"test0";12231;14156715
226;2117222776;true;0.0035994427202612617;0;1;;"test0";9875;14156715
226;1153142115;true;0.0035994427202612617;0;1;;"test0";11146;14156715
226;-646894734;true;0.0035994427202612617;0;1;;"test0";12139;14156715
226;424113791;true;0.0035994427202612617;0;1;;"test0";11880;14156715
226;-504954572;true;0.0035994427202612617;0;1;;"test0";10337;14156715
226;520828502;true;0.0035994427202612617;0;1;;"test0";11462;14156715
226;-303819394;true;0.0036682391831417247;0;1;;"test0";12626;14156715
226;231966795;true;0.0036682391831417247;0;1;;"test0";11487;14156715
226;-1149128533;true;0.003755980471470938;0;1;;"test0";12194;14156715
226;1857310347;true;0.0037589824433198003;0;1;;"test0";8302;14156715
226;304654;true;0.0037589824433198003;0;1;;"test0";9607;14156715
226;650684385;true;0.003796113882157877;0;1;;"test0";12206;14156715
226;1290118363;true;0.003796113882157877;0;1;;"test0";10758;14156715
226;847487505;true;0.003796113882157877;0;1;;"test0";12032;14156715
226;2123929805;true;0.003796113882157877;0;1;;"test0";12362;14156715
226;-2116999845;true;0.003796113882157877;0;1;;"test0";10702;14156715
226;-997540813;true;0.0038091741485492808;0;1;;"test0";11212;14156715
226;-997540813;true;0.0038091741485492808;0;1;;"test0";11550;14156715
226;-432361501;true;0.00382617960482429;0;1;;"test0";11836;14156715
226;1108410802;true;0.003886592346508793;0;1;;"test0";10331;14156715
226;594162981;true;0.003886592346508793;0;1;;"test0";11909;14156715
226;121155233;true;0.0038911866789573908;0;1;;"test0";12174;14156715
226;-545471116;true;0.0038916454000423113;0;1;;"test0";12637;14156715
226;1201249485;true;0.003988394510529679;0;1;;"test0";11894;14156715
226;1201249485;true;0.003988394510529679;0;1;;"test0";11575;14156715
226;-1190340239;true;0.003988394510529679;0;1;;"test0";13201;14156715
226;-1895220264;true;0.003988394510529679;0;1;;"test0";12390;14156715
226;-1394908222;true;0.0039896231714483;0;1;;"test0";11751;14156715
226;955583470;true;0.004000321967775602;0;1;;"test0";9654;14156715
226;-1726264343;true;0.004000321967775602;0;1;;"test0";13516;14156715
226;-1726264343;true;0.004000321967775602;0;1;;"test0";12359;14156715
226;-544003707;true;0.00400212704991644;0;1;;"test0";13306;14156715
226;-1292951394;true;0.00400212704991644;0;1;;"test0";11073;14156715
226;1098404559;true;0.00400212704991644;0;1;;"test0";11026;14156715
226;575123000;true;0.00400212704991644;0;1;;"test0";11915;14156715
226;-1770203639;true;0.00400334985946821;0;1;;"test0";12977;14156715
226;1564711119;true;0.00400334985946821;0;1;;"test0";12904;14156715
226;1163511494;true;0.00400334985946821;0;1;;"test0";3;14156715
226;325534406;true;0.00400334985946821;0;1;;"test0";2;14156715
226;865218688;true;0.00400334985946821;0;1;;"test0";12204;14156715
226;888779164;true;0.00400334985946821;0;1;;"test0";8663;14156715
227;62177423;false;-1;0;1;;"test0";NaN;14234634
227;261974143;true;0.002574370709382151;0;1;;"test0";8681;14234634
227;-2047227039;true;0.0035300295379615274;0;1;;"test0";11257;14234634
227;183613106;true;0.003559096201740408;0;1;;"test0";12052;14234634
227;1394427174;true;0.0035753575997087184;0;1;;"test0";10095;14234634
227;-1236162580;true;0.003575361280314737;0;1;;"test0";12071;14234634
227;-103954698;true;0.0035755917551991054;0;1;;"test0";11913;14234634
227;697582888;true;0.0035755917551991054;0;1;;"test0";10692;14234634
227;-6084551;true;0.0035755917551991054;0;1;;"test0";10945;14234634
227;-1644685785;true;0.0035994427202612617;0;1;;"test0";9969;14234634
227;620247932;true;0.0035994427202612617;0;1;;"test0";11964;14234634
227;424113791;true;0.0035994427202612617;0;1;;"test0";11003;14234634
227;-2127371958;true;0.0035994427202612617;0;1;;"test0";12015;14234634
227;1408300932;true;0.0036682391831417247;0;1;;"test0";11193;14234634
227;-303819394;true;0.0036682391831417247;0;1;;"test0";10503;14234634
227;-303819394;true;0.0036682391831417247;0;1;;"test0";11151;14234634
227;2127552001;true;0.003755980471470938;0;1;;"test0";8625;14234634
227;355747476;true;0.003755980471470938;0;1;;"test0";9628;14234634
227;-1149128533;true;0.003755980471470938;0;1;;"test0";11570;14234634
227;304654;true;0.0037589824433198003;0;1;;"test0";10894;14234634
227;335146105;true;0.0037589824433198003;0;1;;"test0";11343;14234634
227;232751598;true;0.003796113882157877;0;1;;"test0";11765;14234634
227;582828649;true;0.003796113882157877;0;1;;"test0";10757;14234634
227;-1133217272;true;0.0038091741485492808;0;1;;"test0";10007;14234634
227;-2090245037;true;0.0038091741485492808;0;1;;"test0";11179;14234634
227;-1108694901;true;0.0038091741485492808;0;1;;"test0";11295;14234634
227;-997540813;true;0.0038091741485492808;0;1;;"test0";10494;14234634
227;1297516205;true;0.003886592346508793;0;1;;"test0";11642;14234634
227;640584573;true;0.003886592346508793;0;1;;"test0";12049;14234634
227;-1178145316;true;0.0038911866789573908;0;1;;"test0";10600;14234634
227;1192904794;true;0.0038911866789573908;0;1;;"test0";10286;14234634
227;219637719;true;0.0038911866789573908;0;1;;"test0";11387;14234634
227;121155233;true;0.0038911866789573908;0;1;;"test0";12474;14234634
227;-522428391;true;0.0038911866789573908;0;1;;"test0";11417;14234634
227;891550068;true;0.0038916454000423113;0;1;;"test0";10191;14234634
227;-312589862;true;0.0038916454000423113;0;1;;"test0";9621;14234634
227;-84135580;true;0.003897693950663802;0;1;;"test0";11227;14234634
227;-222157958;true;0.003985735888220684;0;1;;"test0";13446;14234634
227;707935679;true;0.003988394510529679;0;1;;"test0";11826;14234634
227;1201249485;true;0.003988394510529679;0;1;;"test0";10138;14234634
227;480398581;true;0.0039896231714483;0;1;;"test0";11027;14234634
227;215274571;true;0.0039896231714483;0;1;;"test0";7710;14234634
227;1114270959;true;0.0039896231714483;0;1;;"test0";11777;14234634
227;1098404559;true;0.00400212704991644;0;1;;"test0";10828;14234634
227;440578232;true;0.00400212704991644;0;1;;"test0";11991;14234634
227;-1292951394;true;0.00400212704991644;0;1;;"test0";9405;14234634
227;888779164;true;0.00400334985946821;0;1;;"test0";2;14234634
227;-1770203639;true;0.00400334985946821;0;1;;"test0";12329;14234634
227;865218688;true;0.00400334985946821;0;1;;"test0";2;14234634
227;1546375426;true;0.00400334985946821;0;1;;"test0";10750;14234634
228;1114270959;false;-1;0;0;;;240134;14495089
228;1162152604;false;-1;0;1;;"test0";NaN;14495089
228;646732378;true;0.002002288329519451;0;1;;"test0";10214;14495089
228;-72375777;true;0.003003432494279176;0;1;;"test0";11854;14495089
228;-757544659;true;0.003446730426075875;0;1;;"test0";10110;14495089
228;-238731706;true;0.0034567820651688276;0;1;;"test0";9324;14495089
228;1782232729;true;0.0035300295379615274;0;1;;"test0";13525;14495089
228;254312196;true;0.0035300295379615274;0;1;;"test0";13638;14495089
228;-1917522134;true;0.003574561593023221;0;1;;"test0";10959;14495089
228;1394427174;true;0.0035753575997087184;0;1;;"test0";11746;14495089
228;697582888;true;0.0035755917551991054;0;1;;"test0";12972;14495089
228;-41984750;true;0.0035968267186548704;0;1;;"test0";10911;14495089
228;1039583581;true;0.0035994427202612617;0;1;;"test0";10100;14495089
228;-1644685785;true;0.0035994427202612617;0;1;;"test0";10418;14495089
228;934884136;true;0.0035994427202612617;0;1;;"test0";12370;14495089
228;-1196845063;true;0.0035994427202612617;0;1;;"test0";10887;14495089
228;-1354195511;true;0.0035994427202612617;0;1;;"test0";10399;14495089
228;-1723179436;true;0.00361317057090551;0;1;;"test0";12331;14495089
228;1408300932;true;0.0036682391831417247;0;1;;"test0";12093;14495089
228;2146632667;true;0.0038911866789573908;0;1;;"test0";9882;14495089
228;1192904794;true;0.0038911866789573908;0;1;;"test0";9182;14495089
228;1964020833;true;0.0038911866789573908;0;1;;"test0";9906;14495089
228;-2098136768;true;0.0038911866789573908;0;1;;"test0";8775;14495089
228;1931119754;true;0.003897693950663802;0;1;;"test0";10573;14495089
228;83445490;true;0.003897693950663802;0;1;;"test0";10535;14495089
228;2077061382;true;0.003897693950663802;0;1;;"test0";8511;14495089
228;-84135580;true;0.003897693950663802;0;1;;"test0";10521;14495089
228;-577221619;true;0.003985735888220684;0;1;;"test0";12900;14495089
228;-222157958;true;0.003985735888220684;0;1;;"test0";12787;14495089
228;-285108456;true;0.003985735888220684;0;1;;"test0";10182;14495089
228;1867838612;true;0.003985735888220684;0;1;;"test0";11721;14495089
228;707935679;true;0.003988394510529679;0;1;;"test0";9734;14495089
228;-1470277411;true;0.0039896231714483;0;1;;"test0";10086;14495089
228;-1482552634;true;0.0039896231714483;0;1;;"test0";11399;14495089
228;1114270959;true;0.0039896231714483;0;1;;"test0";11068;14495089
228;-952177880;true;0.00400212704991644;0;1;;"test0";11174;14495089
228;440578232;true;0.00400212704991644;0;1;;"test0";9267;14495089
228;440578232;true;0.00400212704991644;0;1;;"test0";12658;14495089
228;1098404559;true;0.00400212704991644;0;1;;"test0";9335;14495089
228;450732062;true;0.00400212704991644;0;1;;"test0";11701;14495089
228;-478920439;true;0.00400212704991644;0;1;;"test0";10674;14495089
228;1546375426;true;0.00400334985946821;0;1;;"test0";9004;14495089
228;1546375426;true;0.00400334985946821;0;1;;"test0";12515;14495089
228;1546375426;true;0.00400334985946821;0;1;;"test0";10279;14495089
228;221825376;true;0.00400334985946821;0;1;;"test0";5694;14495089
228;-811350397;true;0.00400334985946821;0;1;;"test0";10034;14495089
228;1779097666;true;0.00400334985946821;0;1;;"test0";10940;14495089
228;865218688;true;0.00400334985946821;0;1;;"test0";1;14495089
228;1546375426;true;0.00400334985946821;0;1;;"test0";10589;14495089
229;1775807795;false;-1;0;1;;"test0";NaN;14589713
229;-558848819;false;-1;0;1;;"test0";NaN;14589713
229;-1562443164;false;-1;0;1;;"test0";NaN;14589713
229;1335400804;true;0.002002288329519451;0;1;;"test0";12056;14589713
229;1330926517;true;0.002002288329519451;0;1;;"test0";10566;14589713
229;-368571469;true;0.00286427732079906;0;1;;"test0";11197;14589713
229;1232033714;true;0.003003432494279176;0;1;;"test0";11762;14589713
229;690337363;true;0.003003432494279176;0;1;;"test0";11962;14589713
229;-900062448;true;0.0034425421559964695;0;1;;"test0";6357;14589713
229;628320639;true;0.0034523666030999104;0;1;;"test0";8265;14589713
229;-775350564;true;0.0035300295379615274;0;1;;"test0";8212;14589713
229;848783125;true;0.0035753575997087184;0;1;;"test0";8847;14589713
229;218860467;true;0.0035753575997087184;0;1;;"test0";10479;14589713
229;-1582716758;true;0.003582022562375223;0;1;;"test0";11743;14589713
229;386790132;true;0.0035968267186548704;0;1;;"test0";9481;14589713
229;1220383596;true;0.0035994427202612617;0;1;;"test0";11435;14589713
229;-1829780817;true;0.0035994427202612617;0;1;;"test0";6445;14589713
229;-1485585473;true;0.0035994427202612617;0;1;;"test0";12334;14589713
229;123317284;true;0.0035994427202612617;0;1;;"test0";11387;14589713
229;-1931653003;true;0.0035994427202612617;0;1;;"test0";13280;14589713
229;171943144;true;0.0035994427202612617;0;1;;"test0";12266;14589713
229;-592710821;true;0.0035994427202612617;0;1;;"test0";9273;14589713
229;-1582028854;true;0.0035994427202612617;0;1;;"test0";12929;14589713
229;-1241608830;true;0.00361317057090551;0;1;;"test0";12128;14589713
229;-1723179436;true;0.00361317057090551;0;1;;"test0";11413;14589713
229;-1723179436;true;0.00361317057090551;0;1;;"test0";10896;14589713
229;-483810565;true;0.003623753003271583;0;1;;"test0";11570;14589713
229;-838233243;true;0.0036682391831417247;0;1;;"test0";12371;14589713
229;1129292151;true;0.003796113882157877;0;1;;"test0";13411;14589713
229;-409296108;true;0.003886592346508793;0;1;;"test0";8820;14589713
229;1964020833;true;0.0038911866789573908;0;1;;"test0";10892;14589713
229;2002222203;true;0.0038916454000423113;0;1;;"test0";10875;14589713
229;83445490;true;0.003897693950663802;0;1;;"test0";13366;14589713
229;83445490;true;0.003897693950663802;0;1;;"test0";13485;14589713
229;1204795282;true;0.003913303964229272;0;1;;"test0";10580;14589713
229;624670463;true;0.003985735888220684;0;1;;"test0";13157;14589713
229;-759458947;true;0.003988394510529679;0;1;;"test0";10189;14589713
229;1114270959;true;0.0039896231714483;0;1;;"test0";9235;14589713
229;-1049272892;true;0.0039896231714483;0;1;;"test0";11252;14589713
229;450732062;true;0.00400212704991644;0;1;;"test0";11441;14589713
229;-1819273890;true;0.00400212704991644;0;1;;"test0";8976;14589713
229;-186756523;true;0.00400212704991644;0;1;;"test0";10049;14589713
229;-478920439;true;0.00400212704991644;0;1;;"test0";11643;14589713
229;-2050887917;true;0.00400334985946821;0;1;;"test0";10817;14589713
229;865218688;true;0.00400334985946821;0;1;;"test0";1;14589713
229;134946829;true;0.00400334985946821;0;1;;"test0";9420;14589713
229;1546375426;true;0.00400334985946821;0;1;;"test0";9307;14589713
229;-1751971998;true;0.00400334985946821;0;1;;"test0";11252;14589713
229;648112223;true;0.00400334985946821;0;1;;"test0";10904;14589713
230;-34654769;true;0.002002288329519451;0;1;;"test0";7326;14656175
230;1112272812;true;0.003003432494279176;0;1;;"test0";11656;14656175
230;391583830;true;0.003003432494279176;0;1;;"test0";10036;14656175
230;-773417255;true;0.00345049114166193;0;1;;"test0";8434;14656175
230;-775350564;true;0.0035300295379615274;0;1;;"test0";9428;14656175
230;1986226339;true;0.0035300295379615274;0;1;;"test0";10409;14656175
230;-462115767;true;0.0035744815684907367;0;1;;"test0";6453;14656175
230;1557706614;true;0.0035755917551991054;0;1;;"test0";10988;14656175
230;265271849;true;0.003575966560224322;0;1;;"test0";10140;14656175
230;-1768585325;true;0.0035767429798491176;0;1;;"test0";8282;14656175
230;-1582716758;true;0.003582022562375223;0;1;;"test0";8418;14656175
230;-15855787;true;0.0035842304732576803;0;1;;"test0";10888;14656175
230;-475662594;true;0.003584935865441528;0;1;;"test0";10920;14656175
230;-2000152338;true;0.003586447812172384;0;1;;"test0";11448;14656175
230;339327335;true;0.0035994427202612617;0;1;;"test0";11347;14656175
230;-937643260;true;0.0035994427202612617;0;1;;"test0";10776;14656175
230;182521318;true;0.0035994427202612617;0;1;;"test0";7930;14656175
230;1372515045;true;0.0035994427202612617;0;1;;"test0";10749;14656175
230;1479256595;true;0.00361317057090551;0;1;;"test0";9889;14656175
230;818793266;true;0.00361317057090551;0;1;;"test0";10032;14656175
230;694084821;true;0.003623753003271583;0;1;;"test0";9906;14656175
230;-2027102760;true;0.003623753003271583;0;1;;"test0";10157;14656175
230;-324563113;true;0.0036682391831417247;0;1;;"test0";10445;14656175
230;458878420;true;0.0036682391831417247;0;1;;"test0";10799;14656175
230;1129292151;true;0.003796113882157877;0;1;;"test0";10437;14656175
230;1129292151;true;0.003796113882157877;0;1;;"test0";10147;14656175
230;-409296108;true;0.003886592346508793;0;1;;"test0";10743;14656175
230;1767147172;true;0.0038911866789573908;0;1;;"test0";8709;14656175
230;-985331557;true;0.0038916454000423113;0;1;;"test0";8433;14656175
230;1486414852;true;0.0038916454000423113;0;1;;"test0";10437;14656175
230;83445490;true;0.003897693950663802;0;1;;"test0";10429;14656175
230;1204795282;true;0.003913303964229272;0;1;;"test0";8969;14656175
230;290695068;true;0.003919752001671118;0;1;;"test0";6477;14656175
230;846337294;true;0.003972379091502891;0;1;;"test0";8147;14656175
230;624670463;true;0.003985735888220684;0;1;;"test0";11803;14656175
230;-1664781634;true;0.003985735888220684;0;1;;"test0";11760;14656175
230;372875850;true;0.003985735888220684;0;1;;"test0";11540;14656175
230;1560064947;true;0.003985735888220684;0;1;;"test0";9606;14656175
230;624670463;true;0.003985735888220684;0;1;;"test0";10742;14656175
230;-513342948;true;0.003988394510529679;0;1;;"test0";9820;14656175
230;1350075856;true;0.003988394510529679;0;1;;"test0";10372;14656175
230;1414440368;true;0.0039896231714483;0;1;;"test0";9202;14656175
230;-2050887917;true;0.00400334985946821;0;1;;"test0";11551;14656175
230;-2050887917;true;0.00400334985946821;0;1;;"test0";9353;14656175
230;648112223;true;0.00400334985946821;0;1;;"test0";10297;14656175
230;134946829;true;0.00400334985946821;0;1;;"test0";8493;14656175
230;1474490945;true;0.00400334985946821;0;1;;"test0";11727;14656175
230;-1751971998;true;0.00400334985946821;0;1;;"test0";1;14656175
230;726523291;true;0.00400334985946821;0;1;;"test0";11186;14656175
231;-1552245433;false;-1;0;1;;"test0";NaN;14731309
231;182521318;false;-1;0;1;;"test0";NaN;14731309
231;230740753;false;-1;0;1;;"test0";NaN;14731309
231;-291631197;true;0.003003432494279176;0;1;;"test0";6040;14731309
231;-1676511674;true;0.003567391505359145;0;1;;"test0";10108;14731309
231;532609031;true;0.0035744815684907367;0;1;;"test0";6392;14731309
231;-960844579;true;0.003574561593023221;0;1;;"test0";10067;14731309
231;-1656329086;true;0.003575966560224322;0;1;;"test0";11595;14731309
231;1333634219;true;0.0035767429798491176;0;1;;"test0";9942;14731309
231;-1768585325;true;0.0035767429798491176;0;1;;"test0";9711;14731309
231;-288248609;true;0.0035812372958165693;0;1;;"test0";8226;14731309
231;1491423360;true;0.0035854007793519123;0;1;;"test0";11911;14731309
231;1187167128;true;0.003586447812172384;0;1;;"test0";9856;14731309
231;-2000152338;true;0.003586447812172384;0;1;;"test0";10585;14731309
231;1299663801;true;0.003592593495650187;0;1;;"test0";9370;14731309
231;-1287695310;true;0.0035968267186548704;0;1;;"test0";9379;14731309
231;-1648936700;true;0.0035994427202612617;0;1;;"test0";9039;14731309
231;-348529878;true;0.0035994427202612617;0;1;;"test0";8377;14731309
231;1372515045;true;0.0035994427202612617;0;1;;"test0";9463;14731309
231;315349717;true;0.0035994427202612617;0;1;;"test0";8017;14731309
231;-153477666;true;0.0035994427202612617;0;1;;"test0";8442;14731309
231;-1042359586;true;0.0035994427202612617;0;1;;"test0";9516;14731309
231;117061849;true;0.00361317057090551;0;1;;"test0";8296;14731309
231;1319049649;true;0.00361317057090551;0;1;;"test0";9479;14731309
231;-598382095;true;0.00361317057090551;0;1;;"test0";9202;14731309
231;1660838297;true;0.0036682391831417247;0;1;;"test0";8795;14731309
231;-1551595039;true;0.003796113882157877;0;1;;"test0";10549;14731309
231;-527064641;true;0.003796113882157877;0;1;;"test0";8205;14731309
231;-1262253332;true;0.003796113882157877;0;1;;"test0";10106;14731309
231;1767147172;true;0.0038911866789573908;0;1;;"test0";10594;14731309
231;-1072043561;true;0.0038911866789573908;0;1;;"test0";11587;14731309
231;1767147172;true;0.0038911866789573908;0;1;;"test0";9325;14731309
231;1767147172;true;0.0038911866789573908;0;1;;"test0";10248;14731309
231;1416313096;true;0.003897693950663802;0;1;;"test0";6115;14731309
231;2084944416;true;0.003897693950663802;0;1;;"test0";12024;14731309
231;83445490;true;0.003897693950663802;0;1;;"test0";11049;14731309
231;290695068;true;0.003919752001671118;0;1;;"test0";9522;14731309
231;290695068;true;0.003919752001671118;0;1;;"test0";9936;14731309
231;1969884145;true;0.003919752001671118;0;1;;"test0";9502;14731309
231;846337294;true;0.003972379091502891;0;1;;"test0";9284;14731309
231;-1778663071;true;0.003972379091502891;0;1;;"test0";9685;14731309
231;-287088289;true;0.003972379091502891;0;1;;"test0";7822;14731309
231;846337294;true;0.003972379091502891;0;1;;"test0";9667;14731309
231;-1366780195;true;0.003985735888220684;0;1;;"test0";10774;14731309
231;-9486648;true;0.003985735888220684;0;1;;"test0";11364;14731309
231;1922602641;true;0.0039896231714483;0;1;;"test0";11161;14731309
231;-1751971998;true;0.00400334985946821;0;1;;"test0";8843;14731309
231;1525137762;true;0.00400334985946821;0;1;;"test0";8812;14731309
231;726523291;true;0.00400334985946821;0;1;;"test0";1;14731309
232;-606165023;false;-1;0;1;;"test0";NaN;14820831
232;1806391545;false;-1;0;1;;"test0";NaN;14820831
232;-1844363966;true;0.003003432494279176;0;1;;"test0";8900;14820831
232;390223876;true;0.003460527438345969;0;1;;"test0";12949;14820831
232;18158260;true;0.003519525520957603;0;1;;"test0";10548;14820831
232;532609031;true;0.0035744815684907367;0;1;;"test0";14019;14820831
232;532609031;true;0.0035744815684907367;0;1;;"test0";14020;14820831
232;-1558438844;true;0.0035768168774726826;0;1;;"test0";8394;14820831
232;-118776189;true;0.003582022562375223;0;1;;"test0";9059;14820831
232;473845229;true;0.0035842304732576803;0;1;;"test0";10927;14820831
232;-1695249358;true;0.0035854007793519123;0;1;;"test0";13017;14820831
232;1299663801;true;0.003592593495650187;0;1;;"test0";12045;14820831
232;-704129702;true;0.0035968267186548704;0;1;;"test0";10048;14820831
232;1554904498;true;0.0035968267186548704;0;1;;"test0";14014;14820831
232;-704538354;true;0.0035994427202612617;0;1;;"test0";12933;14820831
232;-1434157629;true;0.0035994427202612617;0;1;;"test0";10215;14820831
232;-479960638;true;0.0035994427202612617;0;1;;"test0";9522;14820831
232;-502923421;true;0.00361317057090551;0;1;;"test0";10286;14820831
232;1660838297;true;0.0036682391831417247;0;1;;"test0";12553;14820831
232;2056284646;true;0.0036682391831417247;0;1;;"test0";12778;14820831
232;-584952388;true;0.003796113882157877;0;1;;"test0";14070;14820831
232;-420581933;true;0.003800627618322757;0;1;;"test0";9474;14820831
232;-327493595;true;0.0038092274555293227;0;1;;"test0";12440;14820831
232;-1613765458;true;0.0038911866789573908;0;1;;"test0";11899;14820831
232;-1944262364;true;0.0038911866789573908;0;1;;"test0";12964;14820831
232;525754673;true;0.0038916454000423113;0;1;;"test0";10326;14820831
232;333144182;true;0.003897693950663802;0;1;;"test0";10469;14820831
232;2084944416;true;0.003897693950663802;0;1;;"test0";12738;14820831
232;1416313096;true;0.003897693950663802;0;1;;"test0";10101;14820831
232;1416313096;true;0.003897693950663802;0;1;;"test0";10381;14820831
232;-71728263;true;0.0038981954927651834;0;1;;"test0";12760;14820831
232;1525533938;true;0.003919752001671118;0;1;;"test0";10379;14820831
232;290695068;true;0.003919752001671118;0;1;;"test0";9886;14820831
232;1808670240;true;0.003984651557255167;0;1;;"test0";11306;14820831
232;-1366780195;true;0.003985735888220684;0;1;;"test0";10180;14820831
232;-9486648;true;0.003985735888220684;0;1;;"test0";13867;14820831
232;1492850147;true;0.0039896231714483;0;1;;"test0";10013;14820831
232;1922602641;true;0.0039896231714483;0;1;;"test0";10710;14820831
232;1922602641;true;0.0039896231714483;0;1;;"test0";12667;14820831
232;-2038727320;true;0.0039896231714483;0;1;;"test0";12455;14820831
232;1922602641;true;0.0039896231714483;0;1;;"test0";11049;14820831
232;664695781;true;0.003993948371944293;0;1;;"test0";10580;14820831
232;-145502049;true;0.00400334985946821;0;1;;"test0";11884;14820831
232;1525137762;true;0.00400334985946821;0;1;;"test0";1;14820831
232;726523291;true;0.00400334985946821;0;1;;"test0";11917;14820831
232;721789927;true;0.00400334985946821;0;1;;"test0";10563;14820831
232;-1368704560;true;0.00400334985946821;0;1;;"test0";9625;14820831
232;1037949422;true;0.00400334985946821;0;1;;"test0";12988;14820831
232;-1751971998;true;0.00400334985946821;0;1;;"test0";12953;14820831
233;1495187396;true;0.0028642005243457043;0;1;;"test0";11241;14898298
233;1113249972;true;0.003003432494279176;0;1;;"test0";9074;14898298
233;-100314557;true;0.0035767429798491176;0;1;;"test0";10529;14898298
233;575524004;true;0.0035985044919713376;0;1;;"test0";10541;14898298
233;-1434157629;true;0.0035994427202612617;0;1;;"test0";11906;14898298
233;511744574;true;0.0035994427202612617;0;1;;"test0";10814;14898298
233;-2073268899;true;0.0035994427202612617;0;1;;"test0";13983;14898298
233;-1423140397;true;0.0035994427202612617;0;1;;"test0";11163;14898298
233;-399799848;true;0.0035994427202612617;0;1;;"test0";11863;14898298
233;815349918;true;0.0035994427202612617;0;1;;"test0";10544;14898298
233;1592484874;true;0.0036090857609510233;0;1;;"test0";11338;14898298
233;-502923421;true;0.00361317057090551;0;1;;"test0";11772;14898298
233;1660838297;true;0.0036682391831417247;0;1;;"test0";10844;14898298
233;665611904;true;0.0036682391831417247;0;1;;"test0";11043;14898298
233;2056284646;true;0.0036682391831417247;0;1;;"test0";10604;14898298
233;94993642;true;0.003796113882157877;0;1;;"test0";10287;14898298
233;1694931339;true;0.003796113882157877;0;1;;"test0";9445;14898298
233;174795665;true;0.003800627618322757;0;1;;"test0";10526;14898298
233;-420581933;true;0.003800627618322757;0;1;;"test0";10486;14898298
233;1678805414;true;0.003800627618322757;0;1;;"test0";10832;14898298
233;-1236580986;true;0.0038091741485492808;0;1;;"test0";10555;14898298
233;223659626;true;0.0038911866789573908;0;1;;"test0";12598;14898298
233;-1736685843;true;0.0038911866789573908;0;1;;"test0";10633;14898298
233;-1613765458;true;0.0038911866789573908;0;1;;"test0";10330;14898298
233;710016443;true;0.0038916454000423113;0;1;;"test0";11739;14898298
233;362347868;true;0.003897693950663802;0;1;;"test0";11556;14898298
233;1922414436;true;0.003897693950663802;0;1;;"test0";9494;14898298
233;1187224077;true;0.003897693950663802;0;1;;"test0";9008;14898298
233;-1064798851;true;0.003897693950663802;0;1;;"test0";9835;14898298
233;1326064291;true;0.003897693950663802;0;1;;"test0";9887;14898298
233;1800024265;true;0.0038981954927651834;0;1;;"test0";13878;14898298
233;-439218136;true;0.003919752001671118;0;1;;"test0";14149;14898298
233;226988339;true;0.003919752001671118;0;1;;"test0";11812;14898298
233;1579854782;true;0.003919752001671118;0;1;;"test0";12705;14898298
233;1554070125;true;0.003919752001671118;0;1;;"test0";14016;14898298
233;1808670240;true;0.003984651557255167;0;1;;"test0";11157;14898298
233;-295766094;true;0.003984651557255167;0;1;;"test0";10623;14898298
233;-9486648;true;0.003985735888220684;0;1;;"test0";10540;14898298
233;465752657;true;0.003988394510529679;0;1;;"test0";12108;14898298
233;1738441898;true;0.0039896231714483;0;1;;"test0";12743;14898298
233;-2119099596;true;0.0039896231714483;0;1;;"test0";10989;14898298
233;1629668646;true;0.0039896231714483;0;1;;"test0";12595;14898298
233;1205022731;true;0.003993948371944293;0;1;;"test0";10512;14898298
233;1560845271;true;0.00400334985946821;0;1;;"test0";13235;14898298
233;94527751;true;0.00400334985946821;0;1;;"test0";12963;14898298
233;2090161608;true;0.00400334985946821;0;1;;"test0";9778;14898298
233;-1751971998;true;0.00400334985946821;0;1;;"test0";10004;14898298
233;1037949422;true;0.00400334985946821;0;1;;"test0";10347;14898298
234;-1837028628;true;0.002917620137299771;0;1;;"test0";9794;14978907
234;-2059446901;true;0.003003432494279176;0;1;;"test0";11389;14978907
234;-2001048351;true;0.0035755917551991054;0;1;;"test0";13888;14978907
234;1699784191;true;0.0035994427202612617;0;1;;"test0";13303;14978907
234;-1424374758;true;0.0035994427202612617;0;1;;"test0";12142;14978907
234;-1612818782;true;0.0035994427202612617;0;1;;"test0";12272;14978907
234;1742648100;true;0.0035994427202612617;0;1;;"test0";11539;14978907
234;1723621886;true;0.0036682391831417247;0;1;;"test0";12186;14978907
234;-1348954321;true;0.0036682391831417247;0;1;;"test0";12472;14978907
234;2071941452;true;0.0036682391831417247;0;1;;"test0";11326;14978907
234;1694931339;true;0.003796113882157877;0;1;;"test0";10143;14978907
234;-1310161527;true;0.003796113882157877;0;1;;"test0";11543;14978907
234;1517776001;true;0.003796113882157877;0;1;;"test0";11247;14978907
234;1642343640;true;0.003796113882157877;0;1;;"test0";15669;14978907
234;1694931339;true;0.003796113882157877;0;1;;"test0";14455;14978907
234;-576499814;true;0.003819538785044034;0;1;;"test0";13751;14978907
234;-871404493;true;0.0038870282335081445;0;1;;"test0";12605;14978907
234;710016443;true;0.0038916454000423113;0;1;;"test0";11986;14978907
234;1326064291;true;0.003897693950663802;0;1;;"test0";12552;14978907
234;-42873077;true;0.003897693950663802;0;1;;"test0";12880;14978907
234;-1064798851;true;0.003897693950663802;0;1;;"test0";12186;14978907
234;2133116887;true;0.003897693950663802;0;1;;"test0";10214;14978907
234;1922414436;true;0.003897693950663802;0;1;;"test0";10515;14978907
234;-2009714138;true;0.0038981954927651834;0;1;;"test0";13296;14978907
234;829828244;true;0.0038981954927651834;0;1;;"test0";13924;14978907
234;1554070125;true;0.003919752001671118;0;1;;"test0";12614;14978907
234;1008166631;true;0.003919752001671118;0;1;;"test0";12277;14978907
234;-384102934;true;0.003919752001671118;0;1;;"test0";13454;14978907
234;-726208410;true;0.003984651557255167;0;1;;"test0";11567;14978907
234;584375209;true;0.003984651557255167;0;1;;"test0";11967;14978907
234;423972768;true;0.003985735888220684;0;1;;"test0";10383;14978907
234;-9486648;true;0.003985735888220684;0;1;;"test0";12716;14978907
234;-1340299746;true;0.003985735888220684;0;1;;"test0";15800;14978907
234;-9486648;true;0.003985735888220684;0;1;;"test0";8650;14978907
234;913719885;true;0.003985735888220684;0;1;;"test0";12112;14978907
234;1250588918;true;0.003985735888220684;0;1;;"test0";14000;14978907
234;635655859;true;0.003988394510529679;0;1;;"test0";10377;14978907
234;19756776;true;0.003988394510529679;0;1;;"test0";14176;14978907
234;465752657;true;0.003988394510529679;0;1;;"test0";12349;14978907
234;294123233;true;0.003988394510529679;0;1;;"test0";12289;14978907
234;-880739295;true;0.003988394510529679;0;1;;"test0";12805;14978907
234;-683951557;true;0.003988394510529679;0;1;;"test0";11074;14978907
234;-778682032;true;0.003988394510529679;0;1;;"test0";10423;14978907
234;-2118218758;true;0.0039896231714483;0;1;;"test0";10279;14978907
234;1617942484;true;0.0039896231714483;0;1;;"test0";10491;14978907
234;17376565;true;0.003993948371944293;0;1;;"test0";13303;14978907
234;1919653286;true;0.00400334985946821;0;1;;"test0";11681;14978907
234;94527751;true;0.00400334985946821;0;1;;"test0";11540;14978907
234;1037949422;true;0.00400334985946821;0;1;;"test0";2;14978907
234;-1751971998;true;0.00400334985946821;0;1;;"test0";2;14978907
235;-615354258;false;-1;0;0;;;240148;15239724
235;1684212801;false;-1;0;1;;"test0";NaN;15239724
235;-772143824;true;0.002002288329519451;0;1;;"test0";11197;15239724
235;-948360484;true;0.003003432494279176;0;1;;"test0";7283;15239724
235;-1889495620;true;0.003557586116000347;0;1;;"test0";9535;15239724
235;518515021;true;0.0035755917551991054;0;1;;"test0";9541;15239724
235;-561047992;true;0.0035768168774726826;0;1;;"test0";9864;15239724
235;886096735;true;0.003582022562375223;0;1;;"test0";6872;15239724
235;1452380951;true;0.0035994427202612617;0;1;;"test0";12078;15239724
235;329179126;true;0.0035994427202612617;0;1;;"test0";11190;15239724
235;-552704489;true;0.0035994427202612617;0;1;;"test0";9708;15239724
235;1780756898;true;0.0036411778384075133;0;1;;"test0";10006;15239724
235;474900004;true;0.0036682391831417247;0;1;;"test0";10329;15239724
235;-2134713034;true;0.0038194424387497593;0;1;;"test0";9165;15239724
235;1286856811;true;0.003819538785044034;0;1;;"test0";10918;15239724
235;1041792717;true;0.0038621825317139416;0;1;;"test0";10577;15239724
235;-42873077;true;0.003897693950663802;0;1;;"test0";10220;15239724
235;-1953573422;true;0.0038981954927651834;0;1;;"test0";13433;15239724
235;-580528402;true;0.0038981954927651834;0;1;;"test0";9984;15239724
235;1183094355;true;0.0038981954927651834;0;1;;"test0";10194;15239724
235;-2009714138;true;0.0038981954927651834;0;1;;"test0";10414;15239724
235;-675175167;true;0.0038981954927651834;0;1;;"test0";11783;15239724
235;-2009714138;true;0.0038981954927651834;0;1;;"test0";10544;15239724
235;2138984812;true;0.0038981954927651834;0;1;;"test0";9611;15239724
235;-2009714138;true;0.0038981954927651834;0;1;;"test0";9921;15239724
235;1470126156;true;0.0038981954927651834;0;1;;"test0";9138;15239724
235;-384102934;true;0.003919752001671118;0;1;;"test0";13709;15239724
235;-384102934;true;0.003919752001671118;0;1;;"test0";13576;15239724
235;-256335555;true;0.003984651557255167;0;1;;"test0";11310;15239724
235;311476000;true;0.003984651557255167;0;1;;"test0";11529;15239724
235;-726208410;true;0.003984651557255167;0;1;;"test0";11858;15239724
235;1256532051;true;0.003984651557255167;0;1;;"test0";10216;15239724
235;-785917116;true;0.003984651557255167;0;1;;"test0";9619;15239724
235;294123233;true;0.003988394510529679;0;1;;"test0";10303;15239724
235;-943298106;true;0.0039896231714483;0;1;;"test0";12160;15239724
235;1617942484;true;0.0039896231714483;0;1;;"test0";9657;15239724
235;17376565;true;0.003993948371944293;0;1;;"test0";11423;15239724
235;1723615993;true;0.003993948371944293;0;1;;"test0";10389;15239724
235;1285246499;true;0.003993948371944293;0;1;;"test0";12356;15239724
235;1446567041;true;0.003993948371944293;0;1;;"test0";9516;15239724
235;-974371320;true;0.003993948371944293;0;1;;"test0";10568;15239724
235;-1157762180;true;0.003993948371944293;0;1;;"test0";7153;15239724
235;17376565;true;0.003993948371944293;0;1;;"test0";10794;15239724
235;509516993;true;0.00400212704991644;0;1;;"test0";13542;15239724
235;1037949422;true;0.00400334985946821;0;1;;"test0";9958;15239724
235;94527751;true;0.00400334985946821;0;1;;"test0";13535;15239724
235;1955874708;true;0.00400334985946821;0;1;;"test0";11715;15239724
235;-1751971998;true;0.00400334985946821;0;1;;"test0";1;15239724
235;1919653286;true;0.00400334985946821;0;1;;"test0";9532;15239724
236;-42873077;false;-1;0;1;;"test0";NaN;15325652
236;972808500;true;0.003003432494279176;0;1;;"test0";12038;15325652
236;1747018049;true;0.003003432494279176;0;1;;"test0";11253;15325652
236;-948360484;true;0.003003432494279176;0;1;;"test0";12397;15325652
236;-146448915;true;0.0035748412197102305;0;1;;"test0";9827;15325652
236;1964338706;true;0.0035755917551991054;0;1;;"test0";10631;15325652
236;-561047992;true;0.0035768168774726826;0;1;;"test0";11463;15325652
236;-561047992;true;0.0035768168774726826;0;1;;"test0";12345;15325652
236;886096735;true;0.003582022562375223;0;1;;"test0";11733;15325652
236;-72278409;true;0.0035994427202612617;0;1;;"test0";15348;15325652
236;1657644747;true;0.0035994427202612617;0;1;;"test0";10896;15325652
236;178546005;true;0.0035994427202612617;0;1;;"test0";10505;15325652
236;-740390042;true;0.0035994427202612617;0;1;;"test0";12442;15325652
236;-1890390218;true;0.0035994427202612617;0;1;;"test0";14945;15325652
236;474900004;true;0.0036682391831417247;0;1;;"test0";11352;15325652
236;9150952;true;0.0036682391831417247;0;1;;"test0";15213;15325652
236;-159005196;true;0.0036682391831417247;0;1;;"test0";10727;15325652
236;-115628171;true;0.003796113882157877;0;1;;"test0";10285;15325652
236;1246394285;true;0.0038003321179944853;0;1;;"test0";10179;15325652
236;-156606037;true;0.0038092274555293227;0;1;;"test0";12906;15325652
236;831422819;true;0.0038194424387497593;0;1;;"test0";11000;15325652
236;-454322622;true;0.003819538785044034;0;1;;"test0";15082;15325652
236;2064593294;true;0.0038621825317139416;0;1;;"test0";12007;15325652
236;1041792717;true;0.0038621825317139416;0;1;;"test0";8527;15325652
236;-157315173;true;0.00387570604898311;0;1;;"test0";12841;15325652
236;-42873077;true;0.003897693950663802;0;1;;"test0";10859;15325652
236;978772734;true;0.003897693950663802;0;1;;"test0";11208;15325652
236;-2009714138;true;0.0038981954927651834;0;1;;"test0";8467;15325652
236;-2009714138;true;0.0038981954927651834;0;1;;"test0";11778;15325652
236;-2009714138;true;0.0038981954927651834;0;1;;"test0";10585;15325652
236;1052694244;true;0.0038981954927651834;0;1;;"test0";11737;15325652
236;1259690068;true;0.003919752001671118;0;1;;"test0";12638;15325652
236;-384102934;true;0.003919752001671118;0;1;;"test0";12781;15325652
236;1150900480;true;0.003919752001671118;0;1;;"test0";10632;15325652
236;588439932;true;0.003972379091502891;0;1;;"test0";11459;15325652
236;294123233;true;0.003988394510529679;0;1;;"test0";10789;15325652
236;-534036036;true;0.003988394510529679;0;1;;"test0";10189;15325652
236;294123233;true;0.003988394510529679;0;1;;"test0";12041;15325652
236;-943298106;true;0.0039896231714483;0;1;;"test0";10985;15325652
236;-112698858;true;0.0039896231714483;0;1;;"test0";10835;15325652
236;-1409982303;true;0.0039896231714483;0;1;;"test0";11142;15325652
236;2095597616;true;0.0039896231714483;0;1;;"test0";11204;15325652
236;499854415;true;0.003993948371944293;0;1;;"test0";11501;15325652
236;1442530631;true;0.003993948371944293;0;1;;"test0";11063;15325652
236;509516993;true;0.00400212704991644;0;1;;"test0";12778;15325652
236;912803842;true;0.00400334985946821;0;1;;"test0";8286;15325652
236;-1314563204;true;0.00400334985946821;0;1;;"test0";11006;15325652
236;1919653286;true;0.00400334985946821;0;1;;"test0";10382;15325652
236;-1751971998;true;0.00400334985946821;0;1;;"test0";2;15325652
237;628438678;false;-1;0;1;;"test0";NaN;15414988
237;2122952701;true;0.003567794122597788;0;1;;"test0";12205;15414988
237;1255227490;true;0.0035755917551991054;0;1;;"test0";14073;15414988
237;1093186760;true;0.0035767429798491176;0;1;;"test0";14506;15414988
237;843494012;true;0.0035768168774726826;0;1;;"test0";15127;15414988
237;-51285526;true;0.003582022562375223;0;1;;"test0";13796;15414988
237;-416325867;true;0.003582022562375223;0;1;;"test0";12614;15414988
237;-10104483;true;0.003582022562375223;0;1;;"test0";9857;15414988
237;96840244;true;0.003582081761996401;0;1;;"test0";15068;15414988
237;1497694274;true;0.0035842304732576803;0;1;;"test0";11083;15414988
237;-458263507;true;0.0035854007793519123;0;1;;"test0";10494;15414988
237;-105152127;true;0.0035968165749268245;0;1;;"test0";12928;15414988
237;-133822709;true;0.0035994427202612617;0;1;;"test0";13018;15414988
237;27142728;true;0.0035994427202612617;0;1;;"test0";13066;15414988
237;668586757;true;0.0036682391831417247;0;1;;"test0";13355;15414988
237;807107449;true;0.003737432190711282;0;1;;"test0";12680;15414988
237;1834627287;true;0.003796113882157877;0;1;;"test0";8878;15414988
237;-115628171;true;0.003796113882157877;0;1;;"test0";8561;15414988
237;561547199;true;0.0038003321179944853;0;1;;"test0";13674;15414988
237;-869109495;true;0.0038003321179944853;0;1;;"test0";13679;15414988
237;-209852403;true;0.0038092274555293227;0;1;;"test0";12147;15414988
237;-18599029;true;0.0038092274555293227;0;1;;"test0";13797;15414988
237;1756850910;true;0.0038092274555293227;0;1;;"test0";9761;15414988
237;1403551903;true;0.0038092274555293227;0;1;;"test0";13495;15414988
237;-438129182;true;0.0038916454000423113;0;1;;"test0";9582;15414988
237;-997566631;true;0.003919752001671118;0;1;;"test0";8414;15414988
237;-612591424;true;0.003919752001671118;0;1;;"test0";10410;15414988
237;-1848845394;true;0.003919752001671118;0;1;;"test0";15193;15414988
237;1357196932;true;0.003943467731069929;0;1;;"test0";12069;15414988
237;294123233;true;0.003988394510529679;0;1;;"test0";12806;15414988
237;1011822659;true;0.003988394510529679;0;1;;"test0";14068;15414988
237;294123233;true;0.003988394510529679;0;1;;"test0";9775;15414988
237;-1409982303;true;0.0039896231714483;0;1;;"test0";11976;15414988
237;-1421286874;true;0.0039896231714483;0;1;;"test0";12686;15414988
237;499854415;true;0.003993948371944293;0;1;;"test0";8565;15414988
237;499854415;true;0.003993948371944293;0;1;;"test0";13299;15414988
237;2011288945;true;0.003993948371944293;0;1;;"test0";15526;15414988
237;1081222460;true;0.003993948371944293;0;1;;"test0";14137;15414988
237;1113032821;true;0.003995190996930685;0;1;;"test0";8560;15414988
237;509516993;true;0.00400212704991644;0;1;;"test0";13727;15414988
237;509516993;true;0.00400212704991644;0;1;;"test0";10739;15414988
237;611682937;true;0.00400212704991644;0;1;;"test0";13683;15414988
237;-749183528;true;0.00400212704991644;0;1;;"test0";12801;15414988
237;526699777;true;0.00400334985946821;0;1;;"test0";12681;15414988
237;86726127;true;0.00400334985946821;0;1;;"test0";13229;15414988
237;-755814349;true;0.00400334985946821;0;1;;"test0";11238;15414988
237;1919653286;true;0.00400334985946821;0;1;;"test0";13508;15414988
237;-1751971998;true;0.00400334985946821;0;1;;"test0";2;15414988
237;-88797034;true;0.00400334985946821;0;1;;"test0";12983;15414988
238;1934454375;true;0.00286427732079906;0;1;;"test0";11872;15494076
238;853418631;true;0.003003432494279176;0;1;;"test0";9840;15494076
238;-136557687;true;0.003003432494279176;0;1;;"test0";13674;15494076
238;-1699321714;true;0.003574561593023221;0;1;;"test0";9480;15494076
238;96840244;true;0.003582081761996401;0;1;;"test0";10343;15494076
238;1497694274;true;0.0035842304732576803;0;1;;"test0";9730;15494076
238;692010567;true;0.0035854501706100244;0;1;;"test0";11832;15494076
238;524012318;true;0.0035968165749268245;0;1;;"test0";11420;15494076
238;383679044;true;0.0035968165749268245;0;1;;"test0";9130;15494076
238;-1886809264;true;0.0035994427202612617;0;1;;"test0";14132;15494076
238;-1048700889;true;0.0035994427202612617;0;1;;"test0";11443;15494076
238;27142728;true;0.0035994427202612617;0;1;;"test0";13906;15494076
238;-1951911030;true;0.0036682391831417247;0;1;;"test0";8444;15494076
238;1834627287;true;0.003796113882157877;0;1;;"test0";12834;15494076
238;-1992144991;true;0.003796113882157877;0;1;;"test0";13520;15494076
238;-1612721574;true;0.003796113882157877;0;1;;"test0";12074;15494076
238;-2146969564;true;0.003796113882157877;0;1;;"test0";13550;15494076
238;-1823978636;true;0.003796113882157877;0;1;;"test0";9742;15494076
238;-869109495;true;0.0038003321179944853;0;1;;"test0";11818;15494076
238;535248531;true;0.0038003321179944853;0;1;;"test0";13899;15494076
238;643026581;true;0.0038003321179944853;0;1;;"test0";12656;15494076
238;647545169;true;0.0038003321179944853;0;1;;"test0";12389;15494076
238;-2049947567;true;0.0038003321179944853;0;1;;"test0";11595;15494076
238;-682934914;true;0.0038003487984556573;0;1;;"test0";11695;15494076
238;-404739335;true;0.0038092274555293227;0;1;;"test0";12645;15494076
238;-1586631717;true;0.0038092274555293227;0;1;;"test0";9210;15494076
238;1601959356;true;0.0038092274555293227;0;1;;"test0";13451;15494076
238;-1064456460;true;0.0038916454000423113;0;1;;"test0";9245;15494076
238;-612591424;true;0.003919752001671118;0;1;;"test0";13650;15494076
238;154847118;true;0.003943467731069929;0;1;;"test0";14019;15494076
238;1357196932;true;0.003943467731069929;0;1;;"test0";13790;15494076
238;-532290554;true;0.003977482233872973;0;1;;"test0";12230;15494076
238;1536318039;true;0.003988394510529679;0;1;;"test0";13137;15494076
238;294123233;true;0.003988394510529679;0;1;;"test0";11887;15494076
238;294123233;true;0.003988394510529679;0;1;;"test0";10942;15494076
238;294123233;true;0.003988394510529679;0;1;;"test0";10891;15494076
238;-1421286874;true;0.0039896231714483;0;1;;"test0";10220;15494076
238;-1421286874;true;0.0039896231714483;0;1;;"test0";11812;15494076
238;1081222460;true;0.003993948371944293;0;1;;"test0";12395;15494076
238;-1326360150;true;0.003993948371944293;0;1;;"test0";10064;15494076
238;-233985427;true;0.003993948371944293;0;1;;"test0";11864;15494076
238;-749183528;true;0.00400212704991644;0;1;;"test0";11330;15494076
238;-350330965;true;0.00400212704991644;0;1;;"test0";11656;15494076
238;1430963471;true;0.00400212704991644;0;1;;"test0";11325;15494076
238;-1379136562;true;0.00400212704991644;0;1;;"test0";10358;15494076
238;-88797034;true;0.00400334985946821;0;1;;"test0";1;15494076
238;-1131502846;true;0.00400334985946821;0;1;;"test0";10110;15494076
238;-1406578460;true;0.00400334985946821;0;1;;"test0";8630;15494076
238;-1751971998;true;0.00400334985946821;0;1;;"test0";11745;15494076
239;456205647;false;-1;0;1;;"test0";NaN;15593169
239;829969640;true;0.001906941266209001;0;1;;"test0";13113;15593169
239;-1974586288;true;0.002002288329519451;0;1;;"test0";13140;15593169
239;-136557687;true;0.003003432494279176;0;1;;"test0";13265;15593169
239;-826933831;true;0.003003432494279176;0;1;;"test0";12829;15593169
239;678338140;true;0.003546479209780198;0;1;;"test0";10001;15593169
239;-1699321714;true;0.003574561593023221;0;1;;"test0";13090;15593169
239;-966795931;true;0.003574561593023221;0;1;;"test0";11358;15593169
239;1201154984;true;0.003584885267336272;0;1;;"test0";14911;15593169
239;828706874;true;0.0035994427202612617;0;1;;"test0";13215;15593169
239;-403552073;true;0.0035994427202612617;0;1;;"test0";10686;15593169
239;-1488316655;true;0.0035994427202612617;0;1;;"test0";12095;15593169
239;-1951911030;true;0.0036682391831417247;0;1;;"test0";8655;15593169
239;1323910814;true;0.0036682391831417247;0;1;;"test0";12733;15593169
239;-1987972788;true;0.003796113882157877;0;1;;"test0";13921;15593169
239;1834627287;true;0.003796113882157877;0;1;;"test0";14222;15593169
239;-2086002455;true;0.003796113882157877;0;1;;"test0";11261;15593169
239;-869109495;true;0.0038003321179944853;0;1;;"test0";13661;15593169
239;1048399295;true;0.0038003321179944853;0;1;;"test0";10773;15593169
239;-682934914;true;0.0038003487984556573;0;1;;"test0";10453;15593169
239;-857261971;true;0.0038003487984556573;0;1;;"test0";14896;15593169
239;-812444607;true;0.0038003487984556573;0;1;;"test0";13950;15593169
239;-682934914;true;0.0038003487984556573;0;1;;"test0";11488;15593169
239;301265051;true;0.0038003487984556573;0;1;;"test0";10649;15593169
239;-1442113013;true;0.0038091741485492808;0;1;;"test0";15203;15593169
239;-1444983327;true;0.0038092274555293227;0;1;;"test0";10821;15593169
239;-404739335;true;0.0038092274555293227;0;1;;"test0";13740;15593169
239;-404739335;true;0.0038092274555293227;0;1;;"test0";14882;15593169
239;1601959356;true;0.0038092274555293227;0;1;;"test0";12985;15593169
239;1601959356;true;0.0038092274555293227;0;1;;"test0";11429;15593169
239;-1064456460;true;0.0038916454000423113;0;1;;"test0";13675;15593169
239;-1064456460;true;0.0038916454000423113;0;1;;"test0";11388;15593169
239;-612591424;true;0.003919752001671118;0;1;;"test0";11658;15593169
239;-341937188;true;0.003919752001671118;0;1;;"test0";11520;15593169
239;-612591424;true;0.003919752001671118;0;1;;"test0";13517;15593169
239;154847118;true;0.003943467731069929;0;1;;"test0";11126;15593169
239;-913165790;true;0.003943467731069929;0;1;;"test0";13074;15593169
239;-1106022455;true;0.003977482233872973;0;1;;"test0";10576;15593169
239;-350128416;true;0.003977482233872973;0;1;;"test0";8923;15593169
239;603811935;true;0.003988394510529679;0;1;;"test0";11603;15593169
239;294123233;true;0.003988394510529679;0;1;;"test0";12401;15593169
239;-134165067;true;0.0039896231714483;0;1;;"test0";12697;15593169
239;2086181042;true;0.0039896231714483;0;1;;"test0";11100;15593169
239;-1326360150;true;0.003993948371944293;0;1;;"test0";12775;15593169
239;-1326360150;true;0.003993948371944293;0;1;;"test0";12862;15593169
239;1439667002;true;0.003993948371944293;0;1;;"test0";10660;15593169
239;-1135045289;true;0.00400212704991644;0;1;;"test0";13689;15593169
239;-1406578460;true;0.00400334985946821;0;1;;"test0";1;15593169
239;-1751971998;true;0.00400334985946821;0;1;;"test0";2;15593169
239;-755746550;true;0.00400334985946821;0;1;;"test0";10790;15593169
240;-2072463308;true;0.001906941266209001;0;1;;"test0";13206;15680158
240;630273005;true;0.002002288329519451;0;1;;"test0";11672;15680158
240;1099384131;true;0.002002288329519451;0;1;;"test0";13125;15680158
240;1964151693;true;0.002942137953579601;0;1;;"test0";14120;15680158
240;1914513025;true;0.002942137953579601;0;1;;"test0";13334;15680158
240;-884540446;true;0.002942137953579601;0;1;;"test0";12765;15680158
240;628351748;true;0.003003432494279176;0;1;;"test0";16487;15680158
240;-657352252;true;0.003003432494279176;0;1;;"test0";10885;15680158
240;-365921596;true;0.0035744815684907367;0;1;;"test0";16101;15680158
240;196204443;true;0.0035748412197102305;0;1;;"test0";13423;15680158
240;1201154984;true;0.003584885267336272;0;1;;"test0";12651;15680158
240;1157467816;true;0.0035994427202612617;0;1;;"test0";10167;15680158
240;-1584053256;true;0.0035994427202612617;0;1;;"test0";12388;15680158
240;-1087732421;true;0.0035994427202612617;0;1;;"test0";10810;15680158
240;1371461653;true;0.0036233251077269902;0;1;;"test0";12805;15680158
240;30000771;true;0.0036682391831417247;0;1;;"test0";8183;15680158
240;1323910814;true;0.0036682391831417247;0;1;;"test0";10917;15680158
240;-787889680;true;0.0036682391831417247;0;1;;"test0";12982;15680158
240;665703147;true;0.0036682391831417247;0;1;;"test0";12860;15680158
240;-1710808046;true;0.003796113882157877;0;1;;"test0";10916;15680158
240;633971063;true;0.003796113882157877;0;1;;"test0";13923;15680158
240;-1691538108;true;0.0038003487984556573;0;1;;"test0";14206;15680158
240;-110168355;true;0.0038091741485492808;0;1;;"test0";11734;15680158
240;-1442113013;true;0.0038091741485492808;0;1;;"test0";14640;15680158
240;-1442113013;true;0.0038091741485492808;0;1;;"test0";15097;15680158
240;1601959356;true;0.0038092274555293227;0;1;;"test0";13428;15680158
240;-404739335;true;0.0038092274555293227;0;1;;"test0";12653;15680158
240;-1243909409;true;0.0038092274555293227;0;1;;"test0";13381;15680158
240;2044644696;true;0.0038092274555293227;0;1;;"test0";12813;15680158
240;-748417558;true;0.0038916454000423113;0;1;;"test0";11434;15680158
240;1009380824;true;0.003919752001671118;0;1;;"test0";13156;15680158
240;-619131504;true;0.003919752001671118;0;1;;"test0";10992;15680158
240;-415074013;true;0.003919752001671118;0;1;;"test0";11857;15680158
240;-1849511644;true;0.003919752001671118;0;1;;"test0";9973;15680158
240;-1984993639;true;0.003942671834703296;0;1;;"test0";13245;15680158
240;-1478436372;true;0.003943467731069929;0;1;;"test0";12435;15680158
240;-1615963867;true;0.003943467731069929;0;1;;"test0";13365;15680158
240;154847118;true;0.003943467731069929;0;1;;"test0";12417;15680158
240;1960128468;true;0.003943467731069929;0;1;;"test0";16460;15680158
240;-841597708;true;0.0039594400175811855;0;1;;"test0";13348;15680158
240;-470446192;true;0.003988394510529679;0;1;;"test0";12922;15680158
240;603811935;true;0.003988394510529679;0;1;;"test0";12649;15680158
240;-134165067;true;0.0039896231714483;0;1;;"test0";12915;15680158
240;-134165067;true;0.0039896231714483;0;1;;"test0";12917;15680158
240;1323490824;true;0.003993948371944293;0;1;;"test0";11686;15680158
240;-1135045289;true;0.00400212704991644;0;1;;"test0";12964;15680158
240;-437926971;true;0.00400212704991644;0;1;;"test0";13041;15680158
240;-1751971998;true;0.00400334985946821;0;1;;"test0";2;15680158
240;1050928209;true;0.00400334985946821;0;1;;"test0";14227;15680158
240;-755746550;true;0.00400334985946821;0;1;;"test0";1;15680158
241;-435950572;true;0.0028643572950366922;0;1;;"test0";14163;15759298
241;-616709894;true;0.003003432494279176;0;1;;"test0";12579;15759298
241;-853335706;true;0.003003432494279176;0;1;;"test0";13755;15759298
241;-1537699448;true;0.0035994427202612617;0;1;;"test0";9848;15759298
241;-1584053256;true;0.0035994427202612617;0;1;;"test0";11154;15759298
241;754315766;true;0.0035994427202612617;0;1;;"test0";12394;15759298
241;722944851;true;0.0035994427202612617;0;1;;"test0";13794;15759298
241;-722802867;true;0.0035994427202612617;0;1;;"test0";13528;15759298
241;30000771;true;0.0036682391831417247;0;1;;"test0";8421;15759298
241;1160782439;true;0.0036682391831417247;0;1;;"test0";9013;15759298
241;-2074473758;true;0.003796113882157877;0;1;;"test0";11848;15759298
241;-1473551394;true;0.003796113882157877;0;1;;"test0";10275;15759298
241;44582937;true;0.003796113882157877;0;1;;"test0";13172;15759298
241;-496338216;true;0.003796113882157877;0;1;;"test0";10816;15759298
241;444090210;true;0.0038003487984556573;0;1;;"test0";12370;15759298
241;1421095376;true;0.0038003487984556573;0;1;;"test0";10385;15759298
241;1338310975;true;0.0038003487984556573;0;1;;"test0";12679;15759298
241;-286394946;true;0.0038003487984556573;0;1;;"test0";10017;15759298
241;-1691538108;true;0.0038003487984556573;0;1;;"test0";10626;15759298
241;-1442113013;true;0.0038091741485492808;0;1;;"test0";13908;15759298
241;-110168355;true;0.0038091741485492808;0;1;;"test0";12565;15759298
241;890963350;true;0.0038091741485492808;0;1;;"test0";13910;15759298
241;1915928903;true;0.0038091741485492808;0;1;;"test0";12936;15759298
241;1555184735;true;0.0038092274555293227;0;1;;"test0";12329;15759298
241;2044644696;true;0.0038092274555293227;0;1;;"test0";11363;15759298
241;1532929380;true;0.003817980382559321;0;1;;"test0";12097;15759298
241;1805151077;true;0.003919752001671118;0;1;;"test0";13301;15759298
241;1037420362;true;0.003919752001671118;0;1;;"test0";13312;15759298
241;66833628;true;0.003919752001671118;0;1;;"test0";13476;15759298
241;-1849511644;true;0.003919752001671118;0;1;;"test0";10747;15759298
241;98031688;true;0.003942671834703296;0;1;;"test0";13891;15759298
241;-1949942838;true;0.003942671834703296;0;1;;"test0";12826;15759298
241;-810667908;true;0.003943467731069929;0;1;;"test0";11712;15759298
241;-1720040989;true;0.003943467731069929;0;1;;"test0";9442;15759298
241;689254294;true;0.003988394510529679;0;1;;"test0";11813;15759298
241;603811935;true;0.003988394510529679;0;1;;"test0";13228;15759298
241;-1714557766;true;0.003988394510529679;0;1;;"test0";12848;15759298
241;-470446192;true;0.003988394510529679;0;1;;"test0";12530;15759298
241;-470446192;true;0.003988394510529679;0;1;;"test0";14636;15759298
241;186175960;true;0.003988394510529679;0;1;;"test0";8725;15759298
241;-1743610676;true;0.003988394510529679;0;1;;"test0";8662;15759298
241;1323490824;true;0.003993948371944293;0;1;;"test0";13751;15759298
241;987655745;true;0.003993948371944293;0;1;;"test0";14630;15759298
241;1130003693;true;0.003993948371944293;0;1;;"test0";14917;15759298
241;1914501363;true;0.003993948371944293;0;1;;"test0";13189;15759298
241;1858195241;true;0.003997462028463042;0;1;;"test0";12831;15759298
241;1050928209;true;0.00400334985946821;0;1;;"test0";1;15759298
241;-1857723131;true;0.00400334985946821;0;1;;"test0";13277;15759298
241;-755746550;true;0.00400334985946821;0;1;;"test0";1;15759298
241;-388895776;true;0.00400334985946821;0;1;;"test0";13323;15759298
242;-1371014775;false;-1;0;1;;"test0";NaN;15843511
242;-1886607361;true;0.0028643572950366922;0;1;;"test0";14210;15843511
242;-383665703;true;0.002864440648467464;0;1;;"test0";14059;15843511
242;-2144885471;true;0.002917620137299771;0;1;;"test0";11889;15843511
242;288812941;true;0.003003432494279176;0;1;;"test0";13293;15843511
242;1777201839;true;0.0035748412197102305;0;1;;"test0";13658;15843511
242;1372574584;true;0.0035994427202612617;0;1;;"test0";12108;15843511
242;1314314848;true;0.0036682391831417247;0;1;;"test0";11163;15843511
242;-753528717;true;0.0036682391831417247;0;1;;"test0";10454;15843511
242;-882075119;true;0.003796113882157877;0;1;;"test0";8487;15843511
242;-35851883;true;0.0038091741485492808;0;1;;"test0";11287;15843511
242;890963350;true;0.0038091741485492808;0;1;;"test0";12870;15843511
242;1796632144;true;0.0038091741485492808;0;1;;"test0";11981;15843511
242;-1429900209;true;0.0038091741485492808;0;1;;"test0";10611;15843511
242;1099186729;true;0.0038091741485492808;0;1;;"test0";13800;15843511
242;-1761271831;true;0.0038092274555293227;0;1;;"test0";10830;15843511
242;-564535083;true;0.0038092274555293227;0;1;;"test0";11733;15843511
242;1114099072;true;0.0038092274555293227;0;1;;"test0";13905;15843511
242;2044644696;true;0.0038092274555293227;0;1;;"test0";11615;15843511
242;575633701;true;0.0038178915896380453;0;1;;"test0";12638;15843511
242;1532929380;true;0.003817980382559321;0;1;;"test0";8541;15843511
242;88432386;true;0.003817980382559321;0;1;;"test0";9783;15843511
242;1313888418;true;0.003817980382559321;0;1;;"test0";12511;15843511
242;-33756792;true;0.003927588419639854;0;1;;"test0";12385;15843511
242;-2005421805;true;0.003942671834703296;0;1;;"test0";9657;15843511
242;98031688;true;0.003942671834703296;0;1;;"test0";8329;15843511
242;98031688;true;0.003942671834703296;0;1;;"test0";10172;15843511
242;98031688;true;0.003942671834703296;0;1;;"test0";11654;15843511
242;-1949942838;true;0.003942671834703296;0;1;;"test0";13906;15843511
242;-1949942838;true;0.003942671834703296;0;1;;"test0";14913;15843511
242;329686744;true;0.003943467731069929;0;1;;"test0";13412;15843511
242;-774943152;true;0.003943467731069929;0;1;;"test0";14122;15843511
242;-114863320;true;0.003943467731069929;0;1;;"test0";12762;15843511
242;-470446192;true;0.003988394510529679;0;1;;"test0";11074;15843511
242;310188643;true;0.003988394510529679;0;1;;"test0";10317;15843511
242;998773277;true;0.003988394510529679;0;1;;"test0";9449;15843511
242;1824955068;true;0.003988394510529679;0;1;;"test0";11403;15843511
242;-1027608904;true;0.003988394510529679;0;1;;"test0";12112;15843511
242;1323490824;true;0.003993948371944293;0;1;;"test0";12151;15843511
242;1914501363;true;0.003993948371944293;0;1;;"test0";13449;15843511
242;2083222333;true;0.003993948371944293;0;1;;"test0";10442;15843511
242;-1484555699;true;0.003993948371944293;0;1;;"test0";11759;15843511
242;1914501363;true;0.003993948371944293;0;1;;"test0";12941;15843511
242;1258244870;true;0.00400334985946821;0;1;;"test0";10512;15843511
242;1337886214;true;0.00400334985946821;0;1;;"test0";10343;15843511
242;-1187381275;true;0.00400334985946821;0;1;;"test0";11527;15843511
242;-755746550;true;0.00400334985946821;0;1;;"test0";11925;15843511
242;-388895776;true;0.00400334985946821;0;1;;"test0";1;15843511
242;-1294950469;true;0.00400334985946821;0;1;;"test0";9001;15843511
243;-1349900111;false;-1;0;1;;"test0";NaN;15929533
243;1973543804;true;0.0028643572950366922;0;1;;"test0";13592;15929533
243;-240802476;true;0.002864440648467464;0;1;;"test0";9671;15929533
243;-383665703;true;0.002864440648467464;0;1;;"test0";12497;15929533
243;-1981984260;true;0.002864440648467464;0;1;;"test0";14950;15929533
243;10171754;true;0.002942137953579601;0;1;;"test0";11436;15929533
243;288812941;true;0.003003432494279176;0;1;;"test0";10072;15929533
243;92767276;true;0.0035748412197102305;0;1;;"test0";12672;15929533
243;1777201839;true;0.0035748412197102305;0;1;;"test0";12565;15929533
243;-676638527;true;0.0035799227326673935;0;1;;"test0";14650;15929533
243;1611044059;true;0.0035952050996646842;0;1;;"test0";11766;15929533
243;-1174744711;true;0.0035994427202612617;0;1;;"test0";13354;15929533
243;-1274717847;true;0.0036682391831417247;0;1;;"test0";12757;15929533
243;-1681813818;true;0.0036682391831417247;0;1;;"test0";14280;15929533
243;-1489087406;true;0.0036682391831417247;0;1;;"test0";9404;15929533
243;868753031;true;0.0036682391831417247;0;1;;"test0";11082;15929533
243;-207756825;true;0.0037727607540042067;0;1;;"test0";13192;15929533
243;718938028;true;0.003796113882157877;0;1;;"test0";13785;15929533
243;-1817197192;true;0.003796113882157877;0;1;;"test0";12080;15929533
243;-699516045;true;0.0038091741485492808;0;1;;"test0";12474;15929533
243;1114099072;true;0.0038092274555293227;0;1;;"test0";14182;15929533
243;2146618714;true;0.0038092274555293227;0;1;;"test0";14294;15929533
243;-1247325059;true;0.0038092274555293227;0;1;;"test0";8012;15929533
243;673786533;true;0.003817980382559321;0;1;;"test0";12315;15929533
243;88432386;true;0.003817980382559321;0;1;;"test0";10410;15929533
243;2114520378;true;0.003817980382559321;0;1;;"test0";11930;15929533
243;1532929380;true;0.003817980382559321;0;1;;"test0";10915;15929533
243;1706781222;true;0.003927588419639854;0;1;;"test0";13349;15929533
243;-33756792;true;0.003927588419639854;0;1;;"test0";11893;15929533
243;-40551640;true;0.003927588419639854;0;1;;"test0";12284;15929533
243;98031688;true;0.003942671834703296;0;1;;"test0";11893;15929533
243;-234540657;true;0.003942671834703296;0;1;;"test0";12287;15929533
243;98031688;true;0.003942671834703296;0;1;;"test0";12529;15929533
243;-400042861;true;0.003942671834703296;0;1;;"test0";12047;15929533
243;-147146692;true;0.003942671834703296;0;1;;"test0";13349;15929533
243;502833522;true;0.003942671834703296;0;1;;"test0";14716;15929533
243;-114863320;true;0.003943467731069929;0;1;;"test0";12338;15929533
243;2020216695;true;0.003943467731069929;0;1;;"test0";8665;15929533
243;-1630466887;true;0.003943467731069929;0;1;;"test0";10618;15929533
243;932850979;true;0.003943467731069929;0;1;;"test0";11578;15929533
243;-774943152;true;0.003943467731069929;0;1;;"test0";12958;15929533
243;-445061813;true;0.003943467731069929;0;1;;"test0";13653;15929533
243;1026576720;true;0.003988394510529679;0;1;;"test0";14948;15929533
243;-1203010559;true;0.003988394510529679;0;1;;"test0";14158;15929533
243;213078597;true;0.0039896231714483;0;1;;"test0";13379;15929533
243;-1294950469;true;0.00400334985946821;0;1;;"test0";2;15929533
243;980186659;true;0.00400334985946821;0;1;;"test0";9078;15929533
243;-388895776;true;0.00400334985946821;0;1;;"test0";2;15929533
243;505654154;true;0.00400334985946821;0;1;;"test0";13580;15929533
243;922790191;true;0.00400334985946821;0;1;;"test0";12016;15929533
244;-165680442;true;0.002002288329519451;0;1;;"test0";10307;16015132
244;-1750832053;true;0.002864440648467464;0;1;;"test0";14222;16015132
244;-777961483;true;0.002917620137299771;0;1;;"test0";10863;16015132
244;1727365902;true;0.003003432494279176;0;1;;"test0";11069;16015132
244;-705568583;true;0.003003432494279176;0;1;;"test0";10871;16015132
244;-1043928587;true;0.0035799227326673935;0;1;;"test0";12276;16015132
244;207538004;true;0.0035994427202612617;0;1;;"test0";14665;16015132
244;-2118922107;true;0.0035994427202612617;0;1;;"test0";12542;16015132
244;395650389;true;0.0035994427202612617;0;1;;"test0";10390;16015132
244;-1600534877;true;0.0035994427202612617;0;1;;"test0";14618;16015132
244;-858721495;true;0.0035994427202612617;0;1;;"test0";13566;16015132
244;1806947829;true;0.0035994427202612617;0;1;;"test0";11632;16015132
244;524577898;true;0.0036630364378630255;0;1;;"test0";11465;16015132
244;1459885830;true;0.0036682391831417247;0;1;;"test0";12943;16015132
244;1043607781;true;0.0036682391831417247;0;1;;"test0";15410;16015132
244;-1346069409;true;0.0036682391831417247;0;1;;"test0";13340;16015132
244;2044001143;true;0.003755841769688963;0;1;;"test0";12305;16015132
244;-1766528506;true;0.003796113882157877;0;1;;"test0";13138;16015132
244;718938028;true;0.003796113882157877;0;1;;"test0";12927;16015132
244;1114099072;true;0.0038092274555293227;0;1;;"test0";13104;16015132
244;-943305288;true;0.0038092274555293227;0;1;;"test0";13192;16015132
244;-399771830;true;0.0038092274555293227;0;1;;"test0";12601;16015132
244;-1247325059;true;0.0038092274555293227;0;1;;"test0";10729;16015132
244;2146618714;true;0.0038092274555293227;0;1;;"test0";10601;16015132
244;-487729582;true;0.0038092274555293227;0;1;;"test0";9556;16015132
244;-852050247;true;0.0038092274555293227;0;1;;"test0";13905;16015132
244;-1247325059;true;0.0038092274555293227;0;1;;"test0";12938;16015132
244;673786533;true;0.003817980382559321;0;1;;"test0";14285;16015132
244;2114520378;true;0.003817980382559321;0;1;;"test0";13056;16015132
244;2114520378;true;0.003817980382559321;0;1;;"test0";12038;16015132
244;-1656054421;true;0.003927588419639854;0;1;;"test0";10431;16015132
244;1991345632;true;0.003942671834703296;0;1;;"test0";13138;16015132
244;502833522;true;0.003942671834703296;0;1;;"test0";11552;16015132
244;-348036134;true;0.003942671834703296;0;1;;"test0";13881;16015132
244;-1997680449;true;0.003942671834703296;0;1;;"test0";13593;16015132
244;-850759126;true;0.003942671834703296;0;1;;"test0";15170;16015132
244;98031688;true;0.003942671834703296;0;1;;"test0";14525;16015132
244;-679203719;true;0.003943467731069929;0;1;;"test0";10532;16015132
244;1581483936;true;0.003943467731069929;0;1;;"test0";12825;16015132
244;-445061813;true;0.003943467731069929;0;1;;"test0";11964;16015132
244;2020216695;true;0.003943467731069929;0;1;;"test0";12713;16015132
244;2020216695;true;0.003943467731069929;0;1;;"test0";11065;16015132
244;1026576720;true;0.003988394510529679;0;1;;"test0";10584;16015132
244;213078597;true;0.0039896231714483;0;1;;"test0";12943;16015132
244;-1337911139;true;0.0039896231714483;0;1;;"test0";12644;16015132
244;505654154;true;0.00400334985946821;0;1;;"test0";1;16015132
244;922790191;true;0.00400334985946821;0;1;;"test0";2;16015132
244;-388895776;true;0.00400334985946821;0;1;;"test0";12485;16015132
244;-388895776;true;0.00400334985946821;0;1;;"test0";14110;16015132
244;-388895776;true;0.00400334985946821;0;1;;"test0";9990;16015132
245;621961578;true;0.002864527599888053;0;1;;"test0";10744;16097243
245;-1720109544;true;0.002942137953579601;0;1;;"test0";11824;16097243
245;-2040421716;true;0.003003432494279176;0;1;;"test0";13799;16097243
245;48712279;true;0.0034467510625366777;0;1;;"test0";14001;16097243
245;80504081;true;0.0035744815684907367;0;1;;"test0";14158;16097243
245;2072247763;true;0.003584935865441528;0;1;;"test0";13039;16097243
245;491256733;true;0.003609568422335126;0;1;;"test0";12055;16097243
245;445945946;true;0.0036233251077269902;0;1;;"test0";9346;16097243
245;77214903;true;0.0036311059375055592;0;1;;"test0";14188;16097243
245;524577898;true;0.0036630364378630255;0;1;;"test0";10773;16097243
245;524577898;true;0.0036630364378630255;0;1;;"test0";13462;16097243
245;-1046939602;true;0.0036630364378630255;0;1;;"test0";12880;16097243
245;-221086281;true;0.0036630364378630255;0;1;;"test0";12208;16097243
245;194789622;true;0.0036682391831417247;0;1;;"test0";9894;16097243
245;-833022161;true;0.0036682391831417247;0;1;;"test0";12535;16097243
245;-930722164;true;0.0036682391831417247;0;1;;"test0";11258;16097243
245;1143082779;true;0.0036682391831417247;0;1;;"test0";11180;16097243
245;-368684781;true;0.003755841769688963;0;1;;"test0";13403;16097243
245;1574893371;true;0.0038091741485492808;0;1;;"test0";12720;16097243
245;-487729582;true;0.0038092274555293227;0;1;;"test0";11773;16097243
245;-1247325059;true;0.0038092274555293227;0;1;;"test0";14710;16097243
245;194901545;true;0.0038092274555293227;0;1;;"test0";9296;16097243
245;427612528;true;0.0038092274555293227;0;1;;"test0";12509;16097243
245;-271123596;true;0.003836993245889462;0;1;;"test0";13867;16097243
245;-901640116;true;0.0038870282335081445;0;1;;"test0";14133;16097243
245;2015018301;true;0.003927588419639854;0;1;;"test0";14269;16097243
245;1991345632;true;0.003942671834703296;0;1;;"test0";10049;16097243
245;-610653626;true;0.003943467731069929;0;1;;"test0";13270;16097243
245;1260002755;true;0.003943467731069929;0;1;;"test0";12577;16097243
245;938730275;true;0.003943467731069929;0;1;;"test0";14662;16097243
245;-1707510210;true;0.003943467731069929;0;1;;"test0";10018;16097243
245;-679203719;true;0.003943467731069929;0;1;;"test0";11698;16097243
245;-679203719;true;0.003943467731069929;0;1;;"test0";12714;16097243
245;-710964298;true;0.003988394510529679;0;1;;"test0";11886;16097243
245;-899032910;true;0.003988394510529679;0;1;;"test0";14530;16097243
245;1026576720;true;0.003988394510529679;0;1;;"test0";13007;16097243
245;1466162515;true;0.003988394510529679;0;1;;"test0";12722;16097243
245;587265354;true;0.003988394510529679;0;1;;"test0";12534;16097243
245;1026576720;true;0.003988394510529679;0;1;;"test0";12885;16097243
245;-1234090052;true;0.003988394510529679;0;1;;"test0";13739;16097243
245;1026576720;true;0.003988394510529679;0;1;;"test0";11097;16097243
245;1026576720;true;0.003988394510529679;0;1;;"test0";9181;16097243
245;-257824138;true;0.0039896231714483;0;1;;"test0";10397;16097243
245;1926425221;true;0.0039896231714483;0;1;;"test0";11211;16097243
245;213078597;true;0.0039896231714483;0;1;;"test0";14358;16097243
245;-1000339970;true;0.00400334985946821;0;1;;"test0";12326;16097243
245;562518873;true;0.00400334985946821;0;1;;"test0";9394;16097243
245;-388895776;true;0.00400334985946821;0;1;;"test0";11958;16097243
246;403845583;false;-1;0;1;;"test0";NaN;16190465
246;90746363;false;-1;0;1;;"test0";NaN;16190465
246;-487729582;false;-1;0;1;;"test0";NaN;16190465
246;-1303416177;true;0.002002288329519451;0;1;;"test0";8002;16190465
246;1020808475;true;0.002942137953579601;0;1;;"test0";14003;16190465
246;-1699703196;true;0.003003432494279176;0;1;;"test0";13751;16190465
246;48533157;true;0.003003432494279176;0;1;;"test0";9800;16190465
246;-2040421716;true;0.003003432494279176;0;1;;"test0";10807;16190465
246;243585703;true;0.00356209184682327;0;1;;"test0";12383;16190465
246;-947261842;true;0.0035744815684907367;0;1;;"test0";9342;16190465
246;255202388;true;0.0035744815684907367;0;1;;"test0";10992;16190465
246;1883728976;true;0.0035755917551991054;0;1;;"test0";9969;16190465
246;1613510156;true;0.0035994427202612617;0;1;;"test0";9802;16190465
246;-1569572598;true;0.0035994427202612617;0;1;;"test0";11247;16190465
246;-1831651616;true;0.0035994427202612617;0;1;;"test0";12801;16190465
246;445945946;true;0.0036233251077269902;0;1;;"test0";10828;16190465
246;77214903;true;0.0036311059375055592;0;1;;"test0";12760;16190465
246;502472016;true;0.003633499114398408;0;1;;"test0";11822;16190465
246;-1928702261;true;0.0036536891545521015;0;1;;"test0";11810;16190465
246;524577898;true;0.0036630364378630255;0;1;;"test0";11150;16190465
246;-930722164;true;0.0036682391831417247;0;1;;"test0";12811;16190465
246;-1856902105;true;0.0036682391831417247;0;1;;"test0";11302;16190465
246;1035306281;true;0.0036682391831417247;0;1;;"test0";13951;16190465
246;-2089339288;true;0.003755841769688963;0;1;;"test0";6614;16190465
246;-368684781;true;0.003755841769688963;0;1;;"test0";6175;16190465
246;1826803345;true;0.003796113882157877;0;1;;"test0";6647;16190465
246;390057150;true;0.0038091741485492808;0;1;;"test0";11991;16190465
246;581624642;true;0.0038091741485492808;0;1;;"test0";12116;16190465
246;-1997916864;true;0.0038091741485492808;0;1;;"test0";10897;16190465
246;-487729582;true;0.0038092274555293227;0;1;;"test0";10931;16190465
246;1295617285;true;0.003819383133947714;0;1;;"test0";14894;16190465
246;-271123596;true;0.003836993245889462;0;1;;"test0";12369;16190465
246;-1289382645;true;0.003836993245889462;0;1;;"test0";13955;16190465
246;1707739748;true;0.0038911866789573908;0;1;;"test0";14247;16190465
246;845590617;true;0.0038916454000423113;0;1;;"test0";13213;16190465
246;2015018301;true;0.003927588419639854;0;1;;"test0";7376;16190465
246;-977327213;true;0.003927588419639854;0;1;;"test0";8338;16190465
246;1771951707;true;0.003927588419639854;0;1;;"test0";12118;16190465
246;459503730;true;0.003927588419639854;0;1;;"test0";9067;16190465
246;2015018301;true;0.003927588419639854;0;1;;"test0";9078;16190465
246;-300501715;true;0.003942671834703296;0;1;;"test0";15152;16190465
246;1991345632;true;0.003942671834703296;0;1;;"test0";13267;16190465
246;510145958;true;0.003973597077489206;0;1;;"test0";12749;16190465
246;-710964298;true;0.003988394510529679;0;1;;"test0";12553;16190465
246;1470230143;true;0.003988394510529679;0;1;;"test0";10974;16190465
246;213078597;true;0.0039896231714483;0;1;;"test0";12463;16190465
246;-755756756;true;0.0039896231714483;0;1;;"test0";12107;16190465
246;-1000339970;true;0.00400334985946821;0;1;;"test0";13930;16190465
246;562518873;true;0.00400334985946821;0;1;;"test0";1;16190465
246;-388895776;true;0.00400334985946821;0;1;;"test0";1;16190465
247;1600702430;false;-1;0;1;;"test0";NaN;16280114
247;-1028545024;false;-1;0;1;;"test0";NaN;16280114
247;1832267970;true;0.002574370709382151;0;1;;"test0";12829;16280114
247;-968831617;true;0.0028643572950366922;0;1;;"test0";13256;16280114
247;592151984;true;0.0034431010373942666;0;1;;"test0";12423;16280114
247;-133119022;true;0.0035379141993584903;0;1;;"test0";11179;16280114
247;1097054946;true;0.0035744815684907367;0;1;;"test0";13018;16280114
247;-1884553026;true;0.0035744815684907367;0;1;;"test0";14018;16280114
247;400375990;true;0.0035994427202612617;0;1;;"test0";14685;16280114
247;711542783;true;0.0035994427202612617;0;1;;"test0";11626;16280114
247;1124730655;true;0.0035994427202612617;0;1;;"test0";8717;16280114
247;701831628;true;0.0036213558313454805;0;1;;"test0";13144;16280114
247;77214903;true;0.0036311059375055592;0;1;;"test0";13189;16280114
247;320040740;true;0.0036630364378630255;0;1;;"test0";13360;16280114
247;524577898;true;0.0036630364378630255;0;1;;"test0";9518;16280114
247;-1924030794;true;0.0036682391831417247;0;1;;"test0";11246;16280114
247;-2004090339;true;0.0036682391831417247;0;1;;"test0";11568;16280114
247;-368684781;true;0.003755841769688963;0;1;;"test0";7876;16280114
247;1345730756;true;0.003755841769688963;0;1;;"test0";9578;16280114
247;-2093104368;true;0.003796113882157877;0;1;;"test0";12302;16280114
247;1361137445;true;0.0038091741485492808;0;1;;"test0";14825;16280114
247;581624642;true;0.0038091741485492808;0;1;;"test0";9875;16280114
247;390057150;true;0.0038091741485492808;0;1;;"test0";14401;16280114
247;1519018409;true;0.0038091741485492808;0;1;;"test0";10276;16280114
247;624604242;true;0.0038092274555293227;0;1;;"test0";12290;16280114
247;-487729582;true;0.0038092274555293227;0;1;;"test0";14543;16280114
247;-487729582;true;0.0038092274555293227;0;1;;"test0";11414;16280114
247;-16275592;true;0.0038092274555293227;0;1;;"test0";10457;16280114
247;1295617285;true;0.003819383133947714;0;1;;"test0";10803;16280114
247;1704044694;true;0.0038260548977213063;0;1;;"test0";9231;16280114
247;1573480316;true;0.0038870282335081445;0;1;;"test0";10568;16280114
247;1650106542;true;0.0038916454000423113;0;1;;"test0";11838;16280114
247;-87684381;true;0.0038916454000423113;0;1;;"test0";12310;16280114
247;-815270173;true;0.003927588419639854;0;1;;"test0";7318;16280114
247;459503730;true;0.003927588419639854;0;1;;"test0";6848;16280114
247;-51212320;true;0.003942671834703296;0;1;;"test0";10955;16280114
247;2116024766;true;0.003942671834703296;0;1;;"test0";9610;16280114
247;110116315;true;0.003973597077489206;0;1;;"test0";11095;16280114
247;-294361042;true;0.003973597077489206;0;1;;"test0";14236;16280114
247;-713155121;true;0.003988394510529679;0;1;;"test0";7958;16280114
247;1930896631;true;0.003988394510529679;0;1;;"test0";11890;16280114
247;597147713;true;0.003988394510529679;0;1;;"test0";7456;16280114
247;1654338268;true;0.003988394510529679;0;1;;"test0";11589;16280114
247;1262061676;true;0.003988394510529679;0;1;;"test0";12770;16280114
247;620814596;true;0.0039896231714483;0;1;;"test0";12222;16280114
247;213078597;true;0.0039896231714483;0;1;;"test0";10767;16280114
247;-1453504926;true;0.0039896231714483;0;1;;"test0";13274;16280114
247;-593133698;true;0.00400334985946821;0;1;;"test0";11919;16280114
247;-388895776;true;0.00400334985946821;0;1;;"test0";2;16280114
247;562518873;true;0.00400334985946821;0;1;;"test0";2;16280114
248;2004151390;false;-1;0;1;;"test0";NaN;16358576
248;1075653954;true;0.0035379141993584903;0;1;;"test0";8287;16358576
248;1822110749;true;0.0035379141993584903;0;1;;"test0";9462;16358576
248;-1542914136;true;0.00358129977030537;0;1;;"test0";11189;16358576
248;-1453427017;true;0.0035994427202612617;0;1;;"test0";10137;16358576
248;1313382071;true;0.0035994427202612617;0;1;;"test0";9160;16358576
248;-2109820553;true;0.0035994427202612617;0;1;;"test0";11185;16358576
248;-970202160;true;0.0036213558313454805;0;1;;"test0";8537;16358576
248;701831628;true;0.0036213558313454805;0;1;;"test0";11017;16358576
248;-171987469;true;0.0036213558313454805;0;1;;"test0";10977;16358576
248;701831628;true;0.0036213558313454805;0;1;;"test0";8792;16358576
248;-832829973;true;0.0036233251077269902;0;1;;"test0";10348;16358576
248;1443042612;true;0.0036311059375055592;0;1;;"test0";12369;16358576
248;-1230541349;true;0.0036311059375055592;0;1;;"test0";9020;16358576
248;77214903;true;0.0036311059375055592;0;1;;"test0";11162;16358576
248;-744440778;true;0.003633499114398408;0;1;;"test0";12491;16358576
248;1387099140;true;0.0036630364378630255;0;1;;"test0";7801;16358576
248;-963686293;true;0.0036630364378630255;0;1;;"test0";10641;16358576
248;1570721313;true;0.0036630364378630255;0;1;;"test0";9729;16358576
248;524577898;true;0.0036630364378630255;0;1;;"test0";10083;16358576
248;-321746708;true;0.003796113882157877;0;1;;"test0";10549;16358576
248;-2093104368;true;0.003796113882157877;0;1;;"test0";10492;16358576
248;1449301173;true;0.003796113882157877;0;1;;"test0";10648;16358576
248;-2093104368;true;0.003796113882157877;0;1;;"test0";10614;16358576
248;-882033158;true;0.0038091741485492808;0;1;;"test0";10563;16358576
248;1361137445;true;0.0038091741485492808;0;1;;"test0";10982;16358576
248;390057150;true;0.0038091741485492808;0;1;;"test0";10953;16358576
248;2013488857;true;0.0038091741485492808;0;1;;"test0";12268;16358576
248;-16275592;true;0.0038092274555293227;0;1;;"test0";8583;16358576
248;1266301909;true;0.0038092274555293227;0;1;;"test0";10584;16358576
248;1634092693;true;0.0038260548977213063;0;1;;"test0";8579;16358576
248;900972227;true;0.0038260548977213063;0;1;;"test0";8806;16358576
248;2139671056;true;0.0038870282335081445;0;1;;"test0";10237;16358576
248;1573480316;true;0.0038870282335081445;0;1;;"test0";9000;16358576
248;1573480316;true;0.0038870282335081445;0;1;;"test0";9743;16358576
248;955582070;true;0.0038870282335081445;0;1;;"test0";10101;16358576
248;805844230;true;0.0038916454000423113;0;1;;"test0";8801;16358576
248;1650106542;true;0.0038916454000423113;0;1;;"test0";10239;16358576
248;1650106542;true;0.0038916454000423113;0;1;;"test0";12245;16358576
248;620510511;true;0.003927588419639854;0;1;;"test0";12246;16358576
248;-1046889843;true;0.003988394510529679;0;1;;"test0";10303;16358576
248;597147713;true;0.003988394510529679;0;1;;"test0";10743;16358576
248;1262061676;true;0.003988394510529679;0;1;;"test0";10241;16358576
248;-1426230598;true;0.003988394510529679;0;1;;"test0";10903;16358576
248;-723867002;true;0.00400334985946821;0;1;;"test0";10912;16358576
248;-388895776;true;0.00400334985946821;0;1;;"test0";10770;16358576
248;-593133698;true;0.00400334985946821;0;1;;"test0";9670;16358576
248;562518873;true;0.00400334985946821;0;1;;"test0";11394;16358576
249;1006618315;true;0.0028643572950366922;0;1;;"test0";11856;16427387
249;1459098297;true;0.003003432494279176;0;1;;"test0";10494;16427387
249;1482284561;true;0.0035812372958165693;0;1;;"test0";12163;16427387
249;-1125777913;true;0.00358129977030537;0;1;;"test0";10797;16427387
249;-1542914136;true;0.00358129977030537;0;1;;"test0";10315;16427387
249;-991949564;true;0.003584885267336272;0;1;;"test0";12279;16427387
249;-635842150;true;0.0035937871969330074;0;1;;"test0";10980;16427387
249;1633548657;true;0.0035968165749268245;0;1;;"test0";10839;16427387
249;1245490727;true;0.0035994427202612617;0;1;;"test0";11530;16427387
249;-205656453;true;0.0035994427202612617;0;1;;"test0";11744;16427387
249;-751669179;true;0.0035994427202612617;0;1;;"test0";8600;16427387
249;-2100694482;true;0.003633499114398408;0;1;;"test0";8691;16427387
249;524577898;true;0.0036630364378630255;0;1;;"test0";9023;16427387
249;396924657;true;0.0036630364378630255;0;1;;"test0";11163;16427387
249;-95084649;true;0.0036630364378630255;0;1;;"test0";10126;16427387
249;1387099140;true;0.0036630364378630255;0;1;;"test0";8847;16427387
249;118042413;true;0.0036682391831417247;0;1;;"test0";9137;16427387
249;179477617;true;0.0036682391831417247;0;1;;"test0";11044;16427387
249;-2093104368;true;0.003796113882157877;0;1;;"test0";12389;16427387
249;-2093104368;true;0.003796113882157877;0;1;;"test0";11593;16427387
249;1356857264;true;0.003796113882157877;0;1;;"test0";7694;16427387
249;-2093104368;true;0.003796113882157877;0;1;;"test0";10711;16427387
249;-999756119;true;0.0038091741485492808;0;1;;"test0";10175;16427387
249;-882033158;true;0.0038091741485492808;0;1;;"test0";10468;16427387
249;390057150;true;0.0038091741485492808;0;1;;"test0";10391;16427387
249;-866196318;true;0.0038092274555293227;0;1;;"test0";9046;16427387
249;1266301909;true;0.0038092274555293227;0;1;;"test0";11471;16427387
249;-1220634291;true;0.0038092274555293227;0;1;;"test0";6043;16427387
249;653698969;true;0.0038092274555293227;0;1;;"test0";10555;16427387
249;1813197051;true;0.0038092274555293227;0;1;;"test0";9645;16427387
249;1266301909;true;0.0038092274555293227;0;1;;"test0";8844;16427387
249;-1928089865;true;0.0038260548977213063;0;1;;"test0";10917;16427387
249;900972227;true;0.0038260548977213063;0;1;;"test0";11510;16427387
249;-1423479046;true;0.0038260548977213063;0;1;;"test0";11788;16427387
249;-262316108;true;0.00382617960482429;0;1;;"test0";10977;16427387
249;-927336352;true;0.003886592346508793;0;1;;"test0";13067;16427387
249;-1221851882;true;0.0038870282335081445;0;1;;"test0";10178;16427387
249;1573480316;true;0.0038870282335081445;0;1;;"test0";10789;16427387
249;-701318520;true;0.0038870282335081445;0;1;;"test0";9689;16427387
249;319211029;true;0.0038911866789573908;0;1;;"test0";10806;16427387
249;1650106542;true;0.0038916454000423113;0;1;;"test0";9233;16427387
249;273946854;true;0.0038916454000423113;0;1;;"test0";12013;16427387
249;-2145378681;true;0.0038916454000423113;0;1;;"test0";10143;16427387
249;-1668385752;true;0.003976110182310492;0;1;;"test0";9657;16427387
249;1262061676;true;0.003988394510529679;0;1;;"test0";11179;16427387
249;1848015219;true;0.003988394510529679;0;1;;"test0";9053;16427387
249;1255519789;true;0.00400334985946821;0;1;;"test0";11304;16427387
249;562518873;true;0.00400334985946821;0;1;;"test0";0;16427387
249;-388895776;true;0.00400334985946821;0;1;;"test0";9848;16427387
249;-593133698;true;0.00400334985946821;0;1;;"test0";1;16427387
250;-1221851882;false;-1;0;1;;"test0";NaN;16499990
250;1134097313;false;-1;0;1;;"test0";NaN;16499990
250;-474685011;true;0.002864440648467464;0;1;;"test0";8354;16499990
250;224601762;true;0.0034523666030999104;0;1;;"test0";8700;16499990
250;947423951;true;0.0035744815684907367;0;1;;"test0";10765;16499990
250;-635842150;true;0.0035937871969330074;0;1;;"test0";8349;16499990
250;1440033604;true;0.0035968165749268245;0;1;;"test0";8021;16499990
250;577842679;true;0.0035985044919713376;0;1;;"test0";8000;16499990
250;-962178104;true;0.0035994427202612617;0;1;;"test0";13264;16499990
250;291099163;true;0.0035994427202612617;0;1;;"test0";10299;16499990
250;122577910;true;0.0035994427202612617;0;1;;"test0";10403;16499990
250;118042413;true;0.0036682391831417247;0;1;;"test0";10712;16499990
250;118042413;true;0.0036682391831417247;0;1;;"test0";9124;16499990
250;699267249;true;0.0036682391831417247;0;1;;"test0";10585;16499990
250;-1883889356;true;0.003796113882157877;0;1;;"test0";12692;16499990
250;1889254469;true;0.003796113882157877;0;1;;"test0";10276;16499990
250;991512989;true;0.0038260548977213063;0;1;;"test0";8836;16499990
250;-482363716;true;0.0038260548977213063;0;1;;"test0";10169;16499990
250;1773843254;true;0.0038260548977213063;0;1;;"test0";7819;16499990
250;2015416944;true;0.0038260548977213063;0;1;;"test0";7450;16499990
250;-1672763895;true;0.00382617960482429;0;1;;"test0";8393;16499990
250;-1690521879;true;0.00382617960482429;0;1;;"test0";10258;16499990
250;-354583886;true;0.00382617960482429;0;1;;"test0";10980;16499990
250;116357093;true;0.00382617960482429;0;1;;"test0";9173;16499990
250;-1903210360;true;0.00382617960482429;0;1;;"test0";8346;16499990
250;273722808;true;0.0038491986494802104;0;1;;"test0";10713;16499990
250;788469180;true;0.003886592346508793;0;1;;"test0";10996;16499990
250;-927336352;true;0.003886592346508793;0;1;;"test0";9944;16499990
250;715165441;true;0.003886592346508793;0;1;;"test0";11463;16499990
250;-945413847;true;0.0038870282335081445;0;1;;"test0";7962;16499990
250;1172686772;true;0.0038870282335081445;0;1;;"test0";11233;16499990
250;-1221851882;true;0.0038870282335081445;0;1;;"test0";9538;16499990
250;319211029;true;0.0038911866789573908;0;1;;"test0";9361;16499990
250;-294806148;true;0.0038911866789573908;0;1;;"test0";8599;16499990
250;-2088599182;true;0.0038916454000423113;0;1;;"test0";9593;16499990
250;6971805;true;0.0038916454000423113;0;1;;"test0";9546;16499990
250;-69829531;true;0.003976110182310492;0;1;;"test0";12872;16499990
250;1262061676;true;0.003988394510529679;0;1;;"test0";8369;16499990
250;-1486689833;true;0.003988394510529679;0;1;;"test0";8439;16499990
250;1129952268;true;0.003988394510529679;0;1;;"test0";8472;16499990
250;480384864;true;0.003988394510529679;0;1;;"test0";7099;16499990
250;-519277351;true;0.003988394510529679;0;1;;"test0";10482;16499990
250;-1821620934;true;0.00400212704991644;0;1;;"test0";8646;16499990
250;562518873;true;0.00400334985946821;0;1;;"test0";13133;16499990
250;791875093;true;0.00400334985946821;0;1;;"test0";8553;16499990
250;-1595371253;true;0.00400334985946821;0;1;;"test0";13001;16499990
250;1832412543;true;0.00400334985946821;0;1;;"test0";9342;16499990
250;-593133698;true;0.00400334985946821;0;1;;"test0";4;16499990
250;1734865641;true;0.00400334985946821;0;1;;"test0";7338;16499990
250;-388895776;true;0.00400334985946821;0;1;;"test0";1;16499990
251;-1199540495;false;-1;0;1;;"test0";NaN;16586824
251;-164197574;true;0.002864527599888053;0;1;;"test0";15307;16586824
251;795527767;true;0.002942137953579601;0;1;;"test0";11091;16586824
251;653757843;true;0.003003432494279176;0;1;;"test0";15301;16586824
251;-229721272;true;0.0034523666030999104;0;1;;"test0";12586;16586824
251;-503326422;true;0.0034523666030999104;0;1;;"test0";12373;16586824
251;-412165396;true;0.0035609480042794795;0;1;;"test0";9841;16586824
251;-1097347251;true;0.0035755917551991054;0;1;;"test0";12629;16586824
251;883647888;true;0.0035854007793519123;0;1;;"test0";10689;16586824
251;-635842150;true;0.0035937871969330074;0;1;;"test0";12263;16586824
251;-635842150;true;0.0035937871969330074;0;1;;"test0";10272;16586824
251;1440033604;true;0.0035968165749268245;0;1;;"test0";12274;16586824
251;-919674884;true;0.0035968165749268245;0;1;;"test0";12271;16586824
251;577842679;true;0.0035985044919713376;0;1;;"test0";13149;16586824
251;-32766824;true;0.0035994427202612617;0;1;;"test0";12722;16586824
251;118042413;true;0.0036682391831417247;0;1;;"test0";12083;16586824
251;2078468112;true;0.0036682391831417247;0;1;;"test0";12140;16586824
251;-923003283;true;0.003796113882157877;0;1;;"test0";15407;16586824
251;692158534;true;0.003796113882157877;0;1;;"test0";15251;16586824
251;-945277435;true;0.0038091741485492808;0;1;;"test0";12760;16586824
251;38470962;true;0.0038092274555293227;0;1;;"test0";10191;16586824
251;-700068994;true;0.0038491986494802104;0;1;;"test0";12340;16586824
251;258950843;true;0.0038491986494802104;0;1;;"test0";11616;16586824
251;191349974;true;0.0038491986494802104;0;1;;"test0";11981;16586824
251;273722808;true;0.0038491986494802104;0;1;;"test0";12990;16586824
251;-681902927;true;0.0038491986494802104;0;1;;"test0";12411;16586824
251;213084361;true;0.0038491986494802104;0;1;;"test0";10311;16586824
251;715165441;true;0.003886592346508793;0;1;;"test0";10942;16586824
251;220050395;true;0.003886592346508793;0;1;;"test0";10343;16586824
251;-927336352;true;0.003886592346508793;0;1;;"test0";12566;16586824
251;715165441;true;0.003886592346508793;0;1;;"test0";12154;16586824
251;-337106492;true;0.003886592346508793;0;1;;"test0";15313;16586824
251;-851344889;true;0.0038911866789573908;0;1;;"test0";14763;16586824
251;-1379522580;true;0.0038911866789573908;0;1;;"test0";12963;16586824
251;-768752862;true;0.003988394510529679;0;1;;"test0";10177;16586824
251;1113726781;true;0.003988394510529679;0;1;;"test0";9486;16586824
251;670968599;true;0.00400212704991644;0;1;;"test0";12139;16586824
251;970594272;true;0.00400212704991644;0;1;;"test0";9456;16586824
251;-1821620934;true;0.00400212704991644;0;1;;"test0";13943;16586824
251;1070847131;true;0.00400212704991644;0;1;;"test0";12624;16586824
251;493608052;true;0.00400212704991644;0;1;;"test0";12171;16586824
251;-1821620934;true;0.00400212704991644;0;1;;"test0";10195;16586824
251;-388895776;true;0.00400334985946821;0;1;;"test0";1;16586824
251;-725109030;true;0.00400334985946821;0;1;;"test0";13881;16586824
251;-1598526182;true;0.00400334985946821;0;1;;"test0";12360;16586824
251;1734865641;true;0.00400334985946821;0;1;;"test0";2;16586824
251;-1968815949;true;0.00400334985946821;0;1;;"test0";13907;16586824
251;-1019318780;true;0.00400334985946821;0;1;;"test0";15556;16586824
251;-2075357787;true;0.00400334985946821;0;1;;"test0";15073;16586824
251;1260208155;true;0.00400334985946821;0;1;;"test0";11064;16586824
252;-851344889;false;-1;0;1;;"test0";NaN;16675634
252;-952827019;true;0.002002288329519451;0;1;;"test0";11469;16675634
252;-1081480548;true;0.0028643572950366922;0;1;;"test0";5951;16675634
252;-11156224;true;0.0028643572950366922;0;1;;"test0";10681;16675634
252;1385840098;true;0.002942137953579601;0;1;;"test0";9535;16675634
252;653757843;true;0.003003432494279176;0;1;;"test0";12581;16675634
252;1884553346;true;0.003003432494279176;0;1;;"test0";12044;16675634
252;1833569484;true;0.003003432494279176;0;1;;"test0";12872;16675634
252;123802951;true;0.0034523666030999104;0;1;;"test0";12287;16675634
252;-412165396;true;0.0035609480042794795;0;1;;"test0";11541;16675634
252;-1397489849;true;0.0035609480042794795;0;1;;"test0";10440;16675634
252;81813915;true;0.0035609480042794795;0;1;;"test0";10631;16675634
252;-7133906;true;0.003575361280314737;0;1;;"test0";12700;16675634
252;-838863504;true;0.0035755917551991054;0;1;;"test0";8812;16675634
252;-1097347251;true;0.0035755917551991054;0;1;;"test0";11314;16675634
252;11465008;true;0.0035937871969330074;0;1;;"test0";10363;16675634
252;-635842150;true;0.0035937871969330074;0;1;;"test0";11161;16675634
252;-1467063138;true;0.0035968165749268245;0;1;;"test0";12299;16675634
252;392885564;true;0.0035968165749268245;0;1;;"test0";12249;16675634
252;-1703452650;true;0.0035968165749268245;0;1;;"test0";11541;16675634
252;397271305;true;0.0035994427202612617;0;1;;"test0";10386;16675634
252;-515572469;true;0.0035994427202612617;0;1;;"test0";14109;16675634
252;-32766824;true;0.0035994427202612617;0;1;;"test0";12736;16675634
252;-534632208;true;0.0036682391831417247;0;1;;"test0";7892;16675634
252;1111173584;true;0.0036682391831417247;0;1;;"test0";9379;16675634
252;309805204;true;0.0036682391831417247;0;1;;"test0";7812;16675634
252;-1244867973;true;0.0036682391831417247;0;1;;"test0";11466;16675634
252;692158534;true;0.003796113882157877;0;1;;"test0";13093;16675634
252;1146344662;true;0.003796113882157877;0;1;;"test0";12952;16675634
252;-97145082;true;0.0038091741485492808;0;1;;"test0";10346;16675634
252;-1553885428;true;0.0038091741485492808;0;1;;"test0";11655;16675634
252;1680520117;true;0.0038091741485492808;0;1;;"test0";13021;16675634
252;-43866630;true;0.0038260548977213063;0;1;;"test0";12246;16675634
252;-700068994;true;0.0038491986494802104;0;1;;"test0";12165;16675634
252;-700068994;true;0.0038491986494802104;0;1;;"test0";13832;16675634
252;1072444574;true;0.003852280883435768;0;1;;"test0";12857;16675634
252;220050395;true;0.003886592346508793;0;1;;"test0";14121;16675634
252;220050395;true;0.003886592346508793;0;1;;"test0";13968;16675634
252;870847272;true;0.003886592346508793;0;1;;"test0";14703;16675634
252;-337106492;true;0.003886592346508793;0;1;;"test0";14847;16675634
252;2000795421;true;0.0038911866789573908;0;1;;"test0";10769;16675634
252;689454906;true;0.0038911866789573908;0;1;;"test0";12826;16675634
252;445082187;true;0.00400212704991644;0;1;;"test0";13695;16675634
252;-504027393;true;0.00400212704991644;0;1;;"test0";11587;16675634
252;-1821620934;true;0.00400212704991644;0;1;;"test0";14840;16675634
252;-647771911;true;0.00400212704991644;0;1;;"test0";14986;16675634
252;-2075357787;true;0.00400334985946821;0;1;;"test0";2;16675634
252;-825253724;true;0.00400334985946821;0;1;;"test0";12518;16675634
252;-2001977204;true;0.00400334985946821;0;1;;"test0";12862;16675634
252;1260208155;true;0.00400334985946821;0;1;;"test0";1;16675634
253;-163192448;true;0.003003432494279176;0;1;;"test0";15256;16759762
253;1978327767;true;0.003003432494279176;0;1;;"test0";15421;16759762
253;-587932188;true;0.003584935865441528;0;1;;"test0";12362;16759762
253;1580045185;true;0.0035968165749268245;0;1;;"test0";11183;16759762
253;-1931558843;true;0.0035968165749268245;0;1;;"test0";11622;16759762
253;-1828133125;true;0.0035968267186548704;0;1;;"test0";14052;16759762
253;1429491693;true;0.0035994427202612617;0;1;;"test0";14758;16759762
253;625956778;true;0.0035994427202612617;0;1;;"test0";12533;16759762
253;858379248;true;0.0035994427202612617;0;1;;"test0";13539;16759762
253;-422825002;true;0.0035994427202612617;0;1;;"test0";14112;16759762
253;-1606517401;true;0.0035994427202612617;0;1;;"test0";12603;16759762
253;-1004876081;true;0.0035994427202612617;0;1;;"test0";9471;16759762
253;-68834691;true;0.0036502540162742475;0;1;;"test0";10133;16759762
253;309805204;true;0.0036682391831417247;0;1;;"test0";9402;16759762
253;-1311323487;true;0.0036682391831417247;0;1;;"test0";14138;16759762
253;-1453573004;true;0.003796113882157877;0;1;;"test0";11598;16759762
253;122440463;true;0.003796113882157877;0;1;;"test0";12383;16759762
253;-1964551777;true;0.0038091741485492808;0;1;;"test0";12412;16759762
253;840791981;true;0.0038091741485492808;0;1;;"test0";14405;16759762
253;-1734081180;true;0.0038092274555293227;0;1;;"test0";12120;16759762
253;-43866630;true;0.0038260548977213063;0;1;;"test0";9428;16759762
253;-43866630;true;0.0038260548977213063;0;1;;"test0";12736;16759762
253;-43866630;true;0.0038260548977213063;0;1;;"test0";11005;16759762
253;-43866630;true;0.0038260548977213063;0;1;;"test0";9780;16759762
253;-966466617;true;0.0038489644548592872;0;1;;"test0";12676;16759762
253;-97711135;true;0.0038491986494802104;0;1;;"test0";14497;16759762
253;-754986860;true;0.0038491986494802104;0;1;;"test0";13009;16759762
253;-700068994;true;0.0038491986494802104;0;1;;"test0";12662;16759762
253;-128441430;true;0.003852280883435768;0;1;;"test0";12576;16759762
253;1072444574;true;0.003852280883435768;0;1;;"test0";14777;16759762
253;1072444574;true;0.003852280883435768;0;1;;"test0";14336;16759762
253;782487460;true;0.003886592346508793;0;1;;"test0";13991;16759762
253;-481782917;true;0.003886592346508793;0;1;;"test0";12817;16759762
253;83097353;true;0.003886592346508793;0;1;;"test0";12828;16759762
253;1362555183;true;0.003886592346508793;0;1;;"test0";11935;16759762
253;792290515;true;0.003886592346508793;0;1;;"test0";13401;16759762
253;483792437;true;0.0038870282335081445;0;1;;"test0";14502;16759762
253;-1359564694;true;0.0038870282335081445;0;1;;"test0";14622;16759762
253;369645263;true;0.003988394510529679;0;1;;"test0";13540;16759762
253;94296993;true;0.00400212704991644;0;1;;"test0";12057;16759762
253;445082187;true;0.00400212704991644;0;1;;"test0";12839;16759762
253;-2001977204;true;0.00400334985946821;0;1;;"test0";2;16759762
253;-2022043237;true;0.00400334985946821;0;1;;"test0";12806;16759762
253;1198891831;true;0.00400334985946821;0;1;;"test0";12605;16759762
253;36970592;true;0.00400334985946821;0;1;;"test0";13086;16759762
253;-2075357787;true;0.00400334985946821;0;1;;"test0";14445;16759762
253;-2075357787;true;0.00400334985946821;0;1;;"test0";12554;16759762
253;1260208155;true;0.00400334985946821;0;1;;"test0";1;16759762
253;-1154832043;true;0.00400334985946821;0;1;;"test0";12361;16759762
253;55756684;true;0.00400334985946821;0;1;;"test0";13794;16759762
254;1116401855;true;0.0028643572950366922;0;1;;"test0";13421;16846536
254;-2120053334;true;0.0028643572950366922;0;1;;"test0";14297;16846536
254;-1789796583;true;0.003003432494279176;0;1;;"test0";12447;16846536
254;346585299;true;0.003003432494279176;0;1;;"test0";11480;16846536
254;914049402;true;0.0035968165749268245;0;1;;"test0";13568;16846536
254;-270867782;true;0.0035994427202612617;0;1;;"test0";12225;16846536
254;-2024976195;true;0.0035994427202612617;0;1;;"test0";12773;16846536
254;-647585744;true;0.0035994427202612617;0;1;;"test0";11905;16846536
254;-422825002;true;0.0035994427202612617;0;1;;"test0";11033;16846536
254;-1347518889;true;0.0036502540162742475;0;1;;"test0";11990;16846536
254;-1140302272;true;0.0036502540162742475;0;1;;"test0";11531;16846536
254;1058180416;true;0.0036502540162742475;0;1;;"test0";11920;16846536
254;-1991114168;true;0.0036682391831417247;0;1;;"test0";11555;16846536
254;840791981;true;0.0038091741485492808;0;1;;"test0";13089;16846536
254;840791981;true;0.0038091741485492808;0;1;;"test0";11849;16846536
254;687842785;true;0.0038091741485492808;0;1;;"test0";13567;16846536
254;-126577341;true;0.0038092274555293227;0;1;;"test0";12036;16846536
254;-1902818165;true;0.0038092274555293227;0;1;;"test0";13842;16846536
254;-43866630;true;0.0038260548977213063;0;1;;"test0";12431;16846536
254;-43866630;true;0.0038260548977213063;0;1;;"test0";14736;16846536
254;1362136718;true;0.0038260548977213063;0;1;;"test0";14176;16846536
254;864512633;true;0.003844241914878045;0;1;;"test0";13904;16846536
254;-2121105155;true;0.0038489644548592872;0;1;;"test0";12753;16846536
254;-966466617;true;0.0038489644548592872;0;1;;"test0";12474;16846536
254;22666172;true;0.0038489644548592872;0;1;;"test0";14181;16846536
254;-966466617;true;0.0038489644548592872;0;1;;"test0";14883;16846536
254;-479923216;true;0.0038491986494802104;0;1;;"test0";12745;16846536
254;-700068994;true;0.0038491986494802104;0;1;;"test0";12713;16846536
254;-743037725;true;0.003852280883435768;0;1;;"test0";11035;16846536
254;1381756821;true;0.003886592346508793;0;1;;"test0";10216;16846536
254;782487460;true;0.003886592346508793;0;1;;"test0";10639;16846536
254;-318012361;true;0.003886592346508793;0;1;;"test0";14314;16846536
254;792290515;true;0.003886592346508793;0;1;;"test0";13623;16846536
254;1362555183;true;0.003886592346508793;0;1;;"test0";13676;16846536
254;-834627265;true;0.003886592346508793;0;1;;"test0";12866;16846536
254;966450786;true;0.003886592346508793;0;1;;"test0";14030;16846536
254;1624458793;true;0.0038870282335081445;0;1;;"test0";11910;16846536
254;926559966;true;0.0038870282335081445;0;1;;"test0";11058;16846536
254;-1294655781;true;0.0038870282335081445;0;1;;"test0";11929;16846536
254;-1359564694;true;0.0038870282335081445;0;1;;"test0";11508;16846536
254;-1359564694;true;0.0038870282335081445;0;1;;"test0";8686;16846536
254;-1957547650;true;0.003954353208278538;0;1;;"test0";11097;16846536
254;369645263;true;0.003988394510529679;0;1;;"test0";11955;16846536
254;369645263;true;0.003988394510529679;0;1;;"test0";13564;16846536
254;-223854880;true;0.003988394510529679;0;1;;"test0";12094;16846536
254;-1350220118;true;0.00400212704991644;0;1;;"test0";13687;16846536
254;1260208155;true;0.00400334985946821;0;1;;"test0";10817;16846536
254;-718270407;true;0.00400334985946821;0;1;;"test0";10963;16846536
254;-1154832043;true;0.00400334985946821;0;1;;"test0";2;16846536
254;55756684;true;0.00400334985946821;0;1;;"test0";2;16846536
255;333819218;true;0.0028643572950366922;0;1;;"test0";12828;16931530
255;810578503;true;0.0035756687985765484;0;1;;"test0";14129;16931530
255;-1728256044;true;0.0035968165749268245;0;1;;"test0";14740;16931530
255;81378130;true;0.0035968165749268245;0;1;;"test0";11735;16931530
255;-1859304426;true;0.0035994427202612617;0;1;;"test0";14434;16931530
255;-850801031;true;0.0035994427202612617;0;1;;"test0";13351;16931530
255;1551087573;true;0.0035994427202612617;0;1;;"test0";12595;16931530
255;-1991114168;true;0.0036682391831417247;0;1;;"test0";11917;16931530
255;-1991114168;true;0.0036682391831417247;0;1;;"test0";12292;16931530
255;1342375081;true;0.003796113882157877;0;1;;"test0";12227;16931530
255;1475662326;true;0.003796113882157877;0;1;;"test0";13365;16931530
255;840791981;true;0.0038091741485492808;0;1;;"test0";12988;16931530
255;655013206;true;0.0038091741485492808;0;1;;"test0";13644;16931530
255;-1902818165;true;0.0038092274555293227;0;1;;"test0";12966;16931530
255;-126577341;true;0.0038092274555293227;0;1;;"test0";15242;16931530
255;-126577341;true;0.0038092274555293227;0;1;;"test0";13945;16931530
255;1677676511;true;0.0038260548977213063;0;1;;"test0";10950;16931530
255;1102917306;true;0.0038260548977213063;0;1;;"test0";14301;16931530
255;1362136718;true;0.0038260548977213063;0;1;;"test0";8691;16931530
255;-1070874698;true;0.0038260548977213063;0;1;;"test0";12095;16931530
255;864512633;true;0.003844241914878045;0;1;;"test0";12259;16931530
255;-1230341043;true;0.003844241914878045;0;1;;"test0";12321;16931530
255;-1072220070;true;0.0038489644548592872;0;1;;"test0";13788;16931530
255;22666172;true;0.0038489644548592872;0;1;;"test0";10694;16931530
255;-1386391299;true;0.0038489644548592872;0;1;;"test0";14026;16931530
255;-197402259;true;0.0038489644548592872;0;1;;"test0";12985;16931530
255;-1110089736;true;0.0038489644548592872;0;1;;"test0";12962;16931530
255;-2121105155;true;0.0038489644548592872;0;1;;"test0";10725;16931530
255;-743037725;true;0.003852280883435768;0;1;;"test0";13651;16931530
255;1939425443;true;0.003876096134523445;0;1;;"test0";11089;16931530
255;1381756821;true;0.003886592346508793;0;1;;"test0";12977;16931530
255;-1294655781;true;0.0038870282335081445;0;1;;"test0";12213;16931530
255;-1387521241;true;0.0038870282335081445;0;1;;"test0";14564;16931530
255;224030712;true;0.003954353208278538;0;1;;"test0";14011;16931530
255;-569243104;true;0.003954353208278538;0;1;;"test0";13983;16931530
255;1097148250;true;0.003954353208278538;0;1;;"test0";13363;16931530
255;538165520;true;0.003988394510529679;0;1;;"test0";9912;16931530
255;846182604;true;0.0039896231714483;0;1;;"test0";12783;16931530
255;-1861079076;true;0.003993961084894316;0;1;;"test0";13106;16931530
255;-1350220118;true;0.00400212704991644;0;1;;"test0";13943;16931530
255;-949281686;true;0.00400212704991644;0;1;;"test0";14033;16931530
255;-1350220118;true;0.00400212704991644;0;1;;"test0";12230;16931530
255;-1154832043;true;0.00400334985946821;0;1;;"test0";12759;16931530
255;-1499559437;true;0.00400334985946821;0;1;;"test0";13039;16931530
255;55756684;true;0.00400334985946821;0;1;;"test0";12815;16931530
255;619383048;true;0.00400334985946821;0;1;;"test0";13849;16931530
255;-1154832043;true;0.00400334985946821;0;1;;"test0";10045;16931530
255;1109791042;true;0.00400334985946821;0;1;;"test0";13538;16931530
256;176472438;true;0.003003432494279176;0;1;;"test0";10286;17014395
256;170836237;true;0.003003432494279176;0;1;;"test0";11530;17014395
256;-1389809288;true;0.0034429079613395677;0;1;;"test0";13452;17014395
256;947618119;true;0.0035321361231686614;0;1;;"test0";10945;17014395
256;-499900979;true;0.003562826969718195;0;1;;"test0";10685;17014395
256;2125705892;true;0.0035756687985765484;0;1;;"test0";11160;17014395
256;56686716;true;0.0035764810348427197;0;1;;"test0";13035;17014395
256;952690602;true;0.0036682391831417247;0;1;;"test0";9907;17014395
256;20325998;true;0.0036682391831417247;0;1;;"test0";11999;17014395
256;541389496;true;0.0036682391831417247;0;1;;"test0";13078;17014395
256;1342375081;true;0.003796113882157877;0;1;;"test0";13062;17014395
256;1040231657;true;0.003796113882157877;0;1;;"test0";13316;17014395
256;1294058796;true;0.003796113882157877;0;1;;"test0";11837;17014395
256;1677676511;true;0.0038260548977213063;0;1;;"test0";11779;17014395
256;1034938900;true;0.00382617960482429;0;1;;"test0";12915;17014395
256;2122876971;true;0.003844241914878045;0;1;;"test0";11755;17014395
256;-1375388569;true;0.003844241914878045;0;1;;"test0";11776;17014395
256;40728414;true;0.003844241914878045;0;1;;"test0";9749;17014395
256;-197402259;true;0.0038489644548592872;0;1;;"test0";11371;17014395
256;1141011219;true;0.003876096134523445;0;1;;"test0";14971;17014395
256;-1047752074;true;0.003886592346508793;0;1;;"test0";12968;17014395
256;-44362735;true;0.003886592346508793;0;1;;"test0";12802;17014395
256;782791452;true;0.003886592346508793;0;1;;"test0";10934;17014395
256;-26865530;true;0.003886592346508793;0;1;;"test0";11010;17014395
256;-487569256;true;0.003886592346508793;0;1;;"test0";12466;17014395
256;1314623346;true;0.003886592346508793;0;1;;"test0";12557;17014395
256;586251116;true;0.0038870282335081445;0;1;;"test0";11945;17014395
256;-1387521241;true;0.0038870282335081445;0;1;;"test0";13494;17014395
256;-1294655781;true;0.0038870282335081445;0;1;;"test0";11947;17014395
256;2138477366;true;0.003954353208278538;0;1;;"test0";12253;17014395
256;-1330902611;true;0.003954353208278538;0;1;;"test0";9827;17014395
256;846182604;true;0.0039896231714483;0;1;;"test0";13601;17014395
256;846182604;true;0.0039896231714483;0;1;;"test0";12736;17014395
256;-1951903223;true;0.0039896231714483;0;1;;"test0";13529;17014395
256;-998597371;true;0.003993961084894316;0;1;;"test0";11042;17014395
256;-1172446673;true;0.003993961084894316;0;1;;"test0";15114;17014395
256;1174950664;true;0.003993961084894316;0;1;;"test0";11498;17014395
256;-1861079076;true;0.003993961084894316;0;1;;"test0";14825;17014395
256;778487481;true;0.003993961084894316;0;1;;"test0";12610;17014395
256;2106756621;true;0.00400212704991644;0;1;;"test0";11186;17014395
256;-1350220118;true;0.00400212704991644;0;1;;"test0";10778;17014395
256;-901552426;true;0.00400212704991644;0;1;;"test0";11790;17014395
256;-1697053735;true;0.00400212704991644;0;1;;"test0";11919;17014395
256;-1350220118;true;0.00400212704991644;0;1;;"test0";12801;17014395
256;-1396705239;true;0.00400212704991644;0;1;;"test0";13340;17014395
256;1905953339;true;0.00400212704991644;0;1;;"test0";10720;17014395
256;619383048;true;0.00400334985946821;0;1;;"test0";14134;17014395
256;1109791042;true;0.00400334985946821;0;1;;"test0";1;17014395
256;-1154832043;true;0.00400334985946821;0;1;;"test0";2;17014395
256;55756684;true;0.00400334985946821;0;1;;"test0";11412;17014395
257;1677676511;false;-1;0;1;;"test0";NaN;17101872
257;540685689;true;0.003003432494279176;0;1;;"test0";14198;17101872
257;-2126797292;true;0.003003432494279176;0;1;;"test0";13461;17101872
257;-1120048169;true;0.0034431010373942666;0;1;;"test0";14525;17101872
257;-1317522021;true;0.003446771860647585;0;1;;"test0";14605;17101872
257;-499900979;true;0.003562826969718195;0;1;;"test0";14147;17101872
257;-652599931;true;0.003562826969718195;0;1;;"test0";11425;17101872
257;-499900979;true;0.003562826969718195;0;1;;"test0";11341;17101872
257;602245774;true;0.00357484203686961;0;1;;"test0";11471;17101872
257;2125705892;true;0.0035756687985765484;0;1;;"test0";10795;17101872
257;1863585076;true;0.0035764810348427197;0;1;;"test0";13360;17101872
257;-1276512676;true;0.0035854007793519123;0;1;;"test0";10368;17101872
257;-865180553;true;0.0035994427202612617;0;1;;"test0";9969;17101872
257;-597119522;true;0.0035994427202612617;0;1;;"test0";11860;17101872
257;1898793414;true;0.0035994427202612617;0;1;;"test0";10727;17101872
257;-623879655;true;0.0036411778384075133;0;1;;"test0";12290;17101872
257;320754826;true;0.0036682391831417247;0;1;;"test0";11463;17101872
257;20325998;true;0.0036682391831417247;0;1;;"test0";12139;17101872
257;1607507667;true;0.0036682391831417247;0;1;;"test0";9791;17101872
257;-1776035267;true;0.0036682391831417247;0;1;;"test0";14677;17101872
257;-502582540;true;0.0036682391831417247;0;1;;"test0";9946;17101872
257;-1168360294;true;0.003796113882157877;0;1;;"test0";9363;17101872
257;-212489521;true;0.003796113882157877;0;1;;"test0";12272;17101872
257;1298155586;true;0.003796113882157877;0;1;;"test0";13823;17101872
257;1342375081;true;0.003796113882157877;0;1;;"test0";14499;17101872
257;-1130218781;true;0.0038260548977213063;0;1;;"test0";14523;17101872
257;1034938900;true;0.00382617960482429;0;1;;"test0";13386;17101872
257;1034938900;true;0.00382617960482429;0;1;;"test0";10796;17101872
257;-1375388569;true;0.003844241914878045;0;1;;"test0";14484;17101872
257;-273684999;true;0.003844241914878045;0;1;;"test0";14755;17101872
257;1141011219;true;0.003876096134523445;0;1;;"test0";12550;17101872
257;-896336250;true;0.003876096134523445;0;1;;"test0";13405;17101872
257;-1047752074;true;0.003886592346508793;0;1;;"test0";11054;17101872
257;-437603054;true;0.003886592346508793;0;1;;"test0";14682;17101872
257;-487569256;true;0.003886592346508793;0;1;;"test0";14910;17101872
257;-1047752074;true;0.003886592346508793;0;1;;"test0";11299;17101872
257;-260451513;true;0.003886592346508793;0;1;;"test0";12590;17101872
257;994825170;true;0.0038870282335081445;0;1;;"test0";13261;17101872
257;-1294655781;true;0.0038870282335081445;0;1;;"test0";11976;17101872
257;-1294655781;true;0.0038870282335081445;0;1;;"test0";11878;17101872
257;-1330902611;true;0.003954353208278538;0;1;;"test0";9896;17101872
257;-1421007713;true;0.003993961084894316;0;1;;"test0";13131;17101872
257;1174950664;true;0.003993961084894316;0;1;;"test0";13199;17101872
257;-1202185144;true;0.003993961084894316;0;1;;"test0";14827;17101872
257;-1172446673;true;0.003993961084894316;0;1;;"test0";13714;17101872
257;-728957273;true;0.003995236631116497;0;1;;"test0";12498;17101872
257;1109791042;true;0.00400334985946821;0;1;;"test0";9564;17101872
257;-1154832043;true;0.00400334985946821;0;1;;"test0";1;17101872
257;55756684;true;0.00400334985946821;0;1;;"test0";1;17101872
257;-1245482416;true;0.00400334985946821;0;1;;"test0";12913;17101872
258;926207487;true;0.003566791553805542;0;1;;"test0";14603;17186982
258;-1444568675;true;0.003566829652975918;0;1;;"test0";11775;17186982
258;-1440132219;true;0.00357484203686961;0;1;;"test0";13225;17186982
258;-1762686778;true;0.0035764810348427197;0;1;;"test0";11786;17186982
258;-1352480435;true;0.0035854007793519123;0;1;;"test0";11438;17186982
258;-1276512676;true;0.0035854007793519123;0;1;;"test0";11197;17186982
258;-865180553;true;0.0035994427202612617;0;1;;"test0";11355;17186982
258;-245783070;true;0.0035994427202612617;0;1;;"test0";14305;17186982
258;1898793414;true;0.0035994427202612617;0;1;;"test0";13682;17186982
258;-597119522;true;0.0035994427202612617;0;1;;"test0";14322;17186982
258;636336842;true;0.0035994427202612617;0;1;;"test0";12007;17186982
258;202331795;true;0.0035994427202612617;0;1;;"test0";15430;17186982
258;-865180553;true;0.0035994427202612617;0;1;;"test0";11500;17186982
258;-1515822582;true;0.0035994427202612617;0;1;;"test0";13886;17186982
258;1807406266;true;0.0035994427202612617;0;1;;"test0";13471;17186982
258;-502582540;true;0.0036682391831417247;0;1;;"test0";15281;17186982
258;2059972599;true;0.0036682391831417247;0;1;;"test0";13083;17186982
258;-2063579529;true;0.0036682391831417247;0;1;;"test0";15581;17186982
258;-1972838871;true;0.0036682391831417247;0;1;;"test0";14586;17186982
258;1607507667;true;0.0036682391831417247;0;1;;"test0";11870;17186982
258;1607507667;true;0.0036682391831417247;0;1;;"test0";12437;17186982
258;1342375081;true;0.003796113882157877;0;1;;"test0";12304;17186982
258;595383531;true;0.003796113882157877;0;1;;"test0";10899;17186982
258;-212489521;true;0.003796113882157877;0;1;;"test0";11629;17186982
258;1482905020;true;0.003796113882157877;0;1;;"test0";11810;17186982
258;-1130218781;true;0.0038260548977213063;0;1;;"test0";12848;17186982
258;-1130218781;true;0.0038260548977213063;0;1;;"test0";11948;17186982
258;385857476;true;0.00382617960482429;0;1;;"test0";10149;17186982
258;-2128487167;true;0.00382617960482429;0;1;;"test0";11895;17186982
258;-1375388569;true;0.003844241914878045;0;1;;"test0";11395;17186982
258;-528298078;true;0.003844241914878045;0;1;;"test0";12678;17186982
258;26105573;true;0.003886592346508793;0;1;;"test0";13250;17186982
258;-522384254;true;0.003886592346508793;0;1;;"test0";14291;17186982
258;-437603054;true;0.003886592346508793;0;1;;"test0";13218;17186982
258;70888517;true;0.003886592346508793;0;1;;"test0";11207;17186982
258;994825170;true;0.0038870282335081445;0;1;;"test0";10873;17186982
258;994825170;true;0.0038870282335081445;0;1;;"test0";15124;17186982
258;-322713495;true;0.0038870282335081445;0;1;;"test0";12820;17186982
258;994825170;true;0.0038870282335081445;0;1;;"test0";10313;17186982
258;1345479649;true;0.0038870282335081445;0;1;;"test0";11803;17186982
258;2128759612;true;0.003993961084894316;0;1;;"test0";11014;17186982
258;-1421007713;true;0.003993961084894316;0;1;;"test0";11245;17186982
258;-1452006949;true;0.003995236631116497;0;1;;"test0";13557;17186982
258;-995877438;true;0.003995236631116497;0;1;;"test0";12540;17186982
258;-1245482416;true;0.00400334985946821;0;1;;"test0";2;17186982
258;-1144043560;true;0.00400334985946821;0;1;;"test0";11314;17186982
258;55756684;true;0.00400334985946821;0;1;;"test0";1;17186982
258;-661088544;true;0.00400334985946821;0;1;;"test0";11047;17186982
258;1649105851;true;0.00400334985946821;0;1;;"test0";10695;17186982
258;820865246;true;0.00400334985946821;0;1;;"test0";10882;17186982
259;-510031009;true;0.003003432494279176;0;1;;"test0";15285;17275580
259;-1743774297;true;0.003003432494279176;0;1;;"test0";13095;17275580
259;-289793202;true;0.00357484203686961;0;1;;"test0";14363;17275580
259;430469621;true;0.003574923885877451;0;1;;"test0";10214;17275580
259;-543700169;true;0.0035764810348427197;0;1;;"test0";15267;17275580
259;1747382464;true;0.0035764810348427197;0;1;;"test0";14985;17275580
259;2030223226;true;0.0035994427202612617;0;1;;"test0";15251;17275580
259;202331795;true;0.0035994427202612617;0;1;;"test0";12034;17275580
259;-796215515;true;0.0035994427202612617;0;1;;"test0";14427;17275580
259;-597119522;true;0.0035994427202612617;0;1;;"test0";14732;17275580
259;964970959;true;0.0035994427202612617;0;1;;"test0";11835;17275580
259;-597119522;true;0.0035994427202612617;0;1;;"test0";11293;17275580
259;1317518719;true;0.0035994427202612617;0;1;;"test0";11959;17275580
259;-821662398;true;0.0035994427202612617;0;1;;"test0";10886;17275580
259;1163176775;true;0.0035994427202612617;0;1;;"test0";14195;17275580
259;1807406266;true;0.0035994427202612617;0;1;;"test0";13190;17275580
259;-1334247365;true;0.0036548090456856625;0;1;;"test0";13943;17275580
259;1088991566;true;0.0036682391831417247;0;1;;"test0";11334;17275580
259;-594916238;true;0.003796113882157877;0;1;;"test0";9528;17275580
259;-2047724320;true;0.0038172190710492556;0;1;;"test0";15633;17275580
259;2111044996;true;0.0038260548977213063;0;1;;"test0";12942;17275580
259;-1130218781;true;0.0038260548977213063;0;1;;"test0";14074;17275580
259;-1466138977;true;0.00382617960482429;0;1;;"test0";11956;17275580
259;-2128487167;true;0.00382617960482429;0;1;;"test0";14544;17275580
259;1656878580;true;0.00382617960482429;0;1;;"test0";12969;17275580
259;-528298078;true;0.003844241914878045;0;1;;"test0";14497;17275580
259;-528298078;true;0.003844241914878045;0;1;;"test0";14601;17275580
259;-1992819201;true;0.003844241914878045;0;1;;"test0";13357;17275580
259;-659281098;true;0.003852280883435768;0;1;;"test0";13717;17275580
259;-1891329545;true;0.003886592346508793;0;1;;"test0";16893;17275580
259;-522384254;true;0.003886592346508793;0;1;;"test0";16058;17275580
259;-1598924563;true;0.0038870282335081445;0;1;;"test0";13487;17275580
259;-322713495;true;0.0038870282335081445;0;1;;"test0";13922;17275580
259;1885008005;true;0.0038870282335081445;0;1;;"test0";15106;17275580
259;-314295459;true;0.003913303964229272;0;1;;"test0";12904;17275580
259;-577005448;true;0.003920312045366022;0;1;;"test0";15613;17275580
259;1668426153;true;0.003988394510529679;0;1;;"test0";7286;17275580
259;156614389;true;0.003993961084894316;0;1;;"test0";11475;17275580
259;-1421007713;true;0.003993961084894316;0;1;;"test0";13792;17275580
259;-537344902;true;0.003993961084894316;0;1;;"test0";6812;17275580
259;2128759612;true;0.003993961084894316;0;1;;"test0";10728;17275580
259;-995877438;true;0.003995236631116497;0;1;;"test0";14840;17275580
259;138865819;true;0.003995236631116497;0;1;;"test0";15126;17275580
259;-1677436269;true;0.00400334985946821;0;1;;"test0";12329;17275580
259;820865246;true;0.00400334985946821;0;1;;"test0";1;17275580
259;-1862621367;true;0.00400334985946821;0;1;;"test0";13620;17275580
259;1649105851;true;0.00400334985946821;0;1;;"test0";11276;17275580
259;-1245482416;true;0.00400334985946821;0;1;;"test0";13370;17275580
259;-1305150222;true;0.00400334985946821;0;1;;"test0";12628;17275580
260;-537344902;false;-1;0;1;;"test0";NaN;17363482
260;-21696165;true;0.002942137953579601;0;1;;"test0";11905;17363482
260;-1515014636;true;0.003003432494279176;0;1;;"test0";9964;17363482
260;-1931678366;true;0.003003432494279176;0;1;;"test0";10488;17363482
260;-933397689;true;0.003003432494279176;0;1;;"test0";15175;17363482
260;-1743774297;true;0.003003432494279176;0;1;;"test0";11526;17363482
260;1953801083;true;0.003003432494279176;0;1;;"test0";11041;17363482
260;-419217686;true;0.0035937871969330074;0;1;;"test0";15209;17363482
260;-145344040;true;0.0035994427202612617;0;1;;"test0";11611;17363482
260;-55091921;true;0.0035994427202612617;0;1;;"test0";11343;17363482
260;-1554726936;true;0.0036548090456856625;0;1;;"test0";14123;17363482
260;-1334247365;true;0.0036548090456856625;0;1;;"test0";13600;17363482
260;-1774705731;true;0.0036548090456856625;0;1;;"test0";13029;17363482
260;710920387;true;0.0036548090456856625;0;1;;"test0";12499;17363482
260;303337806;true;0.003708498959563113;0;1;;"test0";12147;17363482
260;-1638754041;true;0.003773092917013322;0;1;;"test0";11374;17363482
260;1669247824;true;0.0038172190710492556;0;1;;"test0";15036;17363482
260;-188598891;true;0.003821326684934337;0;1;;"test0";14981;17363482
260;-1130218781;true;0.0038260548977213063;0;1;;"test0";12649;17363482
260;884756925;true;0.0038260548977213063;0;1;;"test0";12267;17363482
260;2111044996;true;0.0038260548977213063;0;1;;"test0";13209;17363482
260;-2128487167;true;0.00382617960482429;0;1;;"test0";15014;17363482
260;-2128487167;true;0.00382617960482429;0;1;;"test0";12182;17363482
260;-1591375099;true;0.003839998390740045;0;1;;"test0";15084;17363482
260;-528298078;true;0.003844241914878045;0;1;;"test0";13116;17363482
260;-1992819201;true;0.003844241914878045;0;1;;"test0";12590;17363482
260;-528298078;true;0.003844241914878045;0;1;;"test0";12559;17363482
260;-528298078;true;0.003844241914878045;0;1;;"test0";13177;17363482
260;1709588900;true;0.0038520312413492007;0;1;;"test0";11909;17363482
260;269848553;true;0.003852280883435768;0;1;;"test0";14057;17363482
260;-659281098;true;0.003852280883435768;0;1;;"test0";15360;17363482
260;-522384254;true;0.003886592346508793;0;1;;"test0";11327;17363482
260;-1891329545;true;0.003886592346508793;0;1;;"test0";11992;17363482
260;908431466;true;0.003886592346508793;0;1;;"test0";10718;17363482
260;-522384254;true;0.003886592346508793;0;1;;"test0";12232;17363482
260;-547351193;true;0.003886592346508793;0;1;;"test0";12688;17363482
260;-1841312776;true;0.0038870282335081445;0;1;;"test0";11714;17363482
260;-552937143;true;0.0038870282335081445;0;1;;"test0";10615;17363482
260;-1421007713;true;0.003993961084894316;0;1;;"test0";10895;17363482
260;-1211171567;true;0.003993961084894316;0;1;;"test0";11759;17363482
260;-75663346;true;0.003995236631116497;0;1;;"test0";10065;17363482
260;-995877438;true;0.003995236631116497;0;1;;"test0";9786;17363482
260;1688806880;true;0.003995236631116497;0;1;;"test0";12613;17363482
260;-995877438;true;0.003995236631116497;0;1;;"test0";11875;17363482
260;-995877438;true;0.003995236631116497;0;1;;"test0";10539;17363482
260;-768515983;true;0.00400212704991644;0;1;;"test0";11901;17363482
260;-234736266;true;0.00400334985946821;0;1;;"test0";12154;17363482
260;1649105851;true;0.00400334985946821;0;1;;"test0";10491;17363482
260;-1245482416;true;0.00400334985946821;0;1;;"test0";3;17363482
260;-1305150222;true;0.00400334985946821;0;1;;"test0";1;17363482
261;1010451083;false;-1;0;1;;"test0";NaN;17455653
261;-1430210822;true;0.003003432494279176;0;1;;"test0";13877;17455653
261;773882939;true;0.003446452767525234;0;1;;"test0";13896;17455653
261;-882448352;true;0.003446758150040451;0;1;;"test0";12910;17455653
261;-1659797405;true;0.0035994427202612617;0;1;;"test0";13270;17455653
261;-1229493438;true;0.0036548090456856625;0;1;;"test0";13862;17455653
261;-1144952993;true;0.0036682391831417247;0;1;;"test0";14451;17455653
261;-1797636520;true;0.003708498959563113;0;1;;"test0";13808;17455653
261;151359866;true;0.003708498959563113;0;1;;"test0";13923;17455653
261;-1638754041;true;0.003773092917013322;0;1;;"test0";11697;17455653
261;-1598613460;true;0.003773092917013322;0;1;;"test0";11004;17455653
261;-1277484699;true;0.003796113882157877;0;1;;"test0";13879;17455653
261;-1708805711;true;0.0038260548977213063;0;1;;"test0";12669;17455653
261;1121040476;true;0.0038260548977213063;0;1;;"test0";12941;17455653
261;-1636561842;true;0.00382617960482429;0;1;;"test0";12825;17455653
261;-2128487167;true;0.00382617960482429;0;1;;"test0";13126;17455653
261;1634675695;true;0.00382617960482429;0;1;;"test0";12762;17455653
261;-1591375099;true;0.003839998390740045;0;1;;"test0";12064;17455653
261;-1992819201;true;0.003844241914878045;0;1;;"test0";12685;17455653
261;-1992819201;true;0.003844241914878045;0;1;;"test0";10838;17455653
261;1049914321;true;0.0038520312413492007;0;1;;"test0";15095;17455653
261;1554462549;true;0.0038520312413492007;0;1;;"test0";12789;17455653
261;1709588900;true;0.0038520312413492007;0;1;;"test0";13296;17455653
261;269848553;true;0.003852280883435768;0;1;;"test0";9916;17455653
261;-1619325118;true;0.003852280883435768;0;1;;"test0";12969;17455653
261;813738051;true;0.0038860564147036583;0;1;;"test0";11052;17455653
261;273366018;true;0.003886592346508793;0;1;;"test0";13807;17455653
261;-79683135;true;0.003886592346508793;0;1;;"test0";13762;17455653
261;1416616530;true;0.003886592346508793;0;1;;"test0";12960;17455653
261;-522384254;true;0.003886592346508793;0;1;;"test0";14653;17455653
261;904057421;true;0.0038870282335081445;0;1;;"test0";11410;17455653
261;1362998455;true;0.0038870282335081445;0;1;;"test0";12607;17455653
261;-1284507165;true;0.0038870282335081445;0;1;;"test0";13409;17455653
261;-1421007713;true;0.003993961084894316;0;1;;"test0";15081;17455653
261;-1861311900;true;0.003993961084894316;0;1;;"test0";11134;17455653
261;-473052247;true;0.003993961084894316;0;1;;"test0";14730;17455653
261;572281772;true;0.003993961084894316;0;1;;"test0";11609;17455653
261;-995877438;true;0.003995236631116497;0;1;;"test0";14491;17455653
261;-995877438;true;0.003995236631116497;0;1;;"test0";11882;17455653
261;-1267608283;true;0.003995236631116497;0;1;;"test0";10538;17455653
261;-378366039;true;0.00400212704991644;0;1;;"test0";11398;17455653
261;-1234929797;true;0.00400212704991644;0;1;;"test0";15078;17455653
261;-768515983;true;0.00400212704991644;0;1;;"test0";15065;17455653
261;-1655676999;true;0.00400212704991644;0;1;;"test0";13635;17455653
261;-835880067;true;0.00400212704991644;0;1;;"test0";12205;17455653
261;-1927854989;true;0.00400212704991644;0;1;;"test0";9426;17455653
261;-768515983;true;0.00400212704991644;0;1;;"test0";10734;17455653
261;-1117156344;true;0.00400212704991644;0;1;;"test0";14451;17455653
261;-1245482416;true;0.00400334985946821;0;1;;"test0";1;17455653
261;-1305150222;true;0.00400334985946821;0;1;;"test0";2;17455653
262;2075065530;true;0.002574370709382151;0;1;;"test0";12542;17541333
262;-1123485994;true;0.003003432494279176;0;1;;"test0";13373;17541333
262;-563093247;true;0.0034380715394090895;0;1;;"test0";12918;17541333
262;773882939;true;0.003446452767525234;0;1;;"test0";12609;17541333
262;-1060983242;true;0.003446758150040451;0;1;;"test0";13364;17541333
262;-251939929;true;0.0034468664069844395;0;1;;"test0";12437;17541333
262;1834084492;true;0.003575339652723946;0;1;;"test0";11444;17541333
262;1353935368;true;0.0035755917551991054;0;1;;"test0";12594;17541333
262;1620421121;true;0.0035756687985765484;0;1;;"test0";12322;17541333
262;-1176539942;true;0.0035994427202612617;0;1;;"test0";14298;17541333
262;-374015425;true;0.0035994427202612617;0;1;;"test0";8127;17541333
262;-2111302758;true;0.0035994427202612617;0;1;;"test0";11460;17541333
262;-1229493438;true;0.0036548090456856625;0;1;;"test0";13431;17541333
262;-1215563653;true;0.0036682391831417247;0;1;;"test0";13434;17541333
262;-1779440859;true;0.0036682391831417247;0;1;;"test0";13447;17541333
262;151359866;true;0.003708498959563113;0;1;;"test0";12727;17541333
262;-1433154341;true;0.003708498959563113;0;1;;"test0";15583;17541333
262;1790262225;true;0.003796113882157877;0;1;;"test0";13133;17541333
262;-8990345;true;0.0038431846549044457;0;1;;"test0";13015;17541333
262;-166010241;true;0.003844241914878045;0;1;;"test0";13876;17541333
262;-1992819201;true;0.003844241914878045;0;1;;"test0";14635;17541333
262;-715384894;true;0.0038520312413492007;0;1;;"test0";12679;17541333
262;1709588900;true;0.0038520312413492007;0;1;;"test0";12180;17541333
262;1049914321;true;0.0038520312413492007;0;1;;"test0";12800;17541333
262;1709588900;true;0.0038520312413492007;0;1;;"test0";12550;17541333
262;558544215;true;0.003852280883435768;0;1;;"test0";13601;17541333
262;1720952963;true;0.003852280883435768;0;1;;"test0";14008;17541333
262;269848553;true;0.003852280883435768;0;1;;"test0";10588;17541333
262;-285337237;true;0.003886592346508793;0;1;;"test0";12703;17541333
262;-522384254;true;0.003886592346508793;0;1;;"test0";10910;17541333
262;-372516268;true;0.0038870282335081445;0;1;;"test0";8290;17541333
262;-1859746871;true;0.0038870282335081445;0;1;;"test0";10409;17541333
262;-1536011076;true;0.0038870282335081445;0;1;;"test0";13008;17541333
262;336441281;true;0.0038870282335081445;0;1;;"test0";12697;17541333
262;-1474748589;true;0.0038870282335081445;0;1;;"test0";12585;17541333
262;-209422833;true;0.003990109227923039;0;1;;"test0";13012;17541333
262;-1280206944;true;0.003993961084894316;0;1;;"test0";13538;17541333
262;-1396742690;true;0.003993961084894316;0;1;;"test0";13417;17541333
262;-419513864;true;0.003995236631116497;0;1;;"test0";13035;17541333
262;-995877438;true;0.003995236631116497;0;1;;"test0";12574;17541333
262;866713783;true;0.003995236631116497;0;1;;"test0";12687;17541333
262;-872284080;true;0.003995236631116497;0;1;;"test0";11934;17541333
262;1590627636;true;0.003995236631116497;0;1;;"test0";15615;17541333
262;-574013763;true;0.003995236631116497;0;1;;"test0";12435;17541333
262;-1655676999;true;0.00400212704991644;0;1;;"test0";10833;17541333
262;-1927854989;true;0.00400212704991644;0;1;;"test0";13535;17541333
262;-1558901485;true;0.00400212704991644;0;1;;"test0";13122;17541333
262;-1245482416;true;0.00400334985946821;0;1;;"test0";1;17541333
262;-1305150222;true;0.00400334985946821;0;1;;"test0";1;17541333
262;-646335757;true;0.00400334985946821;0;1;;"test0";12565;17541333
263;-1655676999;false;-1;0;1;;"test0";NaN;17645149
263;1813708908;true;0.003003432494279176;0;1;;"test0";13928;17645149
263;-419286248;true;0.0034433184196455383;0;1;;"test0";9989;17645149
263;-980621836;true;0.003446452767525234;0;1;;"test0";13655;17645149
263;233628013;true;0.0034465086970184777;0;1;;"test0";12769;17645149
263;182383734;true;0.0035215107722845126;0;1;;"test0";11409;17645149
263;1660765535;true;0.003575339652723946;0;1;;"test0";15468;17645149
263;-467563285;true;0.003575339652723946;0;1;;"test0";15297;17645149
263;1353935368;true;0.0035755917551991054;0;1;;"test0";13361;17645149
263;2128227167;true;0.0035755917551991054;0;1;;"test0";13401;17645149
263;-989068689;true;0.0035755917551991054;0;1;;"test0";11708;17645149
263;-1512697353;true;0.0035994427202612617;0;1;;"test0";13705;17645149
263;-2111302758;true;0.0035994427202612617;0;1;;"test0";13136;17645149
263;201107275;true;0.0035994427202612617;0;1;;"test0";15065;17645149
263;-1921818641;true;0.0035994427202612617;0;1;;"test0";15680;17645149
263;1335044359;true;0.003621994123471464;0;1;;"test0";13041;17645149
263;2019079939;true;0.0037076718814775893;0;1;;"test0";14032;17645149
263;-152994058;true;0.003708498959563113;0;1;;"test0";13705;17645149
263;-1838754471;true;0.003796113882157877;0;1;;"test0";14601;17645149
263;-787441673;true;0.003796113882157877;0;1;;"test0";11839;17645149
263;406829501;true;0.003796113882157877;0;1;;"test0";9466;17645149
263;-2057297508;true;0.003796113882157877;0;1;;"test0";12786;17645149
263;-1440987164;true;0.0038203030929831326;0;1;;"test0";13482;17645149
263;852379157;true;0.0038431846549044457;0;1;;"test0";13503;17645149
263;333858955;true;0.0038431846549044457;0;1;;"test0";14853;17645149
263;-1992819201;true;0.003844241914878045;0;1;;"test0";14597;17645149
263;-1565121704;true;0.003852280883435768;0;1;;"test0";13439;17645149
263;97492091;true;0.003852280883435768;0;1;;"test0";14892;17645149
263;-285337237;true;0.003886592346508793;0;1;;"test0";15768;17645149
263;-1859746871;true;0.0038870282335081445;0;1;;"test0";15010;17645149
263;-1143358042;true;0.003889494001552823;0;1;;"test0";14681;17645149
263;195978108;true;0.0039896231714483;0;1;;"test0";13225;17645149
263;-1603284470;true;0.003993961084894316;0;1;;"test0";11507;17645149
263;-1396742690;true;0.003993961084894316;0;1;;"test0";14057;17645149
263;793348287;true;0.003993961084894316;0;1;;"test0";10495;17645149
263;-547642737;true;0.003995236631116497;0;1;;"test0";12904;17645149
263;-995877438;true;0.003995236631116497;0;1;;"test0";11345;17645149
263;-1229728075;true;0.003995236631116497;0;1;;"test0";11214;17645149
263;-155602674;true;0.00400212704991644;0;1;;"test0";14812;17645149
263;-1655676999;true;0.00400212704991644;0;1;;"test0";15054;17645149
263;1637276995;true;0.00400212704991644;0;1;;"test0";12715;17645149
263;1874606025;true;0.00400212704991644;0;1;;"test0";13862;17645149
263;-1655676999;true;0.00400212704991644;0;1;;"test0";10026;17645149
263;-1426840200;true;0.00400212704991644;0;1;;"test0";15198;17645149
263;-1655676999;true;0.00400212704991644;0;1;;"test0";14501;17645149
263;-1305150222;true;0.00400334985946821;0;1;;"test0";13984;17645149
263;-1264999002;true;0.00400334985946821;0;1;;"test0";15123;17645149
263;-646335757;true;0.00400334985946821;0;1;;"test0";1;17645149
263;275346485;true;0.00400334985946821;0;1;;"test0";14823;17645149
264;1025254220;false;-1;0;0;;;240188;17951813
264;-1921818641;false;-1;0;1;;"test0";NaN;17951813
264;-1660293247;true;0.002002288329519451;0;1;;"test0";13893;17951813
264;-763694619;true;0.003003432494279176;0;1;;"test0";14860;17951813
264;1399054239;true;0.0034433184196455383;0;1;;"test0";12276;17951813
264;-1464157342;true;0.0035215107722845126;0;1;;"test0";11119;17951813
264;-140596173;true;0.0035744815684907367;0;1;;"test0";11358;17951813
264;1374244098;true;0.0035755917551991054;0;1;;"test0";14766;17951813
264;-1393368866;true;0.0035971144378937254;0;1;;"test0";14773;17951813
264;204225488;true;0.0035994427202612617;0;1;;"test0";15008;17951813
264;-2111302758;true;0.0035994427202612617;0;1;;"test0";13795;17951813
264;1335044359;true;0.003621994123471464;0;1;;"test0";13881;17951813
264;1728024245;true;0.0036233251077269902;0;1;;"test0";14655;17951813
264;-1391942969;true;0.0036682391831417247;0;1;;"test0";11533;17951813
264;647289025;true;0.0037076718814775893;0;1;;"test0";11244;17951813
264;-150648611;true;0.0037076718814775893;0;1;;"test0";11602;17951813
264;491257377;true;0.003708498959563113;0;1;;"test0";16135;17951813
264;-1740243324;true;0.003708498959563113;0;1;;"test0";16141;17951813
264;-2132448392;true;0.003796113882157877;0;1;;"test0";12083;17951813
264;-1168049770;true;0.003796113882157877;0;1;;"test0";11121;17951813
264;-895341334;true;0.003796113882157877;0;1;;"test0";14791;17951813
264;385059596;true;0.0038203030929831326;0;1;;"test0";11004;17951813
264;-1440987164;true;0.0038203030929831326;0;1;;"test0";12218;17951813
264;-1440987164;true;0.0038203030929831326;0;1;;"test0";14991;17951813
264;-146938972;true;0.003821326684934337;0;1;;"test0";10664;17951813
264;-349664955;true;0.00382617960482429;0;1;;"test0";15170;17951813
264;-1156717025;true;0.003848063837628399;0;1;;"test0";9541;17951813
264;2010711244;true;0.003886592346508793;0;1;;"test0";12000;17951813
264;-285337237;true;0.003886592346508793;0;1;;"test0";13950;17951813
264;-1859746871;true;0.0038870282335081445;0;1;;"test0";11172;17951813
264;375261986;true;0.0038870282335081445;0;1;;"test0";13487;17951813
264;2075122522;true;0.0038870282335081445;0;1;;"test0";11666;17951813
264;-225514407;true;0.003889494001552823;0;1;;"test0";11941;17951813
264;612256389;true;0.003889494001552823;0;1;;"test0";10927;17951813
264;-715826093;true;0.003988394510529679;0;1;;"test0";12865;17951813
264;-1540214998;true;0.0039896231714483;0;1;;"test0";8604;17951813
264;195978108;true;0.0039896231714483;0;1;;"test0";14451;17951813
264;662692714;true;0.0039896231714483;0;1;;"test0";13603;17951813
264;1884428822;true;0.0039896231714483;0;1;;"test0";8536;17951813
264;793348287;true;0.003993961084894316;0;1;;"test0";8287;17951813
264;-1546217837;true;0.003993961084894316;0;1;;"test0";13602;17951813
264;2080616725;true;0.003993961084894316;0;1;;"test0";12395;17951813
264;-1101521145;true;0.003995236631116497;0;1;;"test0";13940;17951813
264;-995877438;true;0.003995236631116497;0;1;;"test0";13112;17951813
264;518672752;true;0.003995236631116497;0;1;;"test0";14715;17951813
264;-477410051;true;0.003995236631116497;0;1;;"test0";12897;17951813
264;1637276995;true;0.00400212704991644;0;1;;"test0";12409;17951813
264;737784985;true;0.00400334985946821;0;1;;"test0";14824;17951813
264;-646335757;true;0.00400334985946821;0;1;;"test0";1;17951813
264;275346485;true;0.00400334985946821;0;1;;"test0";1;17951813
265;-13449752;false;-1;0;1;;"test0";NaN;18059758
265;387025950;false;-1;0;1;;"test0";NaN;18059758
265;-924673332;true;0.002002288329519451;0;1;;"test0";13229;18059758
265;-1660293247;true;0.002002288329519451;0;1;;"test0";13455;18059758
265;-235879945;true;0.003003432494279176;0;1;;"test0";11322;18059758
265;-763694619;true;0.003003432494279176;0;1;;"test0";13319;18059758
265;649521039;true;0.00345049114166193;0;1;;"test0";14537;18059758
265;-1865297188;true;0.00357484203686961;0;1;;"test0";14077;18059758
265;-287819591;true;0.0035765633297099027;0;1;;"test0";13518;18059758
265;1971246272;true;0.0035994427202612617;0;1;;"test0";12456;18059758
265;831430297;true;0.0035994427202612617;0;1;;"test0";13161;18059758
265;482032647;true;0.003621994123471464;0;1;;"test0";11876;18059758
265;914360607;true;0.0036233251077269902;0;1;;"test0";13578;18059758
265;-792440779;true;0.0036682391831417247;0;1;;"test0";17031;18059758
265;-150648611;true;0.0037076718814775893;0;1;;"test0";14000;18059758
265;670965439;true;0.0037076718814775893;0;1;;"test0";13981;18059758
265;1426268980;true;0.003796113882157877;0;1;;"test0";7697;18059758
265;142757778;true;0.00382617960482429;0;1;;"test0";14857;18059758
265;409600980;true;0.003848063837628399;0;1;;"test0";13606;18059758
265;-1156717025;true;0.003848063837628399;0;1;;"test0";12930;18059758
265;1309336071;true;0.003876096134523445;0;1;;"test0";14891;18059758
265;-1010884149;true;0.0038870282335081445;0;1;;"test0";14973;18059758
265;442438051;true;0.0038870282335081445;0;1;;"test0";13852;18059758
265;375261986;true;0.0038870282335081445;0;1;;"test0";11622;18059758
265;143678873;true;0.0038870282335081445;0;1;;"test0";16004;18059758
265;612256389;true;0.003889494001552823;0;1;;"test0";16169;18059758
265;-1224734981;true;0.003889494001552823;0;1;;"test0";14654;18059758
265;-396829204;true;0.003988394510529679;0;1;;"test0";13524;18059758
265;2088522935;true;0.0039896231714483;0;1;;"test0";12076;18059758
265;-2145992150;true;0.0039896231714483;0;1;;"test0";9874;18059758
265;-1830338725;true;0.003993961084894316;0;1;;"test0";13565;18059758
265;793348287;true;0.003993961084894316;0;1;;"test0";13915;18059758
265;2080616725;true;0.003993961084894316;0;1;;"test0";11916;18059758
265;-1020334751;true;0.003993961084894316;0;1;;"test0";13131;18059758
265;-476916559;true;0.003993961084894316;0;1;;"test0";15982;18059758
265;-346737500;true;0.003993961084894316;0;1;;"test0";13858;18059758
265;-1999114012;true;0.003995236631116497;0;1;;"test0";14061;18059758
265;-1492668510;true;0.003995236631116497;0;1;;"test0";14137;18059758
265;1633996874;true;0.003995236631116497;0;1;;"test0";13856;18059758
265;-2061190302;true;0.003995236631116497;0;1;;"test0";14780;18059758
265;-477410051;true;0.003995236631116497;0;1;;"test0";14163;18059758
265;-2079007319;true;0.003995236631116497;0;1;;"test0";14890;18059758
265;518672752;true;0.003995236631116497;0;1;;"test0";14841;18059758
265;1757175354;true;0.00400212704991644;0;1;;"test0";14943;18059758
265;1637276995;true;0.00400212704991644;0;1;;"test0";11136;18059758
265;275346485;true;0.00400334985946821;0;1;;"test0";2;18059758
265;737784985;true;0.00400334985946821;0;1;;"test0";12495;18059758
265;-646335757;true;0.00400334985946821;0;1;;"test0";12064;18059758
265;737784985;true;0.00400334985946821;0;1;;"test0";14176;18059758
266;-1690249241;true;0.002002288329519451;0;1;;"test0";13503;18148653
266;655944365;true;0.002002288329519451;0;1;;"test0";13733;18148653
266;1045089262;true;0.003566829652975918;0;1;;"test0";14631;18148653
266;1235289426;true;0.0035756687985765484;0;1;;"test0";13137;18148653
266;-1162647675;true;0.0035765633297099027;0;1;;"test0";13493;18148653
266;694241591;true;0.0035765633297099027;0;1;;"test0";13881;18148653
266;-1090722080;true;0.0035765633297099027;0;1;;"test0";10991;18148653
266;-119921164;true;0.0035765633297099027;0;1;;"test0";16292;18148653
266;-1402482577;true;0.0035903807733407653;0;1;;"test0";12883;18148653
266;233651680;true;0.0035994427202612617;0;1;;"test0";11805;18148653
266;914360607;true;0.0036233251077269902;0;1;;"test0";14411;18148653
266;914360607;true;0.0036233251077269902;0;1;;"test0";11708;18148653
266;1930320135;true;0.0036233251077269902;0;1;;"test0";9655;18148653
266;-2051160828;true;0.0036233251077269902;0;1;;"test0";7071;18148653
266;-792440779;true;0.0036682391831417247;0;1;;"test0";14249;18148653
266;-792440779;true;0.0036682391831417247;0;1;;"test0";15101;18148653
266;457024741;true;0.0037076718814775893;0;1;;"test0";14349;18148653
266;-971842633;true;0.003796113882157877;0;1;;"test0";16666;18148653
266;-1589680410;true;0.00382617960482429;0;1;;"test0";7055;18148653
266;1389362245;true;0.00382617960482429;0;1;;"test0";9230;18148653
266;-876191587;true;0.003848063837628399;0;1;;"test0";14164;18148653
266;1230459876;true;0.003848063837628399;0;1;;"test0";12663;18148653
266;-1156717025;true;0.003848063837628399;0;1;;"test0";9293;18148653
266;-399710567;true;0.003848063837628399;0;1;;"test0";11546;18148653
266;-44406871;true;0.003848063837628399;0;1;;"test0";14482;18148653
266;409600980;true;0.003848063837628399;0;1;;"test0";14806;18148653
266;1081753384;true;0.003876096134523445;0;1;;"test0";16843;18148653
266;1309336071;true;0.003876096134523445;0;1;;"test0";12582;18148653
266;-1431978735;true;0.0038870282335081445;0;1;;"test0";17309;18148653
266;-55583840;true;0.0038870282335081445;0;1;;"test0";14321;18148653
266;1948317547;true;0.0038870282335081445;0;1;;"test0";9654;18148653
266;1442826428;true;0.003889494001552823;0;1;;"test0";13516;18148653
266;344097118;true;0.003889494001552823;0;1;;"test0";14553;18148653
266;-391806;true;0.00397508597276459;0;1;;"test0";10565;18148653
266;-396829204;true;0.003988394510529679;0;1;;"test0";12098;18148653
266;1901930677;true;0.003988394510529679;0;1;;"test0";13489;18148653
266;-1337375048;true;0.003988394510529679;0;1;;"test0";14887;18148653
266;-476916559;true;0.003993961084894316;0;1;;"test0";16953;18148653
266;-476916559;true;0.003993961084894316;0;1;;"test0";16356;18148653
266;1577691375;true;0.003993961084894316;0;1;;"test0";12576;18148653
266;523909801;true;0.003993961084894316;0;1;;"test0";16296;18148653
266;1158837774;true;0.003993961084894316;0;1;;"test0";12550;18148653
266;877782396;true;0.003995236631116497;0;1;;"test0";15267;18148653
266;1757175354;true;0.00400212704991644;0;1;;"test0";14083;18148653
266;1637276995;true;0.00400212704991644;0;1;;"test0";13382;18148653
266;1757175354;true;0.00400212704991644;0;1;;"test0";15802;18148653
266;1608089169;true;0.00400334985946821;0;1;;"test0";16859;18148653
266;-646335757;true;0.00400334985946821;0;1;;"test0";2;18148653
266;-1949519650;true;0.00400334985946821;0;1;;"test0";12450;18148653
266;737784985;true;0.00400334985946821;0;1;;"test0";2;18148653
267;1757175354;false;-1;0;1;;"test0";NaN;18239169
267;-2114514059;true;0.002479023646071701;0;1;;"test0";15281;18239169
267;-269215069;true;0.003003432494279176;0;1;;"test0";15932;18239169
267;1675731682;true;0.003003432494279176;0;1;;"test0";12265;18239169
267;838025257;true;0.0034431010373942666;0;1;;"test0";11798;18239169
267;1406302583;true;0.00357484203686961;0;1;;"test0";14105;18239169
267;658146716;true;0.0035765633297099027;0;1;;"test0";13996;18239169
267;-603218958;true;0.0035765633297099027;0;1;;"test0";10857;18239169
267;-272524998;true;0.0035903807733407653;0;1;;"test0";14716;18239169
267;-1402482577;true;0.0035903807733407653;0;1;;"test0";12442;18239169
267;-1402482577;true;0.0035903807733407653;0;1;;"test0";12332;18239169
267;-1632822133;true;0.0035903807733407653;0;1;;"test0";14240;18239169
267;-439199678;true;0.0035903807733407653;0;1;;"test0";11635;18239169
267;-1402482577;true;0.0035903807733407653;0;1;;"test0";15281;18239169
267;1308558160;true;0.0035994427202612617;0;1;;"test0";13716;18239169
267;-369283778;true;0.0035994427202612617;0;1;;"test0";10208;18239169
267;233651680;true;0.0035994427202612617;0;1;;"test0";14256;18239169
267;2146193439;true;0.0036682391831417247;0;1;;"test0";14082;18239169
267;-128668865;true;0.003796113882157877;0;1;;"test0";14599;18239169
267;1207908872;true;0.003796113882157877;0;1;;"test0";8370;18239169
267;-1245187787;true;0.0038478332637784532;0;1;;"test0";15252;18239169
267;-703015849;true;0.003876096134523445;0;1;;"test0";14662;18239169
267;-1774306330;true;0.003876096134523445;0;1;;"test0";16462;18239169
267;-1768725230;true;0.0038870282335081445;0;1;;"test0";12041;18239169
267;-1981071379;true;0.0038870282335081445;0;1;;"test0";10416;18239169
267;-1431978735;true;0.0038870282335081445;0;1;;"test0";11815;18239169
267;467783931;true;0.0038870282335081445;0;1;;"test0";14150;18239169
267;984666326;true;0.003889494001552823;0;1;;"test0";14591;18239169
267;-391806;true;0.00397508597276459;0;1;;"test0";13869;18239169
267;-1684503031;true;0.00397508597276459;0;1;;"test0";13260;18239169
267;-1445775903;true;0.00397508597276459;0;1;;"test0";11300;18239169
267;-391806;true;0.00397508597276459;0;1;;"test0";10287;18239169
267;995400359;true;0.00397508597276459;0;1;;"test0";11149;18239169
267;-391806;true;0.00397508597276459;0;1;;"test0";12825;18239169
267;1577691375;true;0.003993961084894316;0;1;;"test0";10290;18239169
267;-2004181366;true;0.003993961084894316;0;1;;"test0";12277;18239169
267;-162113475;true;0.003995236631116497;0;1;;"test0";8340;18239169
267;877782396;true;0.003995236631116497;0;1;;"test0";15241;18239169
267;877782396;true;0.003995236631116497;0;1;;"test0";10721;18239169
267;877782396;true;0.003995236631116497;0;1;;"test0";14074;18239169
267;-2056194086;true;0.003995236631116497;0;1;;"test0";11826;18239169
267;1302786263;true;0.003995236631116497;0;1;;"test0";13809;18239169
267;1520033462;true;0.003995236631116497;0;1;;"test0";12234;18239169
267;944241644;true;0.0040020685423564906;0;1;;"test0";14049;18239169
267;1637276995;true;0.00400212704991644;0;1;;"test0";14133;18239169
267;-668006420;true;0.00400212704991644;0;1;;"test0";15056;18239169
267;1637276995;true;0.00400212704991644;0;1;;"test0";15219;18239169
267;-1949519650;true;0.00400334985946821;0;1;;"test0";1;18239169
267;737784985;true;0.00400334985946821;0;1;;"test0";1;18239169
267;1608089169;true;0.00400334985946821;0;1;;"test0";15503;18239169
268;-1768725230;false;-1;0;1;;"test0";NaN;18343842
268;1412240347;true;0.002942137953579601;0;1;;"test0";14938;18343842
268;831349340;true;0.003003432494279176;0;1;;"test0";12612;18343842
268;-1729207002;true;0.0034431010373942666;0;1;;"test0";14762;18343842
268;-1624383486;true;0.003493181722593896;0;1;;"test0";13735;18343842
268;1155476075;true;0.0035672300833067385;0;1;;"test0";11477;18343842
268;419085812;true;0.00357484203686961;0;1;;"test0";13989;18343842
268;-1234135606;true;0.00357484203686961;0;1;;"test0";12390;18343842
268;-1327467313;true;0.00357484203686961;0;1;;"test0";16171;18343842
268;-1390000967;true;0.0035765633297099027;0;1;;"test0";14997;18343842
268;1371912355;true;0.0035774120306526374;0;1;;"test0";15228;18343842
268;-750549872;true;0.0035994427202612617;0;1;;"test0";16257;18343842
268;-1486779115;true;0.0035994427202612617;0;1;;"test0";13760;18343842
268;-1107690350;true;0.0035994427202612617;0;1;;"test0";12940;18343842
268;1070306495;true;0.0035994427202612617;0;1;;"test0";11840;18343842
268;-369283778;true;0.0035994427202612617;0;1;;"test0";12594;18343842
268;222238915;true;0.0035994427202612617;0;1;;"test0";12781;18343842
268;19379452;true;0.0036682391831417247;0;1;;"test0";14008;18343842
268;2146193439;true;0.0036682391831417247;0;1;;"test0";13555;18343842
268;1590990779;true;0.0036682391831417247;0;1;;"test0";13015;18343842
268;365263808;true;0.0036682391831417247;0;1;;"test0";14038;18343842
268;-982577395;true;0.003796113882157877;0;1;;"test0";15737;18343842
268;122685938;true;0.0038478332637784532;0;1;;"test0";14376;18343842
268;1658159281;true;0.0038478332637784532;0;1;;"test0";11488;18343842
268;-1675302858;true;0.003848063837628399;0;1;;"test0";11861;18343842
268;-367570496;true;0.003876096134523445;0;1;;"test0";14072;18343842
268;-2143854220;true;0.003876096134523445;0;1;;"test0";14982;18343842
268;-508050937;true;0.0038870282335081445;0;1;;"test0";12618;18343842
268;1634843606;true;0.003889494001552823;0;1;;"test0";12117;18343842
268;504390160;true;0.003889494001552823;0;1;;"test0";12988;18343842
268;1401725874;true;0.003889494001552823;0;1;;"test0";12290;18343842
268;-1684503031;true;0.00397508597276459;0;1;;"test0";12444;18343842
268;-391806;true;0.00397508597276459;0;1;;"test0";14004;18343842
268;-1684503031;true;0.00397508597276459;0;1;;"test0";12758;18343842
268;1009091996;true;0.00397508597276459;0;1;;"test0";12912;18343842
268;-1980155662;true;0.003976110182310492;0;1;;"test0";13366;18343842
268;1577691375;true;0.003993961084894316;0;1;;"test0";14981;18343842
268;1503284894;true;0.003993961084894316;0;1;;"test0";13391;18343842
268;1735360040;true;0.003995236631116497;0;1;;"test0";13727;18343842
268;1520033462;true;0.003995236631116497;0;1;;"test0";13870;18343842
268;944241644;true;0.0040020685423564906;0;1;;"test0";12846;18343842
268;1051455442;true;0.0040020685423564906;0;1;;"test0";14738;18343842
268;-447788711;true;0.0040020685423564906;0;1;;"test0";13239;18343842
268;944241644;true;0.0040020685423564906;0;1;;"test0";13381;18343842
268;1637276995;true;0.00400212704991644;0;1;;"test0";16177;18343842
268;592402393;true;0.00400212704991644;0;1;;"test0";15623;18343842
268;1637276995;true;0.00400212704991644;0;1;;"test0";13696;18343842
268;1608089169;true;0.00400334985946821;0;1;;"test0";2;18343842
268;737784985;true;0.00400334985946821;0;1;;"test0";2;18343842
268;1059919957;true;0.00400334985946821;0;1;;"test0";13459;18343842
269;-1591695854;true;0.003003432494279176;0;1;;"test0";13544;18428920
269;1963577118;true;0.003003432494279176;0;1;;"test0";10287;18428920
269;-1624383486;true;0.003493181722593896;0;1;;"test0";14693;18428920
269;-1690881465;true;0.003493181722593896;0;1;;"test0";14546;18428920
269;1614148365;true;0.0035632074918432607;0;1;;"test0";10537;18428920
269;-369283778;true;0.0035994427202612617;0;1;;"test0";10512;18428920
269;-369283778;true;0.0035994427202612617;0;1;;"test0";13403;18428920
269;459194683;true;0.0035994427202612617;0;1;;"test0";11716;18428920
269;-462550912;true;0.0035994427202612617;0;1;;"test0";13655;18428920
269;2146193439;true;0.0036682391831417247;0;1;;"test0";12308;18428920
269;-28817216;true;0.0036682391831417247;0;1;;"test0";12052;18428920
269;-348727567;true;0.003796113882157877;0;1;;"test0";14540;18428920
269;1641099658;true;0.003796113882157877;0;1;;"test0";11873;18428920
269;1195497545;true;0.003796113882157877;0;1;;"test0";11212;18428920
269;-1733366067;true;0.003796113882157877;0;1;;"test0";14314;18428920
269;-982577395;true;0.003796113882157877;0;1;;"test0";13974;18428920
269;1084742221;true;0.003796113882157877;0;1;;"test0";12870;18428920
269;-1544217350;true;0.003848063837628399;0;1;;"test0";11112;18428920
269;-1675302858;true;0.003848063837628399;0;1;;"test0";11065;18428920
269;438785770;true;0.003848063837628399;0;1;;"test0";11039;18428920
269;-1617427847;true;0.003848063837628399;0;1;;"test0";11602;18428920
269;-367570496;true;0.003876096134523445;0;1;;"test0";12795;18428920
269;-367570496;true;0.003876096134523445;0;1;;"test0";12142;18428920
269;-367570496;true;0.003876096134523445;0;1;;"test0";13297;18428920
269;-508050937;true;0.0038870282335081445;0;1;;"test0";15296;18428920
269;-70625975;true;0.0038870282335081445;0;1;;"test0";15217;18428920
269;-508050937;true;0.0038870282335081445;0;1;;"test0";13620;18428920
269;-508050937;true;0.0038870282335081445;0;1;;"test0";12550;18428920
269;-508050937;true;0.0038870282335081445;0;1;;"test0";13954;18428920
269;-65116969;true;0.0038870282335081445;0;1;;"test0";10564;18428920
269;-429944138;true;0.003889494001552823;0;1;;"test0";11881;18428920
269;1401725874;true;0.003889494001552823;0;1;;"test0";14541;18428920
269;-163669802;true;0.003889494001552823;0;1;;"test0";12703;18428920
269;1401725874;true;0.003889494001552823;0;1;;"test0";10380;18428920
269;1401725874;true;0.003889494001552823;0;1;;"test0";12474;18428920
269;504390160;true;0.003889494001552823;0;1;;"test0";13335;18428920
269;1374254051;true;0.0038916454000423113;0;1;;"test0";13498;18428920
269;-1092230506;true;0.003976110182310492;0;1;;"test0";14170;18428920
269;-1980155662;true;0.003976110182310492;0;1;;"test0";14333;18428920
269;1735360040;true;0.003995236631116497;0;1;;"test0";13446;18428920
269;968654502;true;0.003995236631116497;0;1;;"test0";13642;18428920
269;341360029;true;0.003995236631116497;0;1;;"test0";13442;18428920
269;944241644;true;0.0040020685423564906;0;1;;"test0";13491;18428920
269;944241644;true;0.0040020685423564906;0;1;;"test0";12445;18428920
269;1637276995;true;0.00400212704991644;0;1;;"test0";13948;18428920
269;-1314545783;true;0.00400212704991644;0;1;;"test0";13444;18428920
269;737784985;true;0.00400334985946821;0;1;;"test0";1;18428920
269;-2004530461;true;0.00400334985946821;0;1;;"test0";13229;18428920
269;-330598166;true;0.00400334985946821;0;1;;"test0";15265;18428920
269;1059919957;true;0.00400334985946821;0;1;;"test0";2;18428920
270;1409636759;true;0.002917620137299771;0;1;;"test0";12888;18519728
270;-1792003294;true;0.003003432494279176;0;1;;"test0";16349;18519728
270;-2144218026;true;0.003003432494279176;0;1;;"test0";15077;18519728
270;574514187;true;0.003557586116000347;0;1;;"test0";13651;18519728
270;369895497;true;0.0035632074918432607;0;1;;"test0";14121;18519728
270;1614148365;true;0.0035632074918432607;0;1;;"test0";13031;18519728
270;1614148365;true;0.0035632074918432607;0;1;;"test0";11295;18519728
270;1614148365;true;0.0035632074918432607;0;1;;"test0";13439;18519728
270;1547006263;true;0.0035755917551991054;0;1;;"test0";12752;18519728
270;-2117026137;true;0.0035774120306526374;0;1;;"test0";10309;18519728
270;1827640127;true;0.0035994427202612617;0;1;;"test0";14033;18519728
270;-1401585618;true;0.0035994427202612617;0;1;;"test0";10629;18519728
270;-1140179521;true;0.0035994427202612617;0;1;;"test0";12709;18519728
270;1763277760;true;0.0035994427202612617;0;1;;"test0";14207;18519728
270;1972128904;true;0.0035994427202612617;0;1;;"test0";13526;18519728
270;590357938;true;0.0035994427202612617;0;1;;"test0";13880;18519728
270;-553616387;true;0.0036682391831417247;0;1;;"test0";14222;18519728
270;2146193439;true;0.0036682391831417247;0;1;;"test0";14789;18519728
270;778743831;true;0.003796113882157877;0;1;;"test0";13014;18519728
270;-913855381;true;0.003796113882157877;0;1;;"test0";11652;18519728
270;-1544217350;true;0.003848063837628399;0;1;;"test0";13274;18519728
270;-1381202332;true;0.003848063837628399;0;1;;"test0";14271;18519728
270;666144652;true;0.003848063837628399;0;1;;"test0";13222;18519728
270;1829004564;true;0.00384876806160051;0;1;;"test0";14082;18519728
270;-1607202748;true;0.003876096134523445;0;1;;"test0";16570;18519728
270;-1642930494;true;0.003976110182310492;0;1;;"test0";17175;18519728
270;-2012229051;true;0.003976110182310492;0;1;;"test0";10939;18519728
270;-601280525;true;0.003976110182310492;0;1;;"test0";15015;18519728
270;-1980155662;true;0.003976110182310492;0;1;;"test0";12393;18519728
270;1123900216;true;0.003976110182310492;0;1;;"test0";12596;18519728
270;546568100;true;0.003976110182310492;0;1;;"test0";15290;18519728
270;351427728;true;0.003976110182310492;0;1;;"test0";16553;18519728
270;-1557688740;true;0.003995236631116497;0;1;;"test0";12995;18519728
270;968654502;true;0.003995236631116497;0;1;;"test0";12793;18519728
270;1927221130;true;0.003995236631116497;0;1;;"test0";8616;18519728
270;968654502;true;0.003995236631116497;0;1;;"test0";10179;18519728
270;944241644;true;0.0040020685423564906;0;1;;"test0";9949;18519728
270;944241644;true;0.0040020685423564906;0;1;;"test0";10989;18519728
270;944241644;true;0.0040020685423564906;0;1;;"test0";15585;18519728
270;944241644;true;0.0040020685423564906;0;1;;"test0";14089;18519728
270;1637276995;true;0.00400212704991644;0;1;;"test0";14115;18519728
270;-1314545783;true;0.00400212704991644;0;1;;"test0";15197;18519728
270;-1449825789;true;0.00400212704991644;0;1;;"test0";15900;18519728
270;-1651275806;true;0.00400212704991644;0;1;;"test0";14682;18519728
270;496710159;true;0.00400334985946821;0;1;;"test0";13542;18519728
270;-608094958;true;0.00400334985946821;0;1;;"test0";13675;18519728
270;-330598166;true;0.00400334985946821;0;1;;"test0";13927;18519728
270;-330598166;true;0.00400334985946821;0;1;;"test0";12883;18519728
270;1059919957;true;0.00400334985946821;0;1;;"test0";2;18519728
271;-239901324;false;-1;0;1;;"test0";NaN;18811890
271;1250197164;false;-1;0;0;;;240342;18811890
271;-1515975888;true;0.002917620137299771;0;1;;"test0";14203;18811890
271;-31163430;true;0.002942137953579601;0;1;;"test0";10819;18811890
271;1025685371;true;0.002942137953579601;0;1;;"test0";11372;18811890
271;-1114911049;true;0.003437191645680485;0;1;;"test0";12945;18811890
271;-1292194575;true;0.003443041114540441;0;1;;"test0";12156;18811890
271;1352517100;true;0.003575361280314737;0;1;;"test0";12828;18811890
271;910574997;true;0.0035755917551991054;0;1;;"test0";11296;18811890
271;1547006263;true;0.0035755917551991054;0;1;;"test0";12104;18811890
271;1547006263;true;0.0035755917551991054;0;1;;"test0";11309;18811890
271;-1055959077;true;0.0035903807733407653;0;1;;"test0";11113;18811890
271;1950465655;true;0.0035994427202612617;0;1;;"test0";11280;18811890
271;1591017038;true;0.0035994427202612617;0;1;;"test0";10320;18811890
271;900581139;true;0.0035994427202612617;0;1;;"test0";14362;18811890
271;2138737382;true;0.0035994427202612617;0;1;;"test0";12524;18811890
271;170264260;true;0.0036682391831417247;0;1;;"test0";13784;18811890
271;494000620;true;0.003796113882157877;0;1;;"test0";13923;18811890
271;755591962;true;0.003796113882157877;0;1;;"test0";11543;18811890
271;1345279456;true;0.003796113882157877;0;1;;"test0";11598;18811890
271;640377325;true;0.003796113882157877;0;1;;"test0";13526;18811890
271;294984275;true;0.003796113882157877;0;1;;"test0";11521;18811890
271;-991712905;true;0.003796113882157877;0;1;;"test0";16335;18811890
271;-610123958;true;0.003796113882157877;0;1;;"test0";11540;18811890
271;-1509388328;true;0.0038478332637784532;0;1;;"test0";10576;18811890
271;-168091960;true;0.003848063837628399;0;1;;"test0";11320;18811890
271;-331477408;true;0.003848063837628399;0;1;;"test0";13982;18811890
271;1829004564;true;0.00384876806160051;0;1;;"test0";13196;18811890
271;275373418;true;0.00384876806160051;0;1;;"test0";13546;18811890
271;-1907809717;true;0.0038654305998478307;0;1;;"test0";9695;18811890
271;-1607202748;true;0.003876096134523445;0;1;;"test0";12635;18811890
271;-1607202748;true;0.003876096134523445;0;1;;"test0";15870;18811890
271;-1901364162;true;0.003876096134523445;0;1;;"test0";14186;18811890
271;2088477786;true;0.003993961084894316;0;1;;"test0";12144;18811890
271;166779719;true;0.003995236631116497;0;1;;"test0";10370;18811890
271;-2009376909;true;0.003995236631116497;0;1;;"test0";12351;18811890
271;315242559;true;0.003995236631116497;0;1;;"test0";11553;18811890
271;944241644;true;0.0040020685423564906;0;1;;"test0";12202;18811890
271;-1314545783;true;0.00400212704991644;0;1;;"test0";14189;18811890
271;-1900721272;true;0.00400212704991644;0;1;;"test0";16029;18811890
271;161078784;true;0.00400212704991644;0;1;;"test0";11067;18811890
271;1059919957;true;0.00400334985946821;0;1;;"test0";1;18811890
271;-608094958;true;0.00400334985946821;0;1;;"test0";11223;18811890
271;-512476541;true;0.00400334985946821;0;1;;"test0";16178;18811890
271;350100548;true;0.00400334985946821;0;1;;"test0";12219;18811890
271;-330598166;true;0.00400334985946821;0;1;;"test0";1;18811890
271;-912726439;true;0.00400334985946821;0;1;;"test0";11533;18811890
271;-35044369;true;0.00400334985946821;0;1;;"test0";10663;18811890
271;942891254;true;0.00400334985946821;0;1;;"test0";11028;18811890
271;-1292947103;true;0.00400334985946821;0;1;;"test0";12719;18811890
272;942891254;false;-1;0;1;;"test0";NaN;19087294
272;-855084383;false;-1;0;1;;"test0";NaN;19087294
272;-148204981;false;-1;0;0;;;240189;19087294
272;724111477;true;0.0034353628784828723;0;1;;"test0";12773;19087294
272;1208378606;true;0.003557586116000347;0;1;;"test0";10281;19087294
272;1094699274;true;0.0035903807733407653;0;1;;"test0";7995;19087294
272;-1055959077;true;0.0035903807733407653;0;1;;"test0";11028;19087294
272;2049724747;true;0.0035994427202612617;0;1;;"test0";14246;19087294
272;-1884187014;true;0.0035994427202612617;0;1;;"test0";11954;19087294
272;1734496592;true;0.0035994427202612617;0;1;;"test0";10868;19087294
272;1571621031;true;0.0035994427202612617;0;1;;"test0";11426;19087294
272;-291525900;true;0.0035994427202612617;0;1;;"test0";12462;19087294
272;1950465655;true;0.0035994427202612617;0;1;;"test0";11968;19087294
272;1167638398;true;0.0035994427202612617;0;1;;"test0";12723;19087294
272;170264260;true;0.0036682391831417247;0;1;;"test0";11606;19087294
272;848922411;true;0.0036682391831417247;0;1;;"test0";11628;19087294
272;-376056546;true;0.003796113882157877;0;1;;"test0";11557;19087294
272;68906889;true;0.003796113882157877;0;1;;"test0";12289;19087294
272;494000620;true;0.003796113882157877;0;1;;"test0";13346;19087294
272;956482250;true;0.003796113882157877;0;1;;"test0";10462;19087294
272;-1957162667;true;0.003796113882157877;0;1;;"test0";13490;19087294
272;197988632;true;0.003796113882157877;0;1;;"test0";11098;19087294
272;-2139074905;true;0.003796113882157877;0;1;;"test0";12125;19087294
272;1321196248;true;0.003796113882157877;0;1;;"test0";9318;19087294
272;-2003813619;true;0.003796113882157877;0;1;;"test0";13222;19087294
272;-1509388328;true;0.0038478332637784532;0;1;;"test0";9455;19087294
272;-1602791004;true;0.0038478332637784532;0;1;;"test0";13191;19087294
272;574480479;true;0.0038478332637784532;0;1;;"test0";12156;19087294
272;-1509388328;true;0.0038478332637784532;0;1;;"test0";11293;19087294
272;354290609;true;0.003848063837628399;0;1;;"test0";11014;19087294
272;1521756932;true;0.003848063837628399;0;1;;"test0";10220;19087294
272;-544407916;true;0.003848063837628399;0;1;;"test0";11720;19087294
272;-835030196;true;0.00384876806160051;0;1;;"test0";12148;19087294
272;-681380636;true;0.00384876806160051;0;1;;"test0";11327;19087294
272;1445321208;true;0.003876096134523445;0;1;;"test0";12512;19087294
272;1946322463;true;0.003876096134523445;0;1;;"test0";8091;19087294
272;-1777194696;true;0.0038916454000423113;0;1;;"test0";10614;19087294
272;-213354153;true;0.003993961084894316;0;1;;"test0";13847;19087294
272;-396003357;true;0.003993961084894316;0;1;;"test0";11315;19087294
272;-1831324613;true;0.003993961084894316;0;1;;"test0";11780;19087294
272;327484548;true;0.003993961084894316;0;1;;"test0";12151;19087294
272;1965963660;true;0.003993961084894316;0;1;;"test0";10956;19087294
272;315242559;true;0.003995236631116497;0;1;;"test0";13785;19087294
272;315242559;true;0.003995236631116497;0;1;;"test0";10899;19087294
272;-1370222557;true;0.0040020685423564906;0;1;;"test0";11013;19087294
272;944241644;true;0.0040020685423564906;0;1;;"test0";11362;19087294
272;-1292947103;true;0.00400334985946821;0;1;;"test0";2;19087294
272;-983435608;true;0.00400334985946821;0;1;;"test0";11896;19087294
272;942891254;true;0.00400334985946821;0;1;;"test0";11463;19087294
273;-1643478042;true;0.003003432494279176;0;1;;"test0";13760;19175607
273;-1087210403;true;0.003003432494279176;0;1;;"test0";15715;19175607
273;241807793;true;0.003003432494279176;0;1;;"test0";13816;19175607
273;397103246;true;0.003442488365561788;0;1;;"test0";13309;19175607
273;2103712148;true;0.0034425421559964695;0;1;;"test0";13971;19175607
273;2141246906;true;0.0034567820651688276;0;1;;"test0";13987;19175607
273;-1256504836;true;0.0035865412915230058;0;1;;"test0";13597;19175607
273;-109304086;true;0.0035903807733407653;0;1;;"test0";15096;19175607
273;784261115;true;0.0035994427202612617;0;1;;"test0";15298;19175607
273;-1789397679;true;0.0035994427202612617;0;1;;"test0";14555;19175607
273;953327043;true;0.0035994427202612617;0;1;;"test0";14122;19175607
273;-234413599;true;0.0035994427202612617;0;1;;"test0";11638;19175607
273;-1145196851;true;0.0035994427202612617;0;1;;"test0";14341;19175607
273;-1609062171;true;0.0035994427202612617;0;1;;"test0";14422;19175607
273;-1814516236;true;0.003796113882157877;0;1;;"test0";14654;19175607
273;72688136;true;0.0038478332637784532;0;1;;"test0";13790;19175607
273;-468028389;true;0.0038478332637784532;0;1;;"test0";11065;19175607
273;-199168868;true;0.003848063837628399;0;1;;"test0";13599;19175607
273;-497760717;true;0.003848063837628399;0;1;;"test0";11278;19175607
273;1521756932;true;0.003848063837628399;0;1;;"test0";12872;19175607
273;283783615;true;0.003848063837628399;0;1;;"test0";14593;19175607
273;354290609;true;0.003848063837628399;0;1;;"test0";13912;19175607
273;-1703105413;true;0.003848063837628399;0;1;;"test0";16340;19175607
273;1588020998;true;0.00384876806160051;0;1;;"test0";12966;19175607
273;1946322463;true;0.003876096134523445;0;1;;"test0";17217;19175607
273;1809011216;true;0.003876096134523445;0;1;;"test0";14602;19175607
273;-1327781323;true;0.003876096134523445;0;1;;"test0";10956;19175607
273;289673148;true;0.003876096134523445;0;1;;"test0";14657;19175607
273;1346888597;true;0.003876096134523445;0;1;;"test0";13837;19175607
273;1445321208;true;0.003876096134523445;0;1;;"test0";12606;19175607
273;1445321208;true;0.003876096134523445;0;1;;"test0";13705;19175607
273;-1777194696;true;0.0038916454000423113;0;1;;"test0";12987;19175607
273;-1374056886;true;0.0038916454000423113;0;1;;"test0";12666;19175607
273;1522458328;true;0.0038916454000423113;0;1;;"test0";13747;19175607
273;-1777194696;true;0.0038916454000423113;0;1;;"test0";12582;19175607
273;-937080136;true;0.0038916454000423113;0;1;;"test0";14628;19175607
273;-1777194696;true;0.0038916454000423113;0;1;;"test0";17202;19175607
273;-1189057134;true;0.003976110182310492;0;1;;"test0";14118;19175607
273;568214962;true;0.003993961084894316;0;1;;"test0";16398;19175607
273;-828881503;true;0.003995236631116497;0;1;;"test0";13822;19175607
273;603933873;true;0.003995236631116497;0;1;;"test0";9205;19175607
273;315242559;true;0.003995236631116497;0;1;;"test0";9885;19175607
273;-695616667;true;0.003995236631116497;0;1;;"test0";9355;19175607
273;1496381309;true;0.003995236631116497;0;1;;"test0";13300;19175607
273;1695960611;true;0.003995236631116497;0;1;;"test0";13673;19175607
273;-1268105606;true;0.0040020685423564906;0;1;;"test0";11092;19175607
273;-1370222557;true;0.0040020685423564906;0;1;;"test0";14293;19175607
273;942891254;true;0.00400334985946821;0;1;;"test0";1;19175607
273;-983435608;true;0.00400334985946821;0;1;;"test0";1;19175607
273;-1292947103;true;0.00400334985946821;0;1;;"test0";10407;19175607
274;1572463207;false;-1;0;0;;;240181;19450154
274;-1189057134;false;-1;0;1;;"test0";NaN;19450154
274;1913789294;true;0.002942137953579601;0;1;;"test0";13688;19450154
274;561500248;true;0.0034523666030999104;0;1;;"test0";14871;19450154
274;-344765052;true;0.0035659615209657288;0;1;;"test0";11446;19450154
274;158158485;true;0.0035753575997087184;0;1;;"test0";11925;19450154
274;-1256504836;true;0.0035865412915230058;0;1;;"test0";11932;19450154
274;-613652290;true;0.0035994427202612617;0;1;;"test0";10259;19450154
274;-2080817528;true;0.0035994427202612617;0;1;;"test0";14923;19450154
274;1881902283;true;0.003796113882157877;0;1;;"test0";13039;19450154
274;-1224240847;true;0.003796113882157877;0;1;;"test0";13208;19450154
274;2143618063;true;0.003796113882157877;0;1;;"test0";12053;19450154
274;550403642;true;0.003796113882157877;0;1;;"test0";11472;19450154
274;-523498352;true;0.003796113882157877;0;1;;"test0";13273;19450154
274;-642371329;true;0.003796113882157877;0;1;;"test0";11712;19450154
274;-1070115092;true;0.003796113882157877;0;1;;"test0";14586;19450154
274;1375303567;true;0.0038478332637784532;0;1;;"test0";11397;19450154
274;-497760717;true;0.003848063837628399;0;1;;"test0";8566;19450154
274;-497760717;true;0.003848063837628399;0;1;;"test0";7491;19450154
274;1120481345;true;0.003876096134523445;0;1;;"test0";13259;19450154
274;1255082970;true;0.0038870282335081445;0;1;;"test0";11346;19450154
274;-868681792;true;0.0038870282335081445;0;1;;"test0";15103;19450154
274;937331193;true;0.003888361462862496;0;1;;"test0";10856;19450154
274;-18035927;true;0.0038930485128037214;0;1;;"test0";11878;19450154
274;-948097863;true;0.003976110182310492;0;1;;"test0";11104;19450154
274;-1631664895;true;0.003976110182310492;0;1;;"test0";12776;19450154
274;2032013136;true;0.003976110182310492;0;1;;"test0";11881;19450154
274;-1320368634;true;0.003976110182310492;0;1;;"test0";12227;19450154
274;1882958471;true;0.003993961084894316;0;1;;"test0";16173;19450154
274;568214962;true;0.003993961084894316;0;1;;"test0";14746;19450154
274;-862969207;true;0.003993961084894316;0;1;;"test0";12994;19450154
274;423616516;true;0.003995236631116497;0;1;;"test0";9300;19450154
274;1695960611;true;0.003995236631116497;0;1;;"test0";16191;19450154
274;-2114592071;true;0.003995236631116497;0;1;;"test0";14595;19450154
274;603933873;true;0.003995236631116497;0;1;;"test0";11000;19450154
274;1564033264;true;0.003995236631116497;0;1;;"test0";13008;19450154
274;2127621308;true;0.003995236631116497;0;1;;"test0";15274;19450154
274;-695616667;true;0.003995236631116497;0;1;;"test0";9565;19450154
274;1817733205;true;0.004000813694393526;0;1;;"test0";16166;19450154
274;-355519581;true;0.0040020685423564906;0;1;;"test0";10961;19450154
274;-1370222557;true;0.0040020685423564906;0;1;;"test0";11009;19450154
274;-1292947103;true;0.00400334985946821;0;1;;"test0";10292;19450154
274;1246708323;true;0.00400334985946821;0;1;;"test0";12355;19450154
274;-1305785248;true;0.00400334985946821;0;1;;"test0";10274;19450154
274;-983435608;true;0.00400334985946821;0;1;;"test0";9867;19450154
274;-1292947103;true;0.00400334985946821;0;1;;"test0";10208;19450154
274;-1830861536;true;0.00400334985946821;0;1;;"test0";11688;19450154
274;942891254;true;0.00400334985946821;0;1;;"test0";11813;19450154
275;-635287605;false;-1;0;1;;"test0";NaN;19544414
275;1342725431;true;0.002942137953579601;0;1;;"test0";15508;19544414
275;2032226500;true;0.002942137953579601;0;1;;"test0";15553;19544414
275;-1047158222;true;0.003003432494279176;0;1;;"test0";13436;19544414
275;1552868922;true;0.003003432494279176;0;1;;"test0";12598;19544414
275;-2093439259;true;0.003003432494279176;0;1;;"test0";13831;19544414
275;460418943;true;0.00345049114166193;0;1;;"test0";15586;19544414
275;1068527529;true;0.0034523666030999104;0;1;;"test0";15780;19544414
275;-344765052;true;0.0035659615209657288;0;1;;"test0";14605;19544414
275;-1151394415;true;0.0035756724952351513;0;1;;"test0";16379;19544414
275;-1326515979;true;0.0035756724952351513;0;1;;"test0";13249;19544414
275;-192916743;true;0.003585250491099587;0;1;;"test0";13497;19544414
275;62400029;true;0.0035994427202612617;0;1;;"test0";13231;19544414
275;945200714;true;0.0035994427202612617;0;1;;"test0";15055;19544414
275;-613652290;true;0.0035994427202612617;0;1;;"test0";14932;19544414
275;1306733680;true;0.003796113882157877;0;1;;"test0";11812;19544414
275;-930099838;true;0.003796113882157877;0;1;;"test0";9483;19544414
275;-831146635;true;0.003796113882157877;0;1;;"test0";13810;19544414
275;1244844412;true;0.003796113882157877;0;1;;"test0";11986;19544414
275;273673221;true;0.003796113882157877;0;1;;"test0";13528;19544414
275;-613980670;true;0.0038093900197784434;0;1;;"test0";12300;19544414
275;-1855870913;true;0.0038772401216338277;0;1;;"test0";12354;19544414
275;1811820538;true;0.003877628757662685;0;1;;"test0";13805;19544414
275;-1452641360;true;0.0038916454000423113;0;1;;"test0";11983;19544414
275;241021035;true;0.0038916454000423113;0;1;;"test0";15514;19544414
275;2032013136;true;0.003976110182310492;0;1;;"test0";13779;19544414
275;2032013136;true;0.003976110182310492;0;1;;"test0";12540;19544414
275;1031400535;true;0.003976110182310492;0;1;;"test0";10008;19544414
275;-1474254293;true;0.003976110182310492;0;1;;"test0";12928;19544414
275;-194083442;true;0.003988394510529679;0;1;;"test0";14468;19544414
275;-1465441010;true;0.003990200871978633;0;1;;"test0";15987;19544414
275;577549256;true;0.003993961084894316;0;1;;"test0";12602;19544414
275;1882958471;true;0.003993961084894316;0;1;;"test0";10184;19544414
275;969831229;true;0.003993961084894316;0;1;;"test0";9871;19544414
275;-1041868032;true;0.003995236631116497;0;1;;"test0";13469;19544414
275;-297703462;true;0.003995236631116497;0;1;;"test0";12944;19544414
275;1817733205;true;0.004000813694393526;0;1;;"test0";15174;19544414
275;-358344037;true;0.004000813694393526;0;1;;"test0";12453;19544414
275;1817733205;true;0.004000813694393526;0;1;;"test0";11953;19544414
275;-1436742077;true;0.004000813694393526;0;1;;"test0";13953;19544414
275;-1676225591;true;0.004000813694393526;0;1;;"test0";14810;19544414
275;238074286;true;0.004000813694393526;0;1;;"test0";13802;19544414
275;-1370222557;true;0.0040020685423564906;0;1;;"test0";13595;19544414
275;-598690285;true;0.0040020685423564906;0;1;;"test0";14429;19544414
275;-355519581;true;0.0040020685423564906;0;1;;"test0";11161;19544414
275;352932952;true;0.00400334985946821;0;1;;"test0";12512;19544414
275;1246708323;true;0.00400334985946821;0;1;;"test0";11500;19544414
275;1140482238;true;0.00400334985946821;0;1;;"test0";15599;19544414
275;942891254;true;0.00400334985946821;0;1;;"test0";1;19544414
275;-1830861536;true;0.00400334985946821;0;1;;"test0";1;19544414
276;1817733205;false;-1;0;1;;"test0";NaN;19793512
276;-749337090;false;-1;0;0;;;240273;19793512
276;-601273624;true;0.002917620137299771;0;1;;"test0";8181;19793512
276;-1043366944;true;0.002917620137299771;0;1;;"test0";12081;19793512
276;-1400890629;true;0.0029748283752860415;0;1;;"test0";13000;19793512
276;300365038;true;0.003003432494279176;0;1;;"test0";12681;19793512
276;-1175870033;true;0.003559120577902965;0;1;;"test0";11945;19793512
276;1346273124;true;0.0035592063726542374;0;1;;"test0";12024;19793512
276;655902478;true;0.0035592063726542374;0;1;;"test0";14570;19793512
276;-1151394415;true;0.0035756724952351513;0;1;;"test0";10984;19793512
276;-633182357;true;0.0035764486050696314;0;1;;"test0";8241;19793512
276;-873381995;true;0.003589283925207523;0;1;;"test0";11182;19793512
276;-932049345;true;0.0035994427202612617;0;1;;"test0";11463;19793512
276;1142825509;true;0.003796113882157877;0;1;;"test0";11423;19793512
276;465654021;true;0.003796113882157877;0;1;;"test0";11218;19793512
276;1306733680;true;0.003796113882157877;0;1;;"test0";11164;19793512
276;2097717532;true;0.0038093900197784434;0;1;;"test0";11467;19793512
276;966353272;true;0.0038093900197784434;0;1;;"test0";11060;19793512
276;-613980670;true;0.0038093900197784434;0;1;;"test0";11192;19793512
276;1508485174;true;0.0038093900197784434;0;1;;"test0";11541;19793512
276;449653113;true;0.0038670574494710473;0;1;;"test0";12614;19793512
276;1557188728;true;0.003877628757662685;0;1;;"test0";11758;19793512
276;1811820538;true;0.003877628757662685;0;1;;"test0";11476;19793512
276;1207727141;true;0.003877628757662685;0;1;;"test0";11643;19793512
276;241021035;true;0.0038916454000423113;0;1;;"test0";10522;19793512
276;-1923136918;true;0.0038916454000423113;0;1;;"test0";13020;19793512
276;1031400535;true;0.003976110182310492;0;1;;"test0";12210;19793512
276;2026094183;true;0.003976110182310492;0;1;;"test0";12992;19793512
276;2032013136;true;0.003976110182310492;0;1;;"test0";11224;19793512
276;-843736258;true;0.003976110182310492;0;1;;"test0";9893;19793512
276;2032013136;true;0.003976110182310492;0;1;;"test0";10927;19793512
276;-842754890;true;0.0039834410962081455;0;1;;"test0";14140;19793512
276;889897691;true;0.003984685302022197;0;1;;"test0";13335;19793512
276;-194083442;true;0.003988394510529679;0;1;;"test0";12452;19793512
276;-1931489693;true;0.003988394510529679;0;1;;"test0";14792;19793512
276;954044961;true;0.003990200871978633;0;1;;"test0";11074;19793512
276;-363803902;true;0.003990200871978633;0;1;;"test0";12790;19793512
276;577549256;true;0.003993961084894316;0;1;;"test0";11280;19793512
276;-297703462;true;0.003995236631116497;0;1;;"test0";14412;19793512
276;-297703462;true;0.003995236631116497;0;1;;"test0";12331;19793512
276;-358344037;true;0.004000813694393526;0;1;;"test0";12166;19793512
276;924601639;true;0.004000813694393526;0;1;;"test0";12543;19793512
276;-355519581;true;0.0040020685423564906;0;1;;"test0";11982;19793512
276;1134235570;true;0.0040020685423564906;0;1;;"test0";11417;19793512
276;-1099094456;true;0.00400212704991644;0;1;;"test0";8703;19793512
276;-2044272186;true;0.00400334985946821;0;1;;"test0";12018;19793512
276;-1769095838;true;0.00400334985946821;0;1;;"test0";11401;19793512
276;942891254;true;0.00400334985946821;0;1;;"test0";11417;19793512
276;-1830861536;true;0.00400334985946821;0;1;;"test0";2;19793512
277;-18254857;false;-1;0;1;;"test0";NaN;19887379
277;-607541565;true;0.003003432494279176;0;1;;"test0";14155;19887379
277;-1057432646;true;0.003003432494279176;0;1;;"test0";9495;19887379
277;2122896063;true;0.003003432494279176;0;1;;"test0";14687;19887379
277;1626415695;true;0.003003432494279176;0;1;;"test0";12418;19887379
277;1349957824;true;0.0034424660557120738;0;1;;"test0";13999;19887379
277;-1077198719;true;0.0034425421559964695;0;1;;"test0";10908;19887379
277;2132876763;true;0.003573431951295586;0;1;;"test0";12870;19887379
277;-54247239;true;0.0035756724952351513;0;1;;"test0";10607;19887379
277;1188771089;true;0.0035764486050696314;0;1;;"test0";11010;19887379
277;1201748334;true;0.0035764486050696314;0;1;;"test0";11711;19887379
277;-1275879552;true;0.0035765633297099027;0;1;;"test0";14013;19887379
277;-1773587126;true;0.0035994427202612617;0;1;;"test0";13411;19887379
277;-1335232801;true;0.0035994427202612617;0;1;;"test0";15862;19887379
277;104283113;true;0.0035994427202612617;0;1;;"test0";11930;19887379
277;973549443;true;0.0038092274555293227;0;1;;"test0";12422;19887379
277;-613980670;true;0.0038093900197784434;0;1;;"test0";12017;19887379
277;1258987416;true;0.0038203030929831326;0;1;;"test0";16025;19887379
277;449653113;true;0.0038670574494710473;0;1;;"test0";11238;19887379
277;-737862343;true;0.0038670574494710473;0;1;;"test0";11815;19887379
277;1319037416;true;0.0038935254212042873;0;1;;"test0";12673;19887379
277;-19165272;true;0.003976110182310492;0;1;;"test0";16175;19887379
277;1310282595;true;0.003976110182310492;0;1;;"test0";16322;19887379
277;-842754890;true;0.0039834410962081455;0;1;;"test0";14797;19887379
277;-515657626;true;0.003984685302022197;0;1;;"test0";13393;19887379
277;121852553;true;0.003984685302022197;0;1;;"test0";11555;19887379
277;889897691;true;0.003984685302022197;0;1;;"test0";15653;19887379
277;889897691;true;0.003984685302022197;0;1;;"test0";11110;19887379
277;-194083442;true;0.003988394510529679;0;1;;"test0";14817;19887379
277;-513090348;true;0.003988394510529679;0;1;;"test0";11955;19887379
277;-1931489693;true;0.003988394510529679;0;1;;"test0";16021;19887379
277;-596153195;true;0.003988394510529679;0;1;;"test0";14891;19887379
277;1425354531;true;0.003988816800150562;0;1;;"test0";12138;19887379
277;577549256;true;0.003993961084894316;0;1;;"test0";12141;19887379
277;577549256;true;0.003993961084894316;0;1;;"test0";10876;19887379
277;1604383560;true;0.003993961084894316;0;1;;"test0";12241;19887379
277;1014848906;true;0.004000813694393526;0;1;;"test0";14018;19887379
277;924601639;true;0.004000813694393526;0;1;;"test0";12137;19887379
277;-2053578242;true;0.0040020685423564906;0;1;;"test0";14162;19887379
277;-1479557770;true;0.0040020685423564906;0;1;;"test0";14161;19887379
277;-1874400402;true;0.00400212704991644;0;1;;"test0";14797;19887379
277;1353447421;true;0.00400212704991644;0;1;;"test0";14579;19887379
277;1820443438;true;0.00400212704991644;0;1;;"test0";14537;19887379
277;-699048284;true;0.00400212704991644;0;1;;"test0";10911;19887379
277;-1099094456;true;0.00400212704991644;0;1;;"test0";14600;19887379
277;-2113448232;true;0.00400334985946821;0;1;;"test0";10634;19887379
277;-1830861536;true;0.00400334985946821;0;1;;"test0";1;19887379
277;942891254;true;0.00400334985946821;0;1;;"test0";1;19887379
277;-1769095838;true;0.00400334985946821;0;1;;"test0";11728;19887379
277;-705314169;true;0.00400334985946821;0;1;;"test0";11519;19887379
278;-1240824418;true;0.002002288329519451;0;1;;"test0";15637;19981891
278;-140136606;true;0.002574370709382151;0;1;;"test0";11121;19981891
278;-531811600;true;0.002917620137299771;0;1;;"test0";18053;19981891
278;-1179018420;true;0.003003432494279176;0;1;;"test0";12755;19981891
278;1588644735;true;0.0035752785228724323;0;1;;"test0";13195;19981891
278;1542234685;true;0.0035994427202612617;0;1;;"test0";14842;19981891
278;-438379804;true;0.0035994427202612617;0;1;;"test0";13848;19981891
278;1800051215;true;0.0035994427202612617;0;1;;"test0";15236;19981891
278;-1411274310;true;0.0035994427202612617;0;1;;"test0";11432;19981891
278;224095204;true;0.0035994427202612617;0;1;;"test0";15417;19981891
278;701357056;true;0.003796113882157877;0;1;;"test0";15551;19981891
278;-2085388797;true;0.0038092274555293227;0;1;;"test0";13267;19981891
278;1402858215;true;0.0038092274555293227;0;1;;"test0";12673;19981891
278;1882047243;true;0.0038092274555293227;0;1;;"test0";15597;19981891
278;-613980670;true;0.0038093900197784434;0;1;;"test0";14523;19981891
278;-521759963;true;0.0038093900197784434;0;1;;"test0";15027;19981891
278;982761460;true;0.0038093900197784434;0;1;;"test0";10984;19981891
278;-737862343;true;0.0038670574494710473;0;1;;"test0";15815;19981891
278;-737862343;true;0.0038670574494710473;0;1;;"test0";14029;19981891
278;1625681710;true;0.0038670574494710473;0;1;;"test0";13773;19981891
278;-794491325;true;0.0038670574494710473;0;1;;"test0";13854;19981891
278;1070759095;true;0.003886592346508793;0;1;;"test0";14079;19981891
278;-2105370445;true;0.0038916454000423113;0;1;;"test0";13865;19981891
278;1319037416;true;0.0038935254212042873;0;1;;"test0";14567;19981891
278;-19165272;true;0.003976110182310492;0;1;;"test0";15386;19981891
278;1362839973;true;0.003976110182310492;0;1;;"test0";16486;19981891
278;-842754890;true;0.0039834410962081455;0;1;;"test0";14704;19981891
278;889897691;true;0.003984685302022197;0;1;;"test0";14334;19981891
278;889897691;true;0.003984685302022197;0;1;;"test0";16688;19981891
278;1401364293;true;0.003984685302022197;0;1;;"test0";14986;19981891
278;1457150350;true;0.003984685302022197;0;1;;"test0";14619;19981891
278;-159304699;true;0.003984685302022197;0;1;;"test0";15787;19981891
278;-2094064967;true;0.003984685302022197;0;1;;"test0";14639;19981891
278;-1316404316;true;0.003988816800150562;0;1;;"test0";14654;19981891
278;2114830353;true;0.003993961084894316;0;1;;"test0";14847;19981891
278;-1479557770;true;0.0040020685423564906;0;1;;"test0";15149;19981891
278;-1047856880;true;0.0040020685423564906;0;1;;"test0";14157;19981891
278;-1564551320;true;0.0040020685423564906;0;1;;"test0";15135;19981891
278;486527869;true;0.0040020685423564906;0;1;;"test0";15523;19981891
278;-1479557770;true;0.0040020685423564906;0;1;;"test0";16189;19981891
278;-1165950454;true;0.00400212704991644;0;1;;"test0";11401;19981891
278;-699942059;true;0.00400212704991644;0;1;;"test0";11897;19981891
278;-1874400402;true;0.00400212704991644;0;1;;"test0";12795;19981891
278;1353447421;true;0.00400212704991644;0;1;;"test0";13742;19981891
278;-1434294497;true;0.00400212704991644;0;1;;"test0";12170;19981891
278;-1099094456;true;0.00400212704991644;0;1;;"test0";12334;19981891
278;-1769095838;true;0.00400334985946821;0;1;;"test0";2;19981891
278;17254326;true;0.00400334985946821;0;1;;"test0";15511;19981891
278;-705314169;true;0.00400334985946821;0;1;;"test0";2;19981891
278;-76966645;true;0.00400334985946821;0;1;;"test0";11565;19981891
279;1319037416;false;-1;0;1;;"test0";NaN;20075913
279;-705314169;false;-1;0;1;;"test0";NaN;20075913
279;-855550624;false;-1;0;1;;"test0";NaN;20075913
279;-1774314618;true;0.002917620137299771;0;1;;"test0";14412;20075913
279;-974863237;true;0.002917620137299771;0;1;;"test0";14749;20075913
279;-1179018420;true;0.003003432494279176;0;1;;"test0";9905;20075913
279;-1188811409;true;0.003003432494279176;0;1;;"test0";10268;20075913
279;-1189532063;true;0.003003432494279176;0;1;;"test0";11395;20075913
279;1169160291;true;0.003003432494279176;0;1;;"test0";13232;20075913
279;-1359203294;true;0.003442222206620492;0;1;;"test0";11874;20075913
279;833429034;true;0.003442862792272603;0;1;;"test0";13465;20075913
279;655382331;true;0.003575361280314737;0;1;;"test0";11857;20075913
279;1846569464;true;0.0035758322253219626;0;1;;"test0";13208;20075913
279;-1187657206;true;0.0035994427202612617;0;1;;"test0";15072;20075913
279;1471139517;true;0.0035994427202612617;0;1;;"test0";10534;20075913
279;-1245139501;true;0.0035994427202612617;0;1;;"test0";13741;20075913
279;561294206;true;0.0038651141425035604;0;1;;"test0";9695;20075913
279;-794491325;true;0.0038670574494710473;0;1;;"test0";8669;20075913
279;1286583132;true;0.0038670574494710473;0;1;;"test0";13396;20075913
279;1873833678;true;0.0038670574494710473;0;1;;"test0";13908;20075913
279;1680801335;true;0.0038670574494710473;0;1;;"test0";14265;20075913
279;1319037416;true;0.0038935254212042873;0;1;;"test0";13461;20075913
279;1319037416;true;0.0038935254212042873;0;1;;"test0";10723;20075913
279;247776457;true;0.0039674698184877025;0;1;;"test0";12423;20075913
279;-1255910081;true;0.003976110182310492;0;1;;"test0";11096;20075913
279;401765873;true;0.003976110182310492;0;1;;"test0";13155;20075913
279;-842754890;true;0.0039834410962081455;0;1;;"test0";13156;20075913
279;-799186073;true;0.0039834410962081455;0;1;;"test0";13432;20075913
279;315688385;true;0.0039834410962081455;0;1;;"test0";13153;20075913
279;-1289037987;true;0.003984685302022197;0;1;;"test0";11500;20075913
279;889897691;true;0.003984685302022197;0;1;;"test0";11212;20075913
279;-1531565145;true;0.003984685302022197;0;1;;"test0";9495;20075913
279;-1316404316;true;0.003988816800150562;0;1;;"test0";10409;20075913
279;1424813633;true;0.003993961084894316;0;1;;"test0";14612;20075913
279;-498441166;true;0.003993961084894316;0;1;;"test0";12792;20075913
279;-1620314263;true;0.003993961084894316;0;1;;"test0";12764;20075913
279;1745083632;true;0.003993961084894316;0;1;;"test0";14092;20075913
279;-806742776;true;0.003995236631116497;0;1;;"test0";9632;20075913
279;1134609634;true;0.003999554756147558;0;1;;"test0";11931;20075913
279;303276268;true;0.004000813694393526;0;1;;"test0";8963;20075913
279;-1047856880;true;0.0040020685423564906;0;1;;"test0";13338;20075913
279;486527869;true;0.0040020685423564906;0;1;;"test0";12374;20075913
279;652894038;true;0.0040020685423564906;0;1;;"test0";11004;20075913
279;1832383746;true;0.0040020685423564906;0;1;;"test0";10363;20075913
279;-1564551320;true;0.0040020685423564906;0;1;;"test0";12939;20075913
279;-1419758568;true;0.00400334985946821;0;1;;"test0";14979;20075913
279;-2099299494;true;0.00400334985946821;0;1;;"test0";13600;20075913
279;-76966645;true;0.00400334985946821;0;1;;"test0";2;20075913
279;1364047052;true;0.00400334985946821;0;1;;"test0";14583;20075913
280;22207327;false;-1;0;1;;"test0";NaN;20360709
280;-1407485012;false;-1;0;0;;;240174;20360709
280;1443546163;true;0.003003432494279176;0;1;;"test0";14070;20360709
280;-170802366;true;0.003003432494279176;0;1;;"test0";11611;20360709
280;-1256401511;true;0.0034424347584529713;0;1;;"test0";15548;20360709
280;833429034;true;0.003442862792272603;0;1;;"test0";13283;20360709
280;833429034;true;0.003442862792272603;0;1;;"test0";11239;20360709
280;927855920;true;0.0035215107722845126;0;1;;"test0";10733;20360709
280;-1000564810;true;0.0035215107722845126;0;1;;"test0";13116;20360709
280;17589324;true;0.0035756724952351513;0;1;;"test0";12097;20360709
280;-977357661;true;0.0035758322253219626;0;1;;"test0";12733;20360709
280;1846569464;true;0.0035758322253219626;0;1;;"test0";12972;20360709
280;1691817240;true;0.0035768145722332896;0;1;;"test0";11005;20360709
280;-959697189;true;0.0035994427202612617;0;1;;"test0";13105;20360709
280;-1146071174;true;0.0035994427202612617;0;1;;"test0";12717;20360709
280;502145739;true;0.0035994427202612617;0;1;;"test0";15512;20360709
280;-1032075484;true;0.0035994427202612617;0;1;;"test0";10577;20360709
280;-1740807102;true;0.003621994123471464;0;1;;"test0";12266;20360709
280;-1716243642;true;0.003796113882157877;0;1;;"test0";12409;20360709
280;-1556136183;true;0.0038651141425035604;0;1;;"test0";12501;20360709
280;108395211;true;0.0038935254212042873;0;1;;"test0";13232;20360709
280;1326619795;true;0.0038935254212042873;0;1;;"test0";15205;20360709
280;-1700308875;true;0.0038935254212042873;0;1;;"test0";13889;20360709
280;-887299922;true;0.0039674698184877025;0;1;;"test0";15602;20360709
280;247776457;true;0.0039674698184877025;0;1;;"test0";13234;20360709
280;190859472;true;0.0039674698184877025;0;1;;"test0";12231;20360709
280;-655714075;true;0.0039896231714483;0;1;;"test0";8323;20360709
280;-1911242438;true;0.003990109227923039;0;1;;"test0";8093;20360709
280;-59015224;true;0.003990109227923039;0;1;;"test0";12684;20360709
280;-498441166;true;0.003993961084894316;0;1;;"test0";10413;20360709
280;-244269544;true;0.003993961084894316;0;1;;"test0";12921;20360709
280;-1732625884;true;0.003993961084894316;0;1;;"test0";15392;20360709
280;1182314317;true;0.003993961084894316;0;1;;"test0";15450;20360709
280;506971077;true;0.003993961084894316;0;1;;"test0";14985;20360709
280;1424813633;true;0.003993961084894316;0;1;;"test0";14086;20360709
280;60580205;true;0.003995236631116497;0;1;;"test0";12448;20360709
280;677906571;true;0.003995236631116497;0;1;;"test0";8930;20360709
280;521649694;true;0.003995236631116497;0;1;;"test0";12376;20360709
280;-806742776;true;0.003995236631116497;0;1;;"test0";10923;20360709
280;1134609634;true;0.003999554756147558;0;1;;"test0";12963;20360709
280;-384488148;true;0.003999554756147558;0;1;;"test0";13245;20360709
280;-1806413293;true;0.004000813694393526;0;1;;"test0";13313;20360709
280;303276268;true;0.004000813694393526;0;1;;"test0";11720;20360709
280;-1401998097;true;0.0040020685423564906;0;1;;"test0";12265;20360709
280;-1564551320;true;0.0040020685423564906;0;1;;"test0";13342;20360709
280;-76966645;true;0.00400334985946821;0;1;;"test0";3;20360709
280;-2099299494;true;0.00400334985946821;0;1;;"test0";12925;20360709
280;1364047052;true;0.00400334985946821;0;1;;"test0";4;20360709
280;-1580427246;true;0.00400334985946821;0;1;;"test0";14066;20360709
280;-1637712818;true;0.00400334985946821;0;1;;"test0";14082;20360709
281;-41901421;false;-1;0;1;;"test0";NaN;20458080
281;-608884168;false;-1;0;1;;"test0";NaN;20458080
281;-83460404;true;0.0035752785228724323;0;1;;"test0";10029;20458080
281;-977357661;true;0.0035758322253219626;0;1;;"test0";15387;20458080
281;1225253193;true;0.0035758322253219626;0;1;;"test0";12512;20458080
281;-1948979346;true;0.0035766221767010785;0;1;;"test0";12446;20458080
281;-2101696561;true;0.0035846792954212898;0;1;;"test0";11621;20458080
281;890787523;true;0.0035994427202612617;0;1;;"test0";13768;20458080
281;-1797319271;true;0.0035994427202612617;0;1;;"test0";14685;20458080
281;502145739;true;0.0035994427202612617;0;1;;"test0";14718;20458080
281;68980913;true;0.0035994427202612617;0;1;;"test0";13821;20458080
281;-63001629;true;0.003621994123471464;0;1;;"test0";13361;20458080
281;369481046;true;0.003621994123471464;0;1;;"test0";13126;20458080
281;559108792;true;0.003796113882157877;0;1;;"test0";14415;20458080
281;933188357;true;0.003796113882157877;0;1;;"test0";14931;20458080
281;482522329;true;0.003796113882157877;0;1;;"test0";14067;20458080
281;-1643721546;true;0.003796113882157877;0;1;;"test0";14972;20458080
281;-1716243642;true;0.003796113882157877;0;1;;"test0";13844;20458080
281;-1869830145;true;0.003796113882157877;0;1;;"test0";14083;20458080
281;407962807;true;0.0038101511120584327;0;1;;"test0";12271;20458080
281;1356104114;true;0.0038916454000423113;0;1;;"test0";15706;20458080
281;-1479837050;true;0.0038935254212042873;0;1;;"test0";12207;20458080
281;247776457;true;0.0039674698184877025;0;1;;"test0";14549;20458080
281;190859472;true;0.0039674698184877025;0;1;;"test0";11760;20458080
281;-1489488226;true;0.0039674698184877025;0;1;;"test0";12742;20458080
281;1417045098;true;0.0039674698184877025;0;1;;"test0";13472;20458080
281;-1251707201;true;0.0039674698184877025;0;1;;"test0";13812;20458080
281;-1803245309;true;0.003973597077489206;0;1;;"test0";11122;20458080
281;-2058008099;true;0.003988816800150562;0;1;;"test0";7967;20458080
281;185016707;true;0.0039896231714483;0;1;;"test0";13726;20458080
281;1152736707;true;0.0039896231714483;0;1;;"test0";14947;20458080
281;-2057283420;true;0.0039896231714483;0;1;;"test0";14351;20458080
281;-655714075;true;0.0039896231714483;0;1;;"test0";15256;20458080
281;469526248;true;0.0039896231714483;0;1;;"test0";13296;20458080
281;-498441166;true;0.003993961084894316;0;1;;"test0";15397;20458080
281;60580205;true;0.003995236631116497;0;1;;"test0";11652;20458080
281;1446422220;true;0.003995236631116497;0;1;;"test0";15540;20458080
281;2024947002;true;0.003995236631116497;0;1;;"test0";11888;20458080
281;-1864493113;true;0.0040020685423564906;0;1;;"test0";11989;20458080
281;-1564551320;true;0.0040020685423564906;0;1;;"test0";12725;20458080
281;-1401998097;true;0.0040020685423564906;0;1;;"test0";11603;20458080
281;1318079582;true;0.0040020685423564906;0;1;;"test0";14624;20458080
281;-1401998097;true;0.0040020685423564906;0;1;;"test0";12716;20458080
281;-1401998097;true;0.0040020685423564906;0;1;;"test0";13791;20458080
281;-1564551320;true;0.0040020685423564906;0;1;;"test0";12728;20458080
281;-598682690;true;0.00400212704991644;0;1;;"test0";12487;20458080
281;1364047052;true;0.00400334985946821;0;1;;"test0";13065;20458080
281;-1637712818;true;0.00400334985946821;0;1;;"test0";1;20458080
281;-1580427246;true;0.00400334985946821;0;1;;"test0";2;20458080
281;-1176715556;true;0.00400334985946821;0;1;;"test0";13492;20458080
282;-376590477;false;-1;0;1;;"test0";NaN;20555600
282;-1592115631;true;0.002942137953579601;0;1;;"test0";12593;20555600
282;1438326275;true;0.002942137953579601;0;1;;"test0";15309;20555600
282;790767713;true;0.003003432494279176;0;1;;"test0";13442;20555600
282;1753297962;true;0.003451075685110861;0;1;;"test0";13157;20555600
282;1122138023;true;0.0034961267342874277;0;1;;"test0";11072;20555600
282;1964429178;true;0.003557586116000347;0;1;;"test0";14150;20555600
282;709264146;true;0.0035754380756510664;0;1;;"test0";13379;20555600
282;2031982365;true;0.0035994427202612617;0;1;;"test0";13023;20555600
282;369481046;true;0.003621994123471464;0;1;;"test0";13804;20555600
282;369481046;true;0.003621994123471464;0;1;;"test0";13017;20555600
282;189742407;true;0.003621994123471464;0;1;;"test0";15128;20555600
282;850054589;true;0.003796113882157877;0;1;;"test0";15585;20555600
282;632793198;true;0.003796113882157877;0;1;;"test0";14663;20555600
282;-2062000026;true;0.003796113882157877;0;1;;"test0";12726;20555600
282;-930686145;true;0.003796113882157877;0;1;;"test0";15617;20555600
282;-51082300;true;0.0038100944093194494;0;1;;"test0";16242;20555600
282;587626809;true;0.0038935254212042873;0;1;;"test0";13381;20555600
282;-1479837050;true;0.0038935254212042873;0;1;;"test0";14446;20555600
282;-1479837050;true;0.0038935254212042873;0;1;;"test0";13636;20555600
282;1316760174;true;0.0038935254212042873;0;1;;"test0";14492;20555600
282;-1479837050;true;0.0038935254212042873;0;1;;"test0";14790;20555600
282;-1479837050;true;0.0038935254212042873;0;1;;"test0";15353;20555600
282;-1247568826;true;0.0038935254212042873;0;1;;"test0";15328;20555600
282;-2131134773;true;0.0038935254212042873;0;1;;"test0";17231;20555600
282;2133395326;true;0.0038935254212042873;0;1;;"test0";14437;20555600
282;247776457;true;0.0039674698184877025;0;1;;"test0";14231;20555600
282;-1320354606;true;0.003973597077489206;0;1;;"test0";12431;20555600
282;-1803245309;true;0.003973597077489206;0;1;;"test0";12208;20555600
282;-1803245309;true;0.003973597077489206;0;1;;"test0";11806;20555600
282;-1803245309;true;0.003973597077489206;0;1;;"test0";15001;20555600
282;-1600866193;true;0.003988816800150562;0;1;;"test0";13294;20555600
282;469526248;true;0.0039896231714483;0;1;;"test0";13281;20555600
282;-2134261122;true;0.0039896231714483;0;1;;"test0";13874;20555600
282;1338278994;true;0.0039896231714483;0;1;;"test0";12555;20555600
282;469526248;true;0.0039896231714483;0;1;;"test0";13125;20555600
282;-498441166;true;0.003993961084894316;0;1;;"test0";17189;20555600
282;-1905260866;true;0.003993961084894316;0;1;;"test0";17371;20555600
282;366667040;true;0.003995236631116497;0;1;;"test0";13846;20555600
282;2024947002;true;0.003995236631116497;0;1;;"test0";16283;20555600
282;2024947002;true;0.003995236631116497;0;1;;"test0";13665;20555600
282;-1401998097;true;0.0040020685423564906;0;1;;"test0";13353;20555600
282;639306976;true;0.0040020685423564906;0;1;;"test0";16261;20555600
282;1364047052;true;0.00400334985946821;0;1;;"test0";14476;20555600
282;-1176715556;true;0.00400334985946821;0;1;;"test0";2;20555600
282;2033175664;true;0.00400334985946821;0;1;;"test0";13737;20555600
282;-1891515323;true;0.00400334985946821;0;1;;"test0";12082;20555600
282;1364047052;true;0.00400334985946821;0;1;;"test0";13257;20555600
282;-1580427246;true;0.00400334985946821;0;1;;"test0";13024;20555600
283;-776574455;false;-1;0;1;;"test0";NaN;20654823
283;-798141404;true;0.002917620137299771;0;1;;"test0";12083;20654823
283;-1897031379;true;0.003003432494279176;0;1;;"test0";13408;20654823
283;-1544569136;true;0.003446452767525234;0;1;;"test0";16192;20654823
283;-1285268399;true;0.00345049114166193;0;1;;"test0";14120;20654823
283;1753297962;true;0.003451075685110861;0;1;;"test0";15943;20654823
283;-251421237;true;0.003456670643421656;0;1;;"test0";15292;20654823
283;1964429178;true;0.003557586116000347;0;1;;"test0";13422;20654823
283;1964429178;true;0.003557586116000347;0;1;;"test0";12544;20654823
283;-1042759762;true;0.00357484203686961;0;1;;"test0";15201;20654823
283;600600056;true;0.0035752785228724323;0;1;;"test0";10113;20654823
283;-1600286754;true;0.0035754380756510664;0;1;;"test0";14403;20654823
283;1463797963;true;0.0035755917551991054;0;1;;"test0";14051;20654823
283;1441404700;true;0.0035994427202612617;0;1;;"test0";10143;20654823
283;1345115642;true;0.0035994427202612617;0;1;;"test0";14427;20654823
283;703016866;true;0.0037554198518344613;0;1;;"test0";15101;20654823
283;1917016938;true;0.003796113882157877;0;1;;"test0";13966;20654823
283;850054589;true;0.003796113882157877;0;1;;"test0";12589;20654823
283;130861047;true;0.003796113882157877;0;1;;"test0";15952;20654823
283;1329110682;true;0.0038100944093194494;0;1;;"test0";15713;20654823
283;-51082300;true;0.0038100944093194494;0;1;;"test0";17168;20654823
283;-1665948461;true;0.0038100944093194494;0;1;;"test0";15719;20654823
283;210601941;true;0.0038100944093194494;0;1;;"test0";14319;20654823
283;6875882;true;0.0038100944093194494;0;1;;"test0";9842;20654823
283;-51082300;true;0.0038100944093194494;0;1;;"test0";11694;20654823
283;-51082300;true;0.0038100944093194494;0;1;;"test0";15987;20654823
283;-51082300;true;0.0038100944093194494;0;1;;"test0";15338;20654823
283;963019561;true;0.0038916454000423113;0;1;;"test0";13740;20654823
283;-1984218998;true;0.0038930485128037214;0;1;;"test0";6377;20654823
283;-1479837050;true;0.0038935254212042873;0;1;;"test0";12140;20654823
283;1316760174;true;0.0038935254212042873;0;1;;"test0";10319;20654823
283;1826114496;true;0.0039674698184877025;0;1;;"test0";12965;20654823
283;247776457;true;0.0039674698184877025;0;1;;"test0";17210;20654823
283;1604624755;true;0.003973597077489206;0;1;;"test0";14281;20654823
283;-1930897387;true;0.003973597077489206;0;1;;"test0";15902;20654823
283;466476233;true;0.003988816800150562;0;1;;"test0";16200;20654823
283;692191484;true;0.0039896231714483;0;1;;"test0";14361;20654823
283;1338278994;true;0.0039896231714483;0;1;;"test0";14275;20654823
283;1338278994;true;0.0039896231714483;0;1;;"test0";14009;20654823
283;469526248;true;0.0039896231714483;0;1;;"test0";14701;20654823
283;-498441166;true;0.003993961084894316;0;1;;"test0";14520;20654823
283;2024947002;true;0.003995236631116497;0;1;;"test0";15119;20654823
283;2024947002;true;0.003995236631116497;0;1;;"test0";12259;20654823
283;105505731;true;0.004000813694393526;0;1;;"test0";13774;20654823
283;-1580427246;true;0.00400334985946821;0;1;;"test0";2;20654823
283;2033175664;true;0.00400334985946821;0;1;;"test0";15112;20654823
283;1364047052;true;0.00400334985946821;0;1;;"test0";9681;20654823
283;-1209896865;true;0.00400334985946821;0;1;;"test0";15101;20654823
283;-1399013324;true;0.00400334985946821;0;1;;"test0";11493;20654823
284;-686170769;true;0.0028643572950366922;0;1;;"test0";13861;20747531
284;24078280;true;0.002917620137299771;0;1;;"test0";12813;20747531
284;-1190165977;true;0.002942137953579601;0;1;;"test0";14572;20747531
284;1503687279;true;0.002942137953579601;0;1;;"test0";13857;20747531
284;830355480;true;0.003003432494279176;0;1;;"test0";13602;20747531
284;193113346;true;0.003003432494279176;0;1;;"test0";11325;20747531
284;-81841266;true;0.003003432494279176;0;1;;"test0";15961;20747531
284;1337875849;true;0.003003432494279176;0;1;;"test0";13038;20747531
284;22766806;true;0.003443259467876058;0;1;;"test0";13734;20747531
284;-1837836386;true;0.00344693226495443;0;1;;"test0";13507;20747531
284;454827617;true;0.00345049114166193;0;1;;"test0";16305;20747531
284;368125016;true;0.00345049114166193;0;1;;"test0";14761;20747531
284;1195807759;true;0.00345049114166193;0;1;;"test0";16625;20747531
284;1654496088;true;0.0035215107722845126;0;1;;"test0";14923;20747531
284;-1660690402;true;0.0035673506453552375;0;1;;"test0";14952;20747531
284;-1365473411;true;0.0035754380756510664;0;1;;"test0";13736;20747531
284;1556098488;true;0.003584885267336272;0;1;;"test0";16365;20747531
284;1865065151;true;0.0035994427202612617;0;1;;"test0";12733;20747531
284;-119203482;true;0.003796113882157877;0;1;;"test0";14340;20747531
284;1390088462;true;0.003796113882157877;0;1;;"test0";15458;20747531
284;808852989;true;0.003796113882157877;0;1;;"test0";17101;20747531
284;-1790014175;true;0.003796113882157877;0;1;;"test0";15199;20747531
284;180082694;true;0.003796113882157877;0;1;;"test0";12475;20747531
284;-1019713558;true;0.0038100944093194494;0;1;;"test0";11761;20747531
284;-818609118;true;0.0038100944093194494;0;1;;"test0";11352;20747531
284;61111317;true;0.0038667259990280843;0;1;;"test0";13429;20747531
284;54252851;true;0.0038916454000423113;0;1;;"test0";14873;20747531
284;-1984218998;true;0.0038930485128037214;0;1;;"test0";15560;20747531
284;-1984218998;true;0.0038930485128037214;0;1;;"test0";16572;20747531
284;1842980599;true;0.0038935254212042873;0;1;;"test0";14635;20747531
284;1384702250;true;0.0038935254212042873;0;1;;"test0";14667;20747531
284;-877871707;true;0.0039674698184877025;0;1;;"test0";13662;20747531
284;-1634746240;true;0.0039674698184877025;0;1;;"test0";16457;20747531
284;562772705;true;0.003973597077489206;0;1;;"test0";15519;20747531
284;-1930897387;true;0.003973597077489206;0;1;;"test0";13748;20747531
284;-1689814581;true;0.0039834410962081455;0;1;;"test0";12709;20747531
284;-1262945056;true;0.003988816800150562;0;1;;"test0";15197;20747531
284;466476233;true;0.003988816800150562;0;1;;"test0";14442;20747531
284;801867460;true;0.003988816800150562;0;1;;"test0";14628;20747531
284;-498441166;true;0.003993961084894316;0;1;;"test0";11458;20747531
284;-527728686;true;0.003993961084894316;0;1;;"test0";8917;20747531
284;1630760738;true;0.003995236631116497;0;1;;"test0";9661;20747531
284;-734822044;true;0.003995236631116497;0;1;;"test0";11423;20747531
284;-2039801750;true;0.003995236631116497;0;1;;"test0";13298;20747531
284;-436194217;true;0.004000813694393526;0;1;;"test0";13639;20747531
284;-1605125686;true;0.004000813694393526;0;1;;"test0";14645;20747531
284;105505731;true;0.004000813694393526;0;1;;"test0";11550;20747531
284;-1794045248;true;0.004000813694393526;0;1;;"test0";16504;20747531
284;-1209896865;true;0.00400334985946821;0;1;;"test0";2;20747531
284;-1399013324;true;0.00400334985946821;0;1;;"test0";2;20747531
285;1891345814;false;-1;0;1;;"test0";NaN;20856448
285;2016677493;true;0.002942137953579601;0;1;;"test0";15581;20856448
285;1637356575;true;0.00344693226495443;0;1;;"test0";16044;20856448
285;-1837836386;true;0.00344693226495443;0;1;;"test0";16055;20856448
285;-401308073;true;0.0035658583091837284;0;1;;"test0";14043;20856448
285;1287536989;true;0.003567190554826612;0;1;;"test0";14739;20856448
285;-1660690402;true;0.0035673506453552375;0;1;;"test0";11731;20856448
285;-197603892;true;0.0035754380756510664;0;1;;"test0";14288;20856448
285;-1365473411;true;0.0035754380756510664;0;1;;"test0";13879;20856448
285;771170179;true;0.0035754380756510664;0;1;;"test0";16981;20856448
285;784940329;true;0.0035764486050696314;0;1;;"test0";10951;20856448
285;773008042;true;0.0035994427202612617;0;1;;"test0";15421;20856448
285;-196705573;true;0.0035994427202612617;0;1;;"test0";17785;20856448
285;1865065151;true;0.0035994427202612617;0;1;;"test0";17451;20856448
285;250283186;true;0.003796113882157877;0;1;;"test0";17613;20856448
285;660467734;true;0.003796113882157877;0;1;;"test0";14625;20856448
285;-1494819383;true;0.003796113882157877;0;1;;"test0";14474;20856448
285;-416295469;true;0.003796113882157877;0;1;;"test0";13304;20856448
285;-457159888;true;0.003796113882157877;0;1;;"test0";12330;20856448
285;838173068;true;0.0038667259990280843;0;1;;"test0";16213;20856448
285;-2074007192;true;0.0038667259990280843;0;1;;"test0";15303;20856448
285;54252851;true;0.0038916454000423113;0;1;;"test0";12061;20856448
285;516253031;true;0.0038916454000423113;0;1;;"test0";12551;20856448
285;-1984218998;true;0.0038930485128037214;0;1;;"test0";12620;20856448
285;1803382097;true;0.0038930485128037214;0;1;;"test0";13641;20856448
285;-1221881816;true;0.0038935254212042873;0;1;;"test0";13886;20856448
285;-202111464;true;0.0038935254212042873;0;1;;"test0";11431;20856448
285;1384702250;true;0.0038935254212042873;0;1;;"test0";15193;20856448
285;993599405;true;0.0038935254212042873;0;1;;"test0";13145;20856448
285;2069065536;true;0.0039674698184877025;0;1;;"test0";15144;20856448
285;-1613133905;true;0.0039674698184877025;0;1;;"test0";14892;20856448
285;-705257232;true;0.0039674698184877025;0;1;;"test0";15130;20856448
285;-981899787;true;0.0039674698184877025;0;1;;"test0";13890;20856448
285;-877871707;true;0.0039674698184877025;0;1;;"test0";15516;20856448
285;-1930897387;true;0.003973597077489206;0;1;;"test0";13737;20856448
285;-1689814581;true;0.0039834410962081455;0;1;;"test0";16055;20856448
285;-1689814581;true;0.0039834410962081455;0;1;;"test0";13906;20856448
285;1511449466;true;0.003988816800150562;0;1;;"test0";14673;20856448
285;-1822193677;true;0.003993961084894316;0;1;;"test0";15620;20856448
285;-1365748286;true;0.003993961084894316;0;1;;"test0";16651;20856448
285;924046487;true;0.003993961084894316;0;1;;"test0";14512;20856448
285;2087072773;true;0.003993961084894316;0;1;;"test0";16053;20856448
285;2005516477;true;0.003993961084894316;0;1;;"test0";15796;20856448
285;2065094436;true;0.003993961084894316;0;1;;"test0";14752;20856448
285;-2039801750;true;0.003995236631116497;0;1;;"test0";13936;20856448
285;-707172645;true;0.003995236631116497;0;1;;"test0";13457;20856448
285;-1794045248;true;0.004000813694393526;0;1;;"test0";15327;20856448
285;773716581;true;0.004000813694393526;0;1;;"test0";15299;20856448
285;-1399013324;true;0.00400334985946821;0;1;;"test0";1;20856448
285;-1209896865;true;0.00400334985946821;0;1;;"test0";2;20856448
286;-691780734;true;0.002574370709382151;0;1;;"test0";14620;20946100
286;-2106080667;true;0.002917620137299771;0;1;;"test0";16222;20946100
286;-1372184148;true;0.003003432494279176;0;1;;"test0";12896;20946100
286;-1719814158;true;0.003003432494279176;0;1;;"test0";14848;20946100
286;-1121757299;true;0.003446893038189957;0;1;;"test0";11834;20946100
286;-604628993;true;0.0035754380756510664;0;1;;"test0";13613;20946100
286;-197603892;true;0.0035754380756510664;0;1;;"test0";15375;20946100
286;560814128;true;0.0035878441697514353;0;1;;"test0";15192;20946100
286;-1069709437;true;0.0035994427202612617;0;1;;"test0";15448;20946100
286;-2006246722;true;0.0035994427202612617;0;1;;"test0";16314;20946100
286;1387759841;true;0.0035994427202612617;0;1;;"test0";14673;20946100
286;135423051;true;0.0035994427202612617;0;1;;"test0";13597;20946100
286;-196705573;true;0.0035994427202612617;0;1;;"test0";9347;20946100
286;866941788;true;0.003796113882157877;0;1;;"test0";16905;20946100
286;-1467589566;true;0.0038651141425035604;0;1;;"test0";15645;20946100
286;838173068;true;0.0038667259990280843;0;1;;"test0";13011;20946100
286;-1509789431;true;0.0038916454000423113;0;1;;"test0";13981;20946100
286;54252851;true;0.0038916454000423113;0;1;;"test0";16782;20946100
286;54252851;true;0.0038916454000423113;0;1;;"test0";13313;20946100
286;-1984218998;true;0.0038930485128037214;0;1;;"test0";14740;20946100
286;-1121284552;true;0.0038930485128037214;0;1;;"test0";14858;20946100
286;-1078523290;true;0.0038935254212042873;0;1;;"test0";14457;20946100
286;1384702250;true;0.0038935254212042873;0;1;;"test0";13510;20946100
286;1094906011;true;0.003957060416559644;0;1;;"test0";9398;20946100
286;-1689814581;true;0.0039834410962081455;0;1;;"test0";14466;20946100
286;828367631;true;0.0039834410962081455;0;1;;"test0";11629;20946100
286;-1689814581;true;0.0039834410962081455;0;1;;"test0";15662;20946100
286;1740957609;true;0.0039834410962081455;0;1;;"test0";15603;20946100
286;-1667136976;true;0.003988394510529679;0;1;;"test0";14465;20946100
286;-1878780142;true;0.003988816800150562;0;1;;"test0";15492;20946100
286;-1455517840;true;0.003993961084894316;0;1;;"test0";15043;20946100
286;2065094436;true;0.003993961084894316;0;1;;"test0";9735;20946100
286;1240066926;true;0.003993961084894316;0;1;;"test0";11869;20946100
286;1025702833;true;0.003993961084894316;0;1;;"test0";12059;20946100
286;2087072773;true;0.003993961084894316;0;1;;"test0";10768;20946100
286;2065094436;true;0.003993961084894316;0;1;;"test0";15674;20946100
286;-707172645;true;0.003995236631116497;0;1;;"test0";15346;20946100
286;-707172645;true;0.003995236631116497;0;1;;"test0";17083;20946100
286;-1794045248;true;0.004000813694393526;0;1;;"test0";12264;20946100
286;1408171223;true;0.004000813694393526;0;1;;"test0";11469;20946100
286;773716581;true;0.004000813694393526;0;1;;"test0";15563;20946100
286;773716581;true;0.004000813694393526;0;1;;"test0";11946;20946100
286;-795462692;true;0.004000813694393526;0;1;;"test0";14419;20946100
286;773716581;true;0.004000813694393526;0;1;;"test0";15756;20946100
286;1961532720;true;0.004000813694393526;0;1;;"test0";17067;20946100
286;-1399013324;true;0.00400334985946821;0;1;;"test0";1;20946100
286;1933975606;true;0.00400334985946821;0;1;;"test0";12093;20946100
286;-1209896865;true;0.00400334985946821;0;1;;"test0";3;20946100
286;1246061816;true;0.00400334985946821;0;1;;"test0";11276;20946100
286;1193801601;true;0.00400334985946821;0;1;;"test0";13217;20946100
287;1076461419;true;0.002917620137299771;0;1;;"test0";14634;21040000
287;-1589338810;true;0.002942137953579601;0;1;;"test0";16538;21040000
287;1259921116;true;0.003003432494279176;0;1;;"test0";12874;21040000
287;1985606790;true;0.003003432494279176;0;1;;"test0";12241;21040000
287;1387027589;true;0.0034424642111203336;0;1;;"test0";16602;21040000
287;-2021949222;true;0.003446893038189957;0;1;;"test0";17115;21040000
287;870056558;true;0.003446893038189957;0;1;;"test0";17175;21040000
287;2048432560;true;0.00357484203686961;0;1;;"test0";16461;21040000
287;590645430;true;0.00357484203686961;0;1;;"test0";14920;21040000
287;-2006246722;true;0.0035994427202612617;0;1;;"test0";16614;21040000
287;-444630009;true;0.0035994427202612617;0;1;;"test0";16808;21040000
287;-2006246722;true;0.0035994427202612617;0;1;;"test0";17168;21040000
287;521106228;true;0.003796113882157877;0;1;;"test0";16454;21040000
287;780193489;true;0.003796113882157877;0;1;;"test0";10817;21040000
287;1934802746;true;0.003796113882157877;0;1;;"test0";14977;21040000
287;1868540590;true;0.0038075357479013783;0;1;;"test0";12956;21040000
287;1015929146;true;0.003810640434030449;0;1;;"test0";12109;21040000
287;-1467589566;true;0.0038651141425035604;0;1;;"test0";13881;21040000
287;-1467589566;true;0.0038651141425035604;0;1;;"test0";14962;21040000
287;838173068;true;0.0038667259990280843;0;1;;"test0";14868;21040000
287;-1317575954;true;0.0038888146047593147;0;1;;"test0";14596;21040000
287;-1366508050;true;0.0038916454000423113;0;1;;"test0";13578;21040000
287;-1509789431;true;0.0038916454000423113;0;1;;"test0";12058;21040000
287;-607650141;true;0.0038935254212042873;0;1;;"test0";14810;21040000
287;172314160;true;0.0038935254212042873;0;1;;"test0";13117;21040000
287;172456245;true;0.0038935254212042873;0;1;;"test0";16980;21040000
287;1612635748;true;0.0038935254212042873;0;1;;"test0";17136;21040000
287;1108931820;true;0.003916822753782113;0;1;;"test0";11898;21040000
287;748197937;true;0.003957060416559644;0;1;;"test0";15967;21040000
287;1094906011;true;0.003957060416559644;0;1;;"test0";12357;21040000
287;-276112851;true;0.003957060416559644;0;1;;"test0";16179;21040000
287;1707306005;true;0.0039834410962081455;0;1;;"test0";13638;21040000
287;1844415012;true;0.0039834410962081455;0;1;;"test0";16259;21040000
287;-1689814581;true;0.0039834410962081455;0;1;;"test0";12140;21040000
287;-1645917546;true;0.0039834410962081455;0;1;;"test0";12897;21040000
287;2103284597;true;0.003988394510529679;0;1;;"test0";12591;21040000
287;-1255396434;true;0.003988816800150562;0;1;;"test0";13752;21040000
287;-1878780142;true;0.003988816800150562;0;1;;"test0";10560;21040000
287;-1996875252;true;0.003988816800150562;0;1;;"test0";11553;21040000
287;2065094436;true;0.003993961084894316;0;1;;"test0";15478;21040000
287;2087072773;true;0.003993961084894316;0;1;;"test0";14131;21040000
287;-1647227991;true;0.003993961084894316;0;1;;"test0";13287;21040000
287;495961930;true;0.003993961084894316;0;1;;"test0";15956;21040000
287;2065094436;true;0.003993961084894316;0;1;;"test0";17234;21040000
287;-707172645;true;0.003995236631116497;0;1;;"test0";13589;21040000
287;-707172645;true;0.003995236631116497;0;1;;"test0";14007;21040000
287;-344000705;true;0.004000813694393526;0;1;;"test0";18070;21040000
287;1193801601;true;0.00400334985946821;0;1;;"test0";3;21040000
287;1246061816;true;0.00400334985946821;0;1;;"test0";1;21040000
287;-1209896865;true;0.00400334985946821;0;1;;"test0";16503;21040000
288;1246061816;false;-1;0;1;;"test0";NaN;21138150
288;-933684112;true;0.002917620137299771;0;1;;"test0";13043;21138150
288;590524254;true;0.003003432494279176;0;1;;"test0";16946;21138150
288;2119229348;true;0.003003432494279176;0;1;;"test0";13445;21138150
288;-1631953609;true;0.003446452767525234;0;1;;"test0";12664;21138150
288;-1608298113;true;0.003446730426075875;0;1;;"test0";12990;21138150
288;-1169044406;true;0.00345049114166193;0;1;;"test0";16026;21138150
288;-854093547;true;0.003557586116000347;0;1;;"test0";12822;21138150
288;-333230703;true;0.00357484203686961;0;1;;"test0";13004;21138150
288;408889008;true;0.00357484203686961;0;1;;"test0";13013;21138150
288;641961582;true;0.003574923885877451;0;1;;"test0";13696;21138150
288;2007803309;true;0.0035846792954212898;0;1;;"test0";17089;21138150
288;-1137253061;true;0.0035880106432462705;0;1;;"test0";14577;21138150
288;45675515;true;0.0035994427202612617;0;1;;"test0";13052;21138150
288;936294425;true;0.0035994427202612617;0;1;;"test0";12328;21138150
288;-1941640198;true;0.0037552772410975573;0;1;;"test0";16769;21138150
288;127391340;true;0.0037663222839517266;0;1;;"test0";14087;21138150
288;2085149094;true;0.003796113882157877;0;1;;"test0";12173;21138150
288;149765943;true;0.003796113882157877;0;1;;"test0";11037;21138150
288;-897882741;true;0.003796113882157877;0;1;;"test0";11080;21138150
288;1362333468;true;0.0038075357479013783;0;1;;"test0";14876;21138150
288;269205096;true;0.0038075357479013783;0;1;;"test0";14958;21138150
288;1868540590;true;0.0038075357479013783;0;1;;"test0";14717;21138150
288;-1343522581;true;0.003810640434030449;0;1;;"test0";14133;21138150
288;-1467589566;true;0.0038651141425035604;0;1;;"test0";16081;21138150
288;1507539318;true;0.0038667259990280843;0;1;;"test0";7701;21138150
288;7680734;true;0.0038667259990280843;0;1;;"test0";12095;21138150
288;1292186920;true;0.0038667259990280843;0;1;;"test0";15678;21138150
288;-1987859043;true;0.0038888146047593147;0;1;;"test0";12415;21138150
288;-1504953627;true;0.0038911866789573908;0;1;;"test0";12837;21138150
288;-113672347;true;0.0038916454000423113;0;1;;"test0";13633;21138150
288;-1137634895;true;0.0038935254212042873;0;1;;"test0";12869;21138150
288;1234384706;true;0.0038935254212042873;0;1;;"test0";15708;21138150
288;1864038617;true;0.0038935254212042873;0;1;;"test0";12897;21138150
288;-1429793876;true;0.0038935254212042873;0;1;;"test0";16055;21138150
288;-425944140;true;0.003916822753782113;0;1;;"test0";14098;21138150
288;-551120205;true;0.003957060416559644;0;1;;"test0";13631;21138150
288;856018902;true;0.0039834410962081455;0;1;;"test0";17253;21138150
288;-140289027;true;0.003988816800150562;0;1;;"test0";10080;21138150
288;-1255963266;true;0.003992681349422491;0;1;;"test0";15498;21138150
288;-1647227991;true;0.003993961084894316;0;1;;"test0";15580;21138150
288;2065094436;true;0.003993961084894316;0;1;;"test0";13645;21138150
288;1001210634;true;0.003993961084894316;0;1;;"test0";14557;21138150
288;-1647227991;true;0.003993961084894316;0;1;;"test0";14970;21138150
288;-1647227991;true;0.003993961084894316;0;1;;"test0";16010;21138150
288;-2096050583;true;0.003995236631116497;0;1;;"test0";12018;21138150
288;1124450004;true;0.004000321967775602;0;1;;"test0";14847;21138150
288;-1209896865;true;0.00400334985946821;0;1;;"test0";2;21138150
288;1246061816;true;0.00400334985946821;0;1;;"test0";13042;21138150
289;-1104916259;true;0.003003432494279176;0;1;;"test0";9327;21232641
289;-71286922;true;0.003003432494279176;0;1;;"test0";16279;21232641
289;-1684034143;true;0.003003432494279176;0;1;;"test0";11021;21232641
289;-1984460136;true;0.003446452767525234;0;1;;"test0";16058;21232641
289;-1557101721;true;0.0034468011381849043;0;1;;"test0";13557;21232641
289;-1169044406;true;0.00345049114166193;0;1;;"test0";13025;21232641
289;-1825404002;true;0.00345049114166193;0;1;;"test0";15675;21232641
289;-485584054;true;0.003557586116000347;0;1;;"test0";16573;21232641
289;-854093547;true;0.003557586116000347;0;1;;"test0";14334;21232641
289;-889455251;true;0.00357484203686961;0;1;;"test0";15582;21232641
289;-181773508;true;0.00357484203686961;0;1;;"test0";14318;21232641
289;857287107;true;0.00357484203686961;0;1;;"test0";14063;21232641
289;-341462421;true;0.0035846792954212898;0;1;;"test0";11954;21232641
289;-1756887362;true;0.0035880106432462705;0;1;;"test0";16397;21232641
289;106278227;true;0.0035994427202612617;0;1;;"test0";14139;21232641
289;1473731;true;0.0035994427202612617;0;1;;"test0";16588;21232641
289;1245614145;true;0.0035994427202612617;0;1;;"test0";11206;21232641
289;1347133830;true;0.0035994427202612617;0;1;;"test0";14659;21232641
289;-537894490;true;0.0035994427202612617;0;1;;"test0";12413;21232641
289;289436236;true;0.0037552772410975573;0;1;;"test0";14869;21232641
289;304208547;true;0.0037552772410975573;0;1;;"test0";15464;21232641
289;-603119052;true;0.003796113882157877;0;1;;"test0";15427;21232641
289;1650261218;true;0.0038651141425035604;0;1;;"test0";11819;21232641
289;-1467589566;true;0.0038651141425035604;0;1;;"test0";15816;21232641
289;212506765;true;0.0038667259990280843;0;1;;"test0";12834;21232641
289;-663193894;true;0.0038670574494710473;0;1;;"test0";13903;21232641
289;1944023295;true;0.0038935254212042873;0;1;;"test0";12676;21232641
289;1424853033;true;0.0038935254212042873;0;1;;"test0";11557;21232641
289;1299462733;true;0.0038940070454448034;0;1;;"test0";11753;21232641
289;1381699873;true;0.0039875200996365;0;1;;"test0";14038;21232641
289;-140289027;true;0.003988816800150562;0;1;;"test0";14658;21232641
289;1137683082;true;0.003988816800150562;0;1;;"test0";16014;21232641
289;-1883283620;true;0.003988816800150562;0;1;;"test0";13368;21232641
289;-140289027;true;0.003988816800150562;0;1;;"test0";17936;21232641
289;-1625253542;true;0.003988816800150562;0;1;;"test0";16008;21232641
289;-497665229;true;0.003992681349422491;0;1;;"test0";16810;21232641
289;117202015;true;0.003993961084894316;0;1;;"test0";15718;21232641
289;1571892296;true;0.003993961084894316;0;1;;"test0";16970;21232641
289;1976605339;true;0.003993961084894316;0;1;;"test0";16433;21232641
289;624601014;true;0.003993961084894316;0;1;;"test0";15532;21232641
289;1238969936;true;0.003993961084894316;0;1;;"test0";15167;21232641
289;482012936;true;0.003995236631116497;0;1;;"test0";14402;21232641
289;1879590065;true;0.003995236631116497;0;1;;"test0";15590;21232641
289;-2096050583;true;0.003995236631116497;0;1;;"test0";9930;21232641
289;-775106771;true;0.003995236631116497;0;1;;"test0";13854;21232641
289;-1895201176;true;0.003995236631116497;0;1;;"test0";12889;21232641
289;-349568462;true;0.004000321967775602;0;1;;"test0";16608;21232641
289;-1671193140;true;0.004000321967775602;0;1;;"test0";16628;21232641
289;-1209896865;true;0.00400334985946821;0;1;;"test0";2;21232641
289;1246061816;true;0.00400334985946821;0;1;;"test0";1;21232641
290;-1727193514;false;-1;0;0;;;240077;21529993
290;382232212;false;-1;0;1;;"test0";NaN;21529993
290;217806367;true;0.00286427732079906;0;1;;"test0";11846;21529993
290;1837210341;true;0.0028643572950366922;0;1;;"test0";12338;21529993
290;-1351222283;true;0.002917620137299771;0;1;;"test0";16696;21529993
290;-1399410761;true;0.003003432494279176;0;1;;"test0";17023;21529993
290;-1211870577;true;0.003003432494279176;0;1;;"test0";13426;21529993
290;-1782948013;true;0.00357484203686961;0;1;;"test0";12509;21529993
290;-889455251;true;0.00357484203686961;0;1;;"test0";12548;21529993
290;-1969508394;true;0.003575247464352792;0;1;;"test0";12988;21529993
290;390745105;true;0.003575247464352792;0;1;;"test0";15593;21529993
290;-445703685;true;0.0035765349934275387;0;1;;"test0";14614;21529993
290;1834790682;true;0.0037552772410975573;0;1;;"test0";15355;21529993
290;289436236;true;0.0037552772410975573;0;1;;"test0";15304;21529993
290;-2111982137;true;0.003796113882157877;0;1;;"test0";11321;21529993
290;507131426;true;0.003796113882157877;0;1;;"test0";12552;21529993
290;123924518;true;0.003796113882157877;0;1;;"test0";12995;21529993
290;1696312457;true;0.0038094451072445386;0;1;;"test0";15550;21529993
290;212506765;true;0.0038667259990280843;0;1;;"test0";15592;21529993
290;-532038648;true;0.0038667259990280843;0;1;;"test0";15129;21529993
290;212506765;true;0.0038667259990280843;0;1;;"test0";15134;21529993
290;19524576;true;0.0038870282335081445;0;1;;"test0";16203;21529993
290;1640977130;true;0.0038916454000423113;0;1;;"test0";15222;21529993
290;-1419077557;true;0.0039875200996365;0;1;;"test0";16865;21529993
290;878779155;true;0.0039875200996365;0;1;;"test0";17188;21529993
290;-140289027;true;0.003988816800150562;0;1;;"test0";14922;21529993
290;-1843997513;true;0.003993961084894316;0;1;;"test0";15047;21529993
290;1571892296;true;0.003993961084894316;0;1;;"test0";15892;21529993
290;1576252762;true;0.003993961084894316;0;1;;"test0";15725;21529993
290;-1567261857;true;0.003993961084894316;0;1;;"test0";9638;21529993
290;2063845889;true;0.003993961084894316;0;1;;"test0";16111;21529993
290;1571892296;true;0.003993961084894316;0;1;;"test0";12013;21529993
290;1512552210;true;0.003995236631116497;0;1;;"test0";12186;21529993
290;-341483881;true;0.003995236631116497;0;1;;"test0";16338;21529993
290;-693699108;true;0.003995236631116497;0;1;;"test0";15913;21529993
290;168008379;true;0.003995236631116497;0;1;;"test0";12173;21529993
290;297823364;true;0.004000321967775602;0;1;;"test0";13999;21529993
290;-1671193140;true;0.004000321967775602;0;1;;"test0";12545;21529993
290;-2110645947;true;0.004000321967775602;0;1;;"test0";16211;21529993
290;-533324472;true;0.004000321967775602;0;1;;"test0";14138;21529993
290;1157437863;true;0.004000321967775602;0;1;;"test0";14822;21529993
290;-1671193140;true;0.004000321967775602;0;1;;"test0";15203;21529993
290;54957830;true;0.004000321967775602;0;1;;"test0";11493;21529993
290;1273051819;true;0.00400212704991644;0;1;;"test0";12948;21529993
290;1468515421;true;0.00400334985946821;0;1;;"test0";13936;21529993
290;1246061816;true;0.00400334985946821;0;1;;"test0";13696;21529993
290;-1209896865;true;0.00400334985946821;0;1;;"test0";1;21529993
290;1246061816;true;0.00400334985946821;0;1;;"test0";11682;21529993
290;-1230430395;true;0.00400334985946821;0;1;;"test0";13955;21529993
291;-505613372;false;-1;0;1;;"test0";NaN;21628625
291;289436236;false;-1;0;1;;"test0";NaN;21628625
291;584572249;false;-1;0;1;;"test0";NaN;21628625
291;-2028760716;true;0.0028643572950366922;0;1;;"test0";15451;21628625
291;1837210341;true;0.0028643572950366922;0;1;;"test0";16245;21628625
291;-55523589;true;0.0028643572950366922;0;1;;"test0";11174;21628625
291;-231610253;true;0.003003432494279176;0;1;;"test0";13847;21628625
291;-1148780876;true;0.0034356940616838637;0;1;;"test0";13677;21628625
291;1163892925;true;0.00345049114166193;0;1;;"test0";9460;21628625
291;-1018945981;true;0.00357450910253824;0;1;;"test0";12288;21628625
291;-1782948013;true;0.00357484203686961;0;1;;"test0";14016;21628625
291;581617388;true;0.0035765349934275387;0;1;;"test0";14141;21628625
291;-445703685;true;0.0035765349934275387;0;1;;"test0";12988;21628625
291;-8604660;true;0.0035765349934275387;0;1;;"test0";14357;21628625
291;-31735466;true;0.0035994427202612617;0;1;;"test0";14111;21628625
291;346154017;true;0.0035994427202612617;0;1;;"test0";13382;21628625
291;289436236;true;0.0037552772410975573;0;1;;"test0";12236;21628625
291;289436236;true;0.0037552772410975573;0;1;;"test0";12340;21628625
291;-1285752133;true;0.003755841769688963;0;1;;"test0";15995;21628625
291;778869730;true;0.003796113882157877;0;1;;"test0";12853;21628625
291;114225963;true;0.0038092274555293227;0;1;;"test0";10674;21628625
291;1696312457;true;0.0038094451072445386;0;1;;"test0";13680;21628625
291;-120669637;true;0.0038095006537706834;0;1;;"test0";10036;21628625
291;1429905971;true;0.0038870282335081445;0;1;;"test0";13671;21628625
291;-786166453;true;0.0038870282335081445;0;1;;"test0";13991;21628625
291;-1350378847;true;0.0038916454000423113;0;1;;"test0";12779;21628625
291;1022064798;true;0.0038916454000423113;0;1;;"test0";12581;21628625
291;-2107387293;true;0.003988816800150562;0;1;;"test0";12145;21628625
291;-294930027;true;0.003993961084894316;0;1;;"test0";12902;21628625
291;1104120175;true;0.003993961084894316;0;1;;"test0";11980;21628625
291;-1642377070;true;0.003993961084894316;0;1;;"test0";13238;21628625
291;1571892296;true;0.003993961084894316;0;1;;"test0";8815;21628625
291;1279147004;true;0.003993961084894316;0;1;;"test0";10701;21628625
291;-416036092;true;0.003993961084894316;0;1;;"test0";9625;21628625
291;-239010765;true;0.003993961084894316;0;1;;"test0";10513;21628625
291;-693699108;true;0.003995236631116497;0;1;;"test0";11212;21628625
291;374208148;true;0.003995236631116497;0;1;;"test0";15525;21628625
291;54957830;true;0.004000321967775602;0;1;;"test0";13322;21628625
291;54957830;true;0.004000321967775602;0;1;;"test0";13516;21628625
291;-1318203739;true;0.004000321967775602;0;1;;"test0";9690;21628625
291;-473839358;true;0.00400212704991644;0;1;;"test0";13906;21628625
291;-753732353;true;0.00400212704991644;0;1;;"test0";13214;21628625
291;1273051819;true;0.00400212704991644;0;1;;"test0";10709;21628625
291;-1493932445;true;0.00400212704991644;0;1;;"test0";14613;21628625
291;-1970129324;true;0.00400212704991644;0;1;;"test0";9848;21628625
291;110116969;true;0.00400334985946821;0;1;;"test0";14524;21628625
291;-1949921281;true;0.00400334985946821;0;1;;"test0";13531;21628625
291;1246061816;true;0.00400334985946821;0;1;;"test0";2;21628625
291;-1230430395;true;0.00400334985946821;0;1;;"test0";2;21628625
291;-1209896865;true;0.00400334985946821;0;1;;"test0";12484;21628625
292;1890224533;true;0.003003432494279176;0;1;;"test0";13557;21723123
292;-1609698549;true;0.00345049114166193;0;1;;"test0";12620;21723123
292;1163892925;true;0.00345049114166193;0;1;;"test0";14504;21723123
292;861487496;true;0.00357484203686961;0;1;;"test0";16438;21723123
292;-1787066545;true;0.0035994427202612617;0;1;;"test0";15074;21723123
292;1199819197;true;0.0035994427202612617;0;1;;"test0";16108;21723123
292;301896750;true;0.0035994427202612617;0;1;;"test0";10316;21723123
292;-1836125014;true;0.0035994427202612617;0;1;;"test0";15503;21723123
292;690316429;true;0.0037552772410975573;0;1;;"test0";14184;21723123
292;289436236;true;0.0037552772410975573;0;1;;"test0";16455;21723123
292;289436236;true;0.0037552772410975573;0;1;;"test0";13814;21723123
292;-394540181;true;0.003796113882157877;0;1;;"test0";15738;21723123
292;-1654346906;true;0.003796113882157877;0;1;;"test0";16566;21723123
292;-466308988;true;0.003796113882157877;0;1;;"test0";16215;21723123
292;-613541669;true;0.003796113882157877;0;1;;"test0";17082;21723123
292;1137229760;true;0.003796113882157877;0;1;;"test0";9384;21723123
292;475577696;true;0.003796113882157877;0;1;;"test0";9444;21723123
292;778869730;true;0.003796113882157877;0;1;;"test0";16882;21723123
292;-905746866;true;0.0038092274555293227;0;1;;"test0";16686;21723123
292;114225963;true;0.0038092274555293227;0;1;;"test0";16701;21723123
292;1293187836;true;0.0038092274555293227;0;1;;"test0";17235;21723123
292;52653558;true;0.0038092274555293227;0;1;;"test0";14064;21723123
292;-595578093;true;0.0038094451072445386;0;1;;"test0";15398;21723123
292;1696312457;true;0.0038094451072445386;0;1;;"test0";17380;21723123
292;-1245832740;true;0.0038095006537706834;0;1;;"test0";16371;21723123
292;-1880138312;true;0.0038870282335081445;0;1;;"test0";18101;21723123
292;711717338;true;0.0038870282335081445;0;1;;"test0";13426;21723123
292;1022064798;true;0.0038916454000423113;0;1;;"test0";16911;21723123
292;-1669391759;true;0.003947700800097276;0;1;;"test0";14495;21723123
292;2003408240;true;0.003988816800150562;0;1;;"test0";15184;21723123
292;-2107387293;true;0.003988816800150562;0;1;;"test0";16902;21723123
292;-2107387293;true;0.003988816800150562;0;1;;"test0";14061;21723123
292;1196067800;true;0.003993961084894316;0;1;;"test0";13512;21723123
292;-1299922582;true;0.003993961084894316;0;1;;"test0";9330;21723123
292;1104120175;true;0.003993961084894316;0;1;;"test0";12298;21723123
292;-849978991;true;0.003993961084894316;0;1;;"test0";12471;21723123
292;-1642377070;true;0.003993961084894316;0;1;;"test0";10546;21723123
292;-693699108;true;0.003995236631116497;0;1;;"test0";12642;21723123
292;1439588645;true;0.003995236631116497;0;1;;"test0";13506;21723123
292;1848867155;true;0.003995236631116497;0;1;;"test0";14664;21723123
292;-1852062543;true;0.003995236631116497;0;1;;"test0";12894;21723123
292;1990264363;true;0.003999554756147558;0;1;;"test0";13799;21723123
292;313104935;true;0.004000321967775602;0;1;;"test0";14555;21723123
292;-753732353;true;0.00400212704991644;0;1;;"test0";14607;21723123
292;393137803;true;0.00400212704991644;0;1;;"test0";13919;21723123
292;-1230430395;true;0.00400334985946821;0;1;;"test0";15418;21723123
292;-1352344488;true;0.00400334985946821;0;1;;"test0";17391;21723123
292;-1209896865;true;0.00400334985946821;0;1;;"test0";2;21723123
292;-1306121154;true;0.00400334985946821;0;1;;"test0";16390;21723123
293;1990264363;false;-1;0;1;;"test0";NaN;21826646
293;1907953340;true;0.003003432494279176;0;1;;"test0";13320;21826646
293;-1310130168;true;0.003446961592988;0;1;;"test0";11300;21826646
293;-1921170177;true;0.003557586116000347;0;1;;"test0";13904;21826646
293;861487496;true;0.00357484203686961;0;1;;"test0";9546;21826646
293;-1408358455;true;0.003574923885877451;0;1;;"test0";13682;21826646
293;1210497621;true;0.0035994427202612617;0;1;;"test0";16833;21826646
293;537366567;true;0.0035994427202612617;0;1;;"test0";13227;21826646
293;1552942195;true;0.0035994427202612617;0;1;;"test0";16536;21826646
293;-1419050930;true;0.003796113882157877;0;1;;"test0";13082;21826646
293;-1654346906;true;0.003796113882157877;0;1;;"test0";14370;21826646
293;106434413;true;0.003796113882157877;0;1;;"test0";13635;21826646
293;-466308988;true;0.003796113882157877;0;1;;"test0";13550;21826646
293;1983775611;true;0.0038091741485492808;0;1;;"test0";16775;21826646
293;-1245832740;true;0.0038095006537706834;0;1;;"test0";13369;21826646
293;-374211602;true;0.0038095006537706834;0;1;;"test0";14012;21826646
293;1876346678;true;0.0038651141425035604;0;1;;"test0";13363;21826646
293;-408441952;true;0.0038916454000423113;0;1;;"test0";14206;21826646
293;-872772048;true;0.0038916454000423113;0;1;;"test0";16892;21826646
293;1022064798;true;0.0038916454000423113;0;1;;"test0";16463;21826646
293;1022064798;true;0.0038916454000423113;0;1;;"test0";18001;21826646
293;-1784211460;true;0.0038916454000423113;0;1;;"test0";14537;21826646
293;32607619;true;0.0038916454000423113;0;1;;"test0";17992;21826646
293;-966808674;true;0.003947700800097276;0;1;;"test0";14427;21826646
293;-1986430105;true;0.003947700800097276;0;1;;"test0";15121;21826646
293;-1669391759;true;0.003947700800097276;0;1;;"test0";15245;21826646
293;-200406847;true;0.003982192958085199;0;1;;"test0";13519;21826646
293;2003408240;true;0.003988816800150562;0;1;;"test0";8909;21826646
293;-849978991;true;0.003993961084894316;0;1;;"test0";14771;21826646
293;-986070783;true;0.003993961084894316;0;1;;"test0";9646;21826646
293;1781915602;true;0.003993961084894316;0;1;;"test0";14745;21826646
293;-1852062543;true;0.003995236631116497;0;1;;"test0";13710;21826646
293;-693699108;true;0.003995236631116497;0;1;;"test0";16067;21826646
293;1439588645;true;0.003995236631116497;0;1;;"test0";15178;21826646
293;1363768519;true;0.003995236631116497;0;1;;"test0";15629;21826646
293;-767997971;true;0.003999554756147558;0;1;;"test0";14513;21826646
293;1990264363;true;0.003999554756147558;0;1;;"test0";16760;21826646
293;-708508430;true;0.004000321967775602;0;1;;"test0";14372;21826646
293;313104935;true;0.004000321967775602;0;1;;"test0";16699;21826646
293;313104935;true;0.004000321967775602;0;1;;"test0";14362;21826646
293;1805308269;true;0.004000321967775602;0;1;;"test0";17984;21826646
293;-800937779;true;0.00400212704991644;0;1;;"test0";16714;21826646
293;1410335374;true;0.00400212704991644;0;1;;"test0";15190;21826646
293;-753732353;true;0.00400212704991644;0;1;;"test0";9597;21826646
293;1498944511;true;0.00400212704991644;0;1;;"test0";10791;21826646
293;393137803;true;0.00400212704991644;0;1;;"test0";17312;21826646
293;-1753784994;true;0.00400212704991644;0;1;;"test0";13282;21826646
293;-1209896865;true;0.00400334985946821;0;1;;"test0";2;21826646
293;399321956;true;0.00400334985946821;0;1;;"test0";13565;21826646
293;-1306121154;true;0.00400334985946821;0;1;;"test0";2;21826646
294;476370443;true;0.002942137953579601;0;1;;"test0";17855;21923539
294;-1321407179;true;0.003003432494279176;0;1;;"test0";15245;21923539
294;342238444;true;0.003592487619084591;0;1;;"test0";17100;21923539
294;-29292958;true;0.0035994427202612617;0;1;;"test0";11759;21923539
294;2034896901;true;0.003697367012403706;0;1;;"test0";16165;21923539
294;-741975298;true;0.003796113882157877;0;1;;"test0";15786;21923539
294;1022064798;true;0.0038916454000423113;0;1;;"test0";13307;21923539
294;1915911220;true;0.0038916454000423113;0;1;;"test0";15885;21923539
294;1022064798;true;0.0038916454000423113;0;1;;"test0";13947;21923539
294;1022064798;true;0.0038916454000423113;0;1;;"test0";16036;21923539
294;-994223778;true;0.0038916454000423113;0;1;;"test0";14267;21923539
294;11050083;true;0.0038916454000423113;0;1;;"test0";12525;21923539
294;-1784211460;true;0.0038916454000423113;0;1;;"test0";14091;21923539
294;32607619;true;0.0038916454000423113;0;1;;"test0";12723;21923539
294;-1514538380;true;0.003947700800097276;0;1;;"test0";14960;21923539
294;-966808674;true;0.003947700800097276;0;1;;"test0";14031;21923539
294;673936601;true;0.003976110182310492;0;1;;"test0";13278;21923539
294;995916538;true;0.003982192958085199;0;1;;"test0";13947;21923539
294;1942140910;true;0.003982192958085199;0;1;;"test0";15822;21923539
294;207103100;true;0.003984651557255167;0;1;;"test0";13796;21923539
294;2003408240;true;0.003988816800150562;0;1;;"test0";11337;21923539
294;2003408240;true;0.003988816800150562;0;1;;"test0";11361;21923539
294;-135571080;true;0.003988816800150562;0;1;;"test0";17224;21923539
294;-844180019;true;0.003993961084894316;0;1;;"test0";10844;21923539
294;-1553298214;true;0.003993961084894316;0;1;;"test0";13713;21923539
294;1781915602;true;0.003993961084894316;0;1;;"test0";14685;21923539
294;-57309819;true;0.003993961084894316;0;1;;"test0";12342;21923539
294;-767997971;true;0.003999554756147558;0;1;;"test0";13772;21923539
294;1990264363;true;0.003999554756147558;0;1;;"test0";13171;21923539
294;-2055303973;true;0.003999554756147558;0;1;;"test0";12364;21923539
294;643262561;true;0.003999554756147558;0;1;;"test0";11703;21923539
294;-708508430;true;0.004000321967775602;0;1;;"test0";13300;21923539
294;-846126307;true;0.004000321967775602;0;1;;"test0";9803;21923539
294;-83577126;true;0.004000321967775602;0;1;;"test0";12862;21923539
294;-708508430;true;0.004000321967775602;0;1;;"test0";11719;21923539
294;1805308269;true;0.004000321967775602;0;1;;"test0";16945;21923539
294;-433773539;true;0.00400212704991644;0;1;;"test0";13678;21923539
294;-1753784994;true;0.00400212704991644;0;1;;"test0";15530;21923539
294;-1519471478;true;0.00400212704991644;0;1;;"test0";16177;21923539
294;1491048681;true;0.00400212704991644;0;1;;"test0";17276;21923539
294;393137803;true;0.00400212704991644;0;1;;"test0";14109;21923539
294;-806636630;true;0.00400334985946821;0;1;;"test0";14756;21923539
294;-1716320042;true;0.00400334985946821;0;1;;"test0";17262;21923539
294;399321956;true;0.00400334985946821;0;1;;"test0";12981;21923539
294;-1306121154;true;0.00400334985946821;0;1;;"test0";2;21923539
294;399321956;true;0.00400334985946821;0;1;;"test0";14057;21923539
294;1322950519;true;0.00400334985946821;0;1;;"test0";14142;21923539
294;-792874877;true;0.00400334985946821;0;1;;"test0";16179;21923539
294;1185743394;true;0.00400334985946821;0;1;;"test0";17007;21923539
295;2034896901;false;-1;0;1;;"test0";NaN;22025098
295;-1844140444;true;0.003546046508136841;0;1;;"test0";13383;22025098
295;-1698762668;true;0.00357450910253824;0;1;;"test0";16141;22025098
295;-1803938988;true;0.0035994427202612617;0;1;;"test0";14809;22025098
295;-155818408;true;0.0035994427202612617;0;1;;"test0";14075;22025098
295;1912259769;true;0.0035994427202612617;0;1;;"test0";13877;22025098
295;-1170562017;true;0.003657843266674427;0;1;;"test0";13881;22025098
295;828021707;true;0.003697367012403706;0;1;;"test0";13434;22025098
295;2034896901;true;0.003697367012403706;0;1;;"test0";14512;22025098
295;2034896901;true;0.003697367012403706;0;1;;"test0";13425;22025098
295;551991321;true;0.003697367012403706;0;1;;"test0";14822;22025098
295;1444351462;true;0.003697367012403706;0;1;;"test0";12145;22025098
295;-559389882;true;0.003697367012403706;0;1;;"test0";11296;22025098
295;-434364411;true;0.003796113882157877;0;1;;"test0";13454;22025098
295;937395568;true;0.003796113882157877;0;1;;"test0";14792;22025098
295;-741975298;true;0.003796113882157877;0;1;;"test0";15758;22025098
295;-741975298;true;0.003796113882157877;0;1;;"test0";16410;22025098
295;-279536372;true;0.003796113882157877;0;1;;"test0";15111;22025098
295;-741975298;true;0.003796113882157877;0;1;;"test0";10373;22025098
295;2044931056;true;0.003796113882157877;0;1;;"test0";16232;22025098
295;-1228662985;true;0.0038095006537706834;0;1;;"test0";15644;22025098
295;2027466365;true;0.003947700800097276;0;1;;"test0";16089;22025098
295;-2295499;true;0.003947700800097276;0;1;;"test0";12046;22025098
295;-1514538380;true;0.003947700800097276;0;1;;"test0";16062;22025098
295;-966808674;true;0.003947700800097276;0;1;;"test0";13988;22025098
295;613248945;true;0.003947700800097276;0;1;;"test0";15909;22025098
295;2003408240;true;0.003988816800150562;0;1;;"test0";17064;22025098
295;-57309819;true;0.003993961084894316;0;1;;"test0";12556;22025098
295;-1553298214;true;0.003993961084894316;0;1;;"test0";15595;22025098
295;140443230;true;0.003993961084894316;0;1;;"test0";16360;22025098
295;-1553298214;true;0.003993961084894316;0;1;;"test0";15271;22025098
295;-844180019;true;0.003993961084894316;0;1;;"test0";16477;22025098
295;-1161990326;true;0.003993961084894316;0;1;;"test0";12014;22025098
295;-57309819;true;0.003993961084894316;0;1;;"test0";13592;22025098
295;-57309819;true;0.003993961084894316;0;1;;"test0";14354;22025098
295;1049610558;true;0.003995236631116497;0;1;;"test0";15177;22025098
295;-2143589321;true;0.003999554756147558;0;1;;"test0";11671;22025098
295;1990264363;true;0.003999554756147558;0;1;;"test0";12007;22025098
295;1990264363;true;0.003999554756147558;0;1;;"test0";14806;22025098
295;-790285938;true;0.003999554756147558;0;1;;"test0";10786;22025098
295;1021627154;true;0.003999554756147558;0;1;;"test0";14452;22025098
295;-708508430;true;0.004000321967775602;0;1;;"test0";15435;22025098
295;-708508430;true;0.004000321967775602;0;1;;"test0";15768;22025098
295;1491048681;true;0.00400212704991644;0;1;;"test0";17058;22025098
295;1491048681;true;0.00400212704991644;0;1;;"test0";16170;22025098
295;-3258914;true;0.00400334985946821;0;1;;"test0";13508;22025098
295;-792874877;true;0.00400334985946821;0;1;;"test0";1;22025098
295;-17184127;true;0.00400334985946821;0;1;;"test0";15531;22025098
295;1821255399;true;0.00400334985946821;0;1;;"test0";13205;22025098
295;1185743394;true;0.00400334985946821;0;1;;"test0";1;22025098
296;-657499244;true;0.002917620137299771;0;1;;"test0";14857;22118072
296;1911452862;true;0.002942137953579601;0;1;;"test0";13376;22118072
296;-1561449004;true;0.00357484203686961;0;1;;"test0";15613;22118072
296;-409073752;true;0.003574923885877451;0;1;;"test0";13655;22118072
296;1196448942;true;0.0035756687985765484;0;1;;"test0";18282;22118072
296;-1170562017;true;0.003657843266674427;0;1;;"test0";14792;22118072
296;1070997946;true;0.003796113882157877;0;1;;"test0";13012;22118072
296;-279536372;true;0.003796113882157877;0;1;;"test0";15289;22118072
296;1847047127;true;0.003796113882157877;0;1;;"test0";15392;22118072
296;937395568;true;0.003796113882157877;0;1;;"test0";12781;22118072
296;1414788016;true;0.0038095006537706834;0;1;;"test0";15792;22118072
296;-2042287272;true;0.0038095006537706834;0;1;;"test0";12986;22118072
296;974318422;true;0.0038095006537706834;0;1;;"test0";14437;22118072
296;-1228662985;true;0.0038095006537706834;0;1;;"test0";13384;22118072
296;420869536;true;0.003876096134523445;0;1;;"test0";12445;22118072
296;1609813275;true;0.003943467731069929;0;1;;"test0";12507;22118072
296;108282596;true;0.003947700800097276;0;1;;"test0";14874;22118072
296;-149252941;true;0.003947700800097276;0;1;;"test0";12902;22118072
296;1926414415;true;0.003947700800097276;0;1;;"test0";11396;22118072
296;613248945;true;0.003947700800097276;0;1;;"test0";12927;22118072
296;-1404553332;true;0.0039489513803893685;0;1;;"test0";15448;22118072
296;-818803497;true;0.003988816800150562;0;1;;"test0";15233;22118072
296;-498244272;true;0.003988816800150562;0;1;;"test0";14232;22118072
296;-1161990326;true;0.003993961084894316;0;1;;"test0";14487;22118072
296;1578857850;true;0.003993961084894316;0;1;;"test0";13928;22118072
296;-37388141;true;0.003993961084894316;0;1;;"test0";13269;22118072
296;1461103641;true;0.003993961084894316;0;1;;"test0";14258;22118072
296;-57309819;true;0.003993961084894316;0;1;;"test0";14915;22118072
296;-1329661710;true;0.003993961084894316;0;1;;"test0";18251;22118072
296;1086666134;true;0.003995236631116497;0;1;;"test0";14944;22118072
296;1049610558;true;0.003995236631116497;0;1;;"test0";14785;22118072
296;1831850591;true;0.003995236631116497;0;1;;"test0";11634;22118072
296;-941977394;true;0.003995236631116497;0;1;;"test0";18214;22118072
296;1701197644;true;0.003995236631116497;0;1;;"test0";12824;22118072
296;1990264363;true;0.003999554756147558;0;1;;"test0";14520;22118072
296;-2043310378;true;0.003999554756147558;0;1;;"test0";14511;22118072
296;-1026573826;true;0.003999554756147558;0;1;;"test0";15937;22118072
296;1777424810;true;0.004000321967775602;0;1;;"test0";12432;22118072
296;-708508430;true;0.004000321967775602;0;1;;"test0";12546;22118072
296;-24782814;true;0.004000321967775602;0;1;;"test0";12803;22118072
296;-708508430;true;0.004000321967775602;0;1;;"test0";12486;22118072
296;-708508430;true;0.004000321967775602;0;1;;"test0";13934;22118072
296;1185743394;true;0.00400334985946821;0;1;;"test0";14171;22118072
296;278515592;true;0.00400334985946821;0;1;;"test0";12578;22118072
296;658446274;true;0.00400334985946821;0;1;;"test0";14866;22118072
296;1533142188;true;0.00400334985946821;0;1;;"test0";12434;22118072
296;634860673;true;0.00400334985946821;0;1;;"test0";14814;22118072
296;1821255399;true;0.00400334985946821;0;1;;"test0";15300;22118072
297;192251052;false;-1;0;1;;"test0";NaN;22222709
297;-942870596;true;0.002574370709382151;0;1;;"test0";15680;22222709
297;392813414;true;0.00286427732079906;0;1;;"test0";12289;22222709
297;-1641582997;true;0.00286427732079906;0;1;;"test0";14222;22222709
297;-357102463;true;0.002866698518872432;0;1;;"test0";14631;22222709
297;-68903869;true;0.002942137953579601;0;1;;"test0";14577;22222709
297;-219008850;true;0.002942137953579601;0;1;;"test0";16358;22222709
297;-1694575556;true;0.003443891999264712;0;1;;"test0";14291;22222709
297;-596249856;true;0.0035755917551991054;0;1;;"test0";15966;22222709
297;1196448942;true;0.0035756687985765484;0;1;;"test0";15247;22222709
297;-1691098154;true;0.0035756687985765484;0;1;;"test0";14603;22222709
297;-1113044801;true;0.0035994427202612617;0;1;;"test0";11987;22222709
297;-289078253;true;0.0035994427202612617;0;1;;"test0";12684;22222709
297;-78663458;true;0.0035994427202612617;0;1;;"test0";15816;22222709
297;-326827482;true;0.003796113882157877;0;1;;"test0";15778;22222709
297;-1369657821;true;0.003796113882157877;0;1;;"test0";15787;22222709
297;-450179973;true;0.003796113882157877;0;1;;"test0";16521;22222709
297;1847047127;true;0.003796113882157877;0;1;;"test0";16461;22222709
297;-1684762041;true;0.003876096134523445;0;1;;"test0";14068;22222709
297;420869536;true;0.003876096134523445;0;1;;"test0";12651;22222709
297;1991686168;true;0.003943467731069929;0;1;;"test0";14379;22222709
297;1609813275;true;0.003943467731069929;0;1;;"test0";15518;22222709
297;1537508167;true;0.003947700800097276;0;1;;"test0";11762;22222709
297;-1404553332;true;0.0039489513803893685;0;1;;"test0";11174;22222709
297;-2037804038;true;0.0039489513803893685;0;1;;"test0";10485;22222709
297;1235664891;true;0.0039489513803893685;0;1;;"test0";12027;22222709
297;-1645431376;true;0.0039782839806576705;0;1;;"test0";13910;22222709
297;1368881947;true;0.003982192958085199;0;1;;"test0";15171;22222709
297;816941658;true;0.003988394510529679;0;1;;"test0";17551;22222709
297;-1216087506;true;0.003988816800150562;0;1;;"test0";13770;22222709
297;-498244272;true;0.003988816800150562;0;1;;"test0";14654;22222709
297;424939240;true;0.003993961084894316;0;1;;"test0";16707;22222709
297;1759440637;true;0.003993961084894316;0;1;;"test0";15965;22222709
297;1021888192;true;0.003993961084894316;0;1;;"test0";16745;22222709
297;-985071045;true;0.003993961084894316;0;1;;"test0";12737;22222709
297;-1293611520;true;0.003993961084894316;0;1;;"test0";17840;22222709
297;1019420730;true;0.003999554756147558;0;1;;"test0";13478;22222709
297;333774088;true;0.003999554756147558;0;1;;"test0";15859;22222709
297;-1982468664;true;0.004000321967775602;0;1;;"test0";16922;22222709
297;-609391980;true;0.004000321967775602;0;1;;"test0";15022;22222709
297;1886904884;true;0.004000321967775602;0;1;;"test0";15534;22222709
297;-1504287510;true;0.004000321967775602;0;1;;"test0";16937;22222709
297;-708508430;true;0.004000321967775602;0;1;;"test0";11568;22222709
297;-708508430;true;0.004000321967775602;0;1;;"test0";15706;22222709
297;634860673;true;0.00400334985946821;0;1;;"test0";15309;22222709
297;1414531075;true;0.00400334985946821;0;1;;"test0";12836;22222709
297;1185743394;true;0.00400334985946821;0;1;;"test0";15727;22222709
297;1821255399;true;0.00400334985946821;0;1;;"test0";2;22222709
297;1185743394;true;0.00400334985946821;0;1;;"test0";13062;22222709
298;-501472201;false;-1;0;1;;"test0";NaN;22325618
298;1671382779;false;-1;0;1;;"test0";NaN;22325618
298;621537571;false;-1;0;1;;"test0";NaN;22325618
298;18252827;true;0.00286427732079906;0;1;;"test0";12051;22325618
298;202757984;true;0.002864440648467464;0;1;;"test0";13406;22325618
298;-1311061777;true;0.002866698518872432;0;1;;"test0";12847;22325618
298;-357102463;true;0.002866698518872432;0;1;;"test0";12792;22325618
298;-1709045860;true;0.003003432494279176;0;1;;"test0";14502;22325618
298;-206207587;true;0.003443891999264712;0;1;;"test0";12017;22325618
298;-2092384097;true;0.003557586116000347;0;1;;"test0";16440;22325618
298;597084671;true;0.0035738129157453996;0;1;;"test0";12199;22325618
298;-351742913;true;0.0035738129157453996;0;1;;"test0";11945;22325618
298;-1861041997;true;0.00357450910253824;0;1;;"test0";15869;22325618
298;759730168;true;0.0035755917551991054;0;1;;"test0";14707;22325618
298;-596249856;true;0.0035755917551991054;0;1;;"test0";12109;22325618
298;-1691098154;true;0.0035756687985765484;0;1;;"test0";12838;22325618
298;-1484514966;true;0.0035756687985765484;0;1;;"test0";13008;22325618
298;-367568549;true;0.0035994427202612617;0;1;;"test0";11628;22325618
298;-289078253;true;0.0035994427202612617;0;1;;"test0";16867;22325618
298;1591383210;true;0.0035994427202612617;0;1;;"test0";10902;22325618
298;-220553231;true;0.003623665884072921;0;1;;"test0";11034;22325618
298;-731202224;true;0.003796113882157877;0;1;;"test0";11227;22325618
298;-1531312704;true;0.003796113882157877;0;1;;"test0";12034;22325618
298;1537508167;true;0.003947700800097276;0;1;;"test0";9546;22325618
298;-1645431376;true;0.0039782839806576705;0;1;;"test0";17031;22325618
298;-1645431376;true;0.0039782839806576705;0;1;;"test0";17194;22325618
298;-1083886006;true;0.003988394510529679;0;1;;"test0";16429;22325618
298;-1216087506;true;0.003988816800150562;0;1;;"test0";11707;22325618
298;888767353;true;0.003988816800150562;0;1;;"test0";12823;22325618
298;-919684682;true;0.003993932077870677;0;1;;"test0";15597;22325618
298;-985071045;true;0.003993961084894316;0;1;;"test0";14221;22325618
298;1019420730;true;0.003999554756147558;0;1;;"test0";16355;22325618
298;1019420730;true;0.003999554756147558;0;1;;"test0";16332;22325618
298;1019420730;true;0.003999554756147558;0;1;;"test0";10573;22325618
298;-1589893321;true;0.003999554756147558;0;1;;"test0";11400;22325618
298;-1504287510;true;0.004000321967775602;0;1;;"test0";9346;22325618
298;-708508430;true;0.004000321967775602;0;1;;"test0";17033;22325618
298;258515808;true;0.004000321967775602;0;1;;"test0";14755;22325618
298;359057440;true;0.004000321967775602;0;1;;"test0";12677;22325618
298;-1821701049;true;0.004000321967775602;0;1;;"test0";11879;22325618
298;1886904884;true;0.004000321967775602;0;1;;"test0";14718;22325618
298;-1504287510;true;0.004000321967775602;0;1;;"test0";14142;22325618
298;-48181005;true;0.004000321967775602;0;1;;"test0";16093;22325618
298;548944761;true;0.00400334985946821;0;1;;"test0";16247;22325618
298;-1238204878;true;0.00400334985946821;0;1;;"test0";15290;22325618
298;-1140496682;true;0.00400334985946821;0;1;;"test0";10410;22325618
298;1414531075;true;0.00400334985946821;0;1;;"test0";12476;22325618
298;1185743394;true;0.00400334985946821;0;1;;"test0";2;22325618
298;1821255399;true;0.00400334985946821;0;1;;"test0";2;22325618
298;1198483177;true;0.00400334985946821;0;1;;"test0";13594;22325618
299;-657244624;true;0.002002288329519451;0;1;;"test0";14662;22425486
299;-357102463;true;0.002866698518872432;0;1;;"test0";15174;22425486
299;927284351;true;0.002866698518872432;0;1;;"test0";18483;22425486
299;1644152888;true;0.002866698518872432;0;1;;"test0";14537;22425486
299;-1311061777;true;0.002866698518872432;0;1;;"test0";14400;22425486
299;378762388;true;0.002942137953579601;0;1;;"test0";15654;22425486
299;-1913943058;true;0.003448215083359668;0;1;;"test0";14580;22425486
299;597084671;true;0.0035738129157453996;0;1;;"test0";14872;22425486
299;-351742913;true;0.0035738129157453996;0;1;;"test0";14290;22425486
299;-351742913;true;0.0035738129157453996;0;1;;"test0";16208;22425486
299;-493628322;true;0.00357450910253824;0;1;;"test0";17630;22425486
299;-1861041997;true;0.00357450910253824;0;1;;"test0";17831;22425486
299;633223269;true;0.00357484203686961;0;1;;"test0";14078;22425486
299;914584251;true;0.00357484203686961;0;1;;"test0";17515;22425486
299;-1213271894;true;0.0035756687985765484;0;1;;"test0";13457;22425486
299;166332435;true;0.003584935865441528;0;1;;"test0";15330;22425486
299;-2019045121;true;0.003796113882157877;0;1;;"test0";15952;22425486
299;-731202224;true;0.003796113882157877;0;1;;"test0";15689;22425486
299;-2008078143;true;0.003796113882157877;0;1;;"test0";15627;22425486
299;392112180;true;0.0038095006537706834;0;1;;"test0";15407;22425486
299;-1873510065;true;0.0038870282335081445;0;1;;"test0";13026;22425486
299;-1962637475;true;0.003928793479237355;0;1;;"test0";15634;22425486
299;-1083886006;true;0.003988394510529679;0;1;;"test0";15874;22425486
299;-1083886006;true;0.003988394510529679;0;1;;"test0";13767;22425486
299;400962054;true;0.003988394510529679;0;1;;"test0";13670;22425486
299;-401076033;true;0.003988394510529679;0;1;;"test0";15923;22425486
299;888767353;true;0.003988816800150562;0;1;;"test0";16090;22425486
299;1022312437;true;0.003988816800150562;0;1;;"test0";13189;22425486
299;888767353;true;0.003988816800150562;0;1;;"test0";16020;22425486
299;920525469;true;0.003988816800150562;0;1;;"test0";12054;22425486
299;1171670051;true;0.003993932077870677;0;1;;"test0";14451;22425486
299;-985071045;true;0.003993961084894316;0;1;;"test0";15420;22425486
299;1702224469;true;0.003993961084894316;0;1;;"test0";16359;22425486
299;-2110882316;true;0.003993961084894316;0;1;;"test0";12653;22425486
299;-985071045;true;0.003993961084894316;0;1;;"test0";12239;22425486
299;-985071045;true;0.003993961084894316;0;1;;"test0";16070;22425486
299;491006454;true;0.003999554756147558;0;1;;"test0";14595;22425486
299;1019420730;true;0.003999554756147558;0;1;;"test0";15596;22425486
299;1019420730;true;0.003999554756147558;0;1;;"test0";15403;22425486
299;1019420730;true;0.003999554756147558;0;1;;"test0";16016;22425486
299;-1589273548;true;0.003999554756147558;0;1;;"test0";17654;22425486
299;-1504287510;true;0.004000321967775602;0;1;;"test0";16405;22425486
299;-1140496682;true;0.00400334985946821;0;1;;"test0";17442;22425486
299;283262164;true;0.00400334985946821;0;1;;"test0";15610;22425486
299;-1238204878;true;0.00400334985946821;0;1;;"test0";14312;22425486
299;-960413998;true;0.00400334985946821;0;1;;"test0";16424;22425486
299;1198483177;true;0.00400334985946821;0;1;;"test0";14488;22425486
299;-1140496682;true;0.00400334985946821;0;1;;"test0";18014;22425486
299;1821255399;true;0.00400334985946821;0;1;;"test0";2;22425486
300;-992891229;false;-1;0;1;;"test0";NaN;22529680
300;-1319406395;true;0.00286427732079906;0;1;;"test0";16587;22529680
300;1958570951;true;0.0028643572950366922;0;1;;"test0";13577;22529680
300;1801598036;true;0.002942137953579601;0;1;;"test0";14727;22529680
300;33973284;true;0.003003432494279176;0;1;;"test0";16443;22529680
300;-493628322;true;0.00357450910253824;0;1;;"test0";13371;22529680
300;-1861041997;true;0.00357450910253824;0;1;;"test0";11498;22529680
300;-493628322;true;0.00357450910253824;0;1;;"test0";14394;22529680
300;-493628322;true;0.00357450910253824;0;1;;"test0";13537;22529680
300;-1685593376;true;0.003574561593023221;0;1;;"test0";12358;22529680
300;163269309;true;0.00357484203686961;0;1;;"test0";14577;22529680
300;1978146504;true;0.003574922723990977;0;1;;"test0";13627;22529680
300;-1213271894;true;0.0035756687985765484;0;1;;"test0";9843;22529680
300;1873137800;true;0.0035756687985765484;0;1;;"test0";15217;22529680
300;948514535;true;0.0035756687985765484;0;1;;"test0";16490;22529680
300;832905150;true;0.0035758322253219626;0;1;;"test0";15710;22529680
300;166332435;true;0.003584935865441528;0;1;;"test0";16360;22529680
300;1169669142;true;0.003584935865441528;0;1;;"test0";15742;22529680
300;166332435;true;0.003584935865441528;0;1;;"test0";16612;22529680
300;1225342580;true;0.0035994427202612617;0;1;;"test0";17611;22529680
300;1730357217;true;0.0035994427202612617;0;1;;"test0";15447;22529680
300;1039156232;true;0.003796113882157877;0;1;;"test0";14809;22529680
300;-731202224;true;0.003796113882157877;0;1;;"test0";13400;22529680
300;1436213756;true;0.0038095006537706834;0;1;;"test0";15210;22529680
300;1222369851;true;0.0038095006537706834;0;1;;"test0";14569;22529680
300;1547796289;true;0.0038870282335081445;0;1;;"test0";16426;22529680
300;1294993133;true;0.003943467731069929;0;1;;"test0";13562;22529680
300;382371386;true;0.0039782839806576705;0;1;;"test0";12998;22529680
300;1641754469;true;0.0039875200996365;0;1;;"test0";13681;22529680
300;-1780152835;true;0.003988394510529679;0;1;;"test0";12513;22529680
300;-1980935834;true;0.003988394510529679;0;1;;"test0";14753;22529680
300;1022312437;true;0.003988816800150562;0;1;;"test0";16386;22529680
300;-453699328;true;0.003988816800150562;0;1;;"test0";16342;22529680
300;-1760390098;true;0.003988816800150562;0;1;;"test0";13750;22529680
300;1171670051;true;0.003993932077870677;0;1;;"test0";12887;22529680
300;-1141588794;true;0.003993932077870677;0;1;;"test0";17604;22529680
300;1171670051;true;0.003993932077870677;0;1;;"test0";15763;22529680
300;-1134711146;true;0.003993932077870677;0;1;;"test0";17812;22529680
300;1171670051;true;0.003993932077870677;0;1;;"test0";10051;22529680
300;484626878;true;0.003993961084894316;0;1;;"test0";10037;22529680
300;-985071045;true;0.003993961084894316;0;1;;"test0";13729;22529680
300;1716883931;true;0.003993961084894316;0;1;;"test0";15554;22529680
300;340744832;true;0.003993961084894316;0;1;;"test0";12172;22529680
300;2122651852;true;0.003999554756147558;0;1;;"test0";16918;22529680
300;-1874415323;true;0.003999554756147558;0;1;;"test0";11925;22529680
300;1757220488;true;0.004000321967775602;0;1;;"test0";15469;22529680
300;1782343091;true;0.00400334985946821;0;1;;"test0";13292;22529680
300;-1140496682;true;0.00400334985946821;0;1;;"test0";2;22529680
300;1821255399;true;0.00400334985946821;0;1;;"test0";12532;22529680
301;1004147355;true;0.002864440648467464;0;1;;"test0";14495;22627819
301;1081659755;true;0.003003432494279176;0;1;;"test0";15917;22627819
301;-1556973633;true;0.003003432494279176;0;1;;"test0";14523;22627819
301;-2018594246;true;0.003003432494279176;0;1;;"test0";15677;22627819
301;-1195348854;true;0.00357450910253824;0;1;;"test0";14138;22627819
301;163269309;true;0.00357484203686961;0;1;;"test0";14522;22627819
301;-1805600899;true;0.003575247464352792;0;1;;"test0";15641;22627819
301;948514535;true;0.0035756687985765484;0;1;;"test0";16344;22627819
301;-445148056;true;0.0035880515176113905;0;1;;"test0";16866;22627819
301;-1034929856;true;0.003591817470420272;0;1;;"test0";14047;22627819
301;1642861898;true;0.0035994427202612617;0;1;;"test0";10738;22627819
301;-87353439;true;0.0035994427202612617;0;1;;"test0";17484;22627819
301;321346645;true;0.0035994427202612617;0;1;;"test0";15374;22627819
301;-1088427145;true;0.0035994427202612617;0;1;;"test0";13212;22627819
301;-1836110914;true;0.003796113882157877;0;1;;"test0";13623;22627819
301;-1536848529;true;0.0038095006537706834;0;1;;"test0";15458;22627819
301;782052548;true;0.0038095006537706834;0;1;;"test0";16483;22627819
301;1294993133;true;0.003943467731069929;0;1;;"test0";14294;22627819
301;382371386;true;0.0039782839806576705;0;1;;"test0";16676;22627819
301;-310855340;true;0.0039782839806576705;0;1;;"test0";14609;22627819
301;1315428589;true;0.0039875200996365;0;1;;"test0";13383;22627819
301;873917641;true;0.0039875200996365;0;1;;"test0";13629;22627819
301;-1472880019;true;0.0039875200996365;0;1;;"test0";12588;22627819
301;-1949858497;true;0.0039875200996365;0;1;;"test0";14097;22627819
301;852321763;true;0.0039875200996365;0;1;;"test0";13206;22627819
301;-1423796341;true;0.0039875200996365;0;1;;"test0";13642;22627819
301;1815132529;true;0.0039875200996365;0;1;;"test0";13025;22627819
301;-1235346320;true;0.003988394510529679;0;1;;"test0";15966;22627819
301;-1780152835;true;0.003988394510529679;0;1;;"test0";16662;22627819
301;-453699328;true;0.003988816800150562;0;1;;"test0";14362;22627819
301;-1191401011;true;0.003988816800150562;0;1;;"test0";17606;22627819
301;-453699328;true;0.003988816800150562;0;1;;"test0";14335;22627819
301;1321886893;true;0.003993932077870677;0;1;;"test0";17687;22627819
301;-1766385476;true;0.003993932077870677;0;1;;"test0";14835;22627819
301;1716883931;true;0.003993961084894316;0;1;;"test0";15494;22627819
301;489595458;true;0.003993961084894316;0;1;;"test0";15069;22627819
301;2122651852;true;0.003999554756147558;0;1;;"test0";13542;22627819
301;-1120522400;true;0.003999554756147558;0;1;;"test0";13468;22627819
301;-2070538722;true;0.003999554756147558;0;1;;"test0";13626;22627819
301;1774685395;true;0.004000321967775602;0;1;;"test0";17194;22627819
301;1218891310;true;0.004000321967775602;0;1;;"test0";14137;22627819
301;2035820708;true;0.004000321967775602;0;1;;"test0";16168;22627819
301;1757220488;true;0.004000321967775602;0;1;;"test0";14999;22627819
301;2025384903;true;0.004000321967775602;0;1;;"test0";14501;22627819
301;913612843;true;0.00400334985946821;0;1;;"test0";10696;22627819
301;1821255399;true;0.00400334985946821;0;1;;"test0";2;22627819
301;-1140496682;true;0.00400334985946821;0;1;;"test0";14408;22627819
301;358412388;true;0.00400334985946821;0;1;;"test0";17452;22627819
301;-1140496682;true;0.00400334985946821;0;1;;"test0";12295;22627819
302;1716883931;false;-1;0;1;;"test0";NaN;22741077
302;-364501283;false;-1;0;1;;"test0";NaN;22741077
302;-422770050;true;0.002917620137299771;0;1;;"test0";13317;22741077
302;1756463574;true;0.002942137953579601;0;1;;"test0";13519;22741077
302;920722842;true;0.0035744815684907367;0;1;;"test0";16336;22741077
302;530251740;true;0.00357484203686961;0;1;;"test0";13954;22741077
302;163269309;true;0.00357484203686961;0;1;;"test0";16745;22741077
302;-1596428808;true;0.0035755917551991054;0;1;;"test0";16806;22741077
302;-798579205;true;0.0035994427202612617;0;1;;"test0";14393;22741077
302;772074082;true;0.003796113882157877;0;1;;"test0";16546;22741077
302;-536343884;true;0.003796113882157877;0;1;;"test0";14620;22741077
302;-286641361;true;0.003796113882157877;0;1;;"test0";20901;22741077
302;964141523;true;0.003796113882157877;0;1;;"test0";14588;22741077
302;-336614819;true;0.0038002662092433545;0;1;;"test0";16246;22741077
302;782052548;true;0.0038095006537706834;0;1;;"test0";14396;22741077
302;-1536848529;true;0.0038095006537706834;0;1;;"test0";17119;22741077
302;1294993133;true;0.003943467731069929;0;1;;"test0";15082;22741077
302;1982139238;true;0.003943467731069929;0;1;;"test0";15461;22741077
302;1857994763;true;0.003972379091502891;0;1;;"test0";16394;22741077
302;382371386;true;0.0039782839806576705;0;1;;"test0";16321;22741077
302;156184657;true;0.0039782839806576705;0;1;;"test0";14108;22741077
302;-1685564415;true;0.0039782839806576705;0;1;;"test0";14401;22741077
302;-732865695;true;0.0039782839806576705;0;1;;"test0";15714;22741077
302;-858762957;true;0.0039782839806576705;0;1;;"test0";11998;22741077
302;454299189;true;0.0039782839806576705;0;1;;"test0";10294;22741077
302;-1032531215;true;0.0039875200996365;0;1;;"test0";14917;22741077
302;-1235346320;true;0.003988394510529679;0;1;;"test0";14046;22741077
302;-1780152835;true;0.003988394510529679;0;1;;"test0";14976;22741077
302;-1780152835;true;0.003988394510529679;0;1;;"test0";16465;22741077
302;1329606654;true;0.003988394510529679;0;1;;"test0";14601;22741077
302;539436294;true;0.003988394510529679;0;1;;"test0";16445;22741077
302;2109426423;true;0.003993932077870677;0;1;;"test0";17037;22741077
302;-2121845409;true;0.003993932077870677;0;1;;"test0";14222;22741077
302;-1766385476;true;0.003993932077870677;0;1;;"test0";12058;22741077
302;1860366551;true;0.003993932077870677;0;1;;"test0";15709;22741077
302;-1914006940;true;0.003993961084894316;0;1;;"test0";17313;22741077
302;659420042;true;0.003993961084894316;0;1;;"test0";15448;22741077
302;489595458;true;0.003993961084894316;0;1;;"test0";14941;22741077
302;-72745960;true;0.003993961084894316;0;1;;"test0";14869;22741077
302;-2070538722;true;0.003999554756147558;0;1;;"test0";15948;22741077
302;-1120522400;true;0.003999554756147558;0;1;;"test0";16734;22741077
302;2025384903;true;0.004000321967775602;0;1;;"test0";17933;22741077
302;-868820118;true;0.004000321967775602;0;1;;"test0";14448;22741077
302;-1862145341;true;0.004000321967775602;0;1;;"test0";15337;22741077
302;-248887064;true;0.00400334985946821;0;1;;"test0";13704;22741077
302;-1140496682;true;0.00400334985946821;0;1;;"test0";16285;22741077
302;-1517616684;true;0.00400334985946821;0;1;;"test0";16654;22741077
302;358412388;true;0.00400334985946821;0;1;;"test0";1;22741077
302;-2059674338;true;0.00400334985946821;0;1;;"test0";13916;22741077
303;641480894;false;-1;0;1;;"test0";NaN;22845072
303;1547464490;true;0.002002288329519451;0;1;;"test0";16224;22845072
303;-592589638;true;0.0028643572950366922;0;1;;"test0";15188;22845072
303;268868414;true;0.0029239766081871343;0;1;;"test0";15487;22845072
303;797207412;true;0.003003432494279176;0;1;;"test0";12483;22845072
303;243530674;true;0.003003432494279176;0;1;;"test0";13293;22845072
303;1710893441;true;0.003003432494279176;0;1;;"test0";16763;22845072
303;-1966531931;true;0.0035748401723240176;0;1;;"test0";14000;22845072
303;-821051238;true;0.00357484203686961;0;1;;"test0";13842;22845072
303;-1307666753;true;0.0035755917551991054;0;1;;"test0";18004;22845072
303;90572333;true;0.0035755917551991054;0;1;;"test0";11822;22845072
303;-614659354;true;0.0035795838738157575;0;1;;"test0";14717;22845072
303;-69421204;true;0.0035994427202612617;0;1;;"test0";16384;22845072
303;-106602755;true;0.0035994427202612617;0;1;;"test0";10827;22845072
303;315069391;true;0.003796113882157877;0;1;;"test0";13822;22845072
303;561337316;true;0.003796113882157877;0;1;;"test0";14231;22845072
303;-286641361;true;0.003796113882157877;0;1;;"test0";10560;22845072
303;1030914228;true;0.003796113882157877;0;1;;"test0";11118;22845072
303;1895718906;true;0.003796113882157877;0;1;;"test0";13703;22845072
303;-1700150082;true;0.003796113882157877;0;1;;"test0";13289;22845072
303;772074082;true;0.003796113882157877;0;1;;"test0";8719;22845072
303;-336614819;true;0.0038002662092433545;0;1;;"test0";12867;22845072
303;-336614819;true;0.0038002662092433545;0;1;;"test0";10799;22845072
303;-336614819;true;0.0038002662092433545;0;1;;"test0";10209;22845072
303;-336614819;true;0.0038002662092433545;0;1;;"test0";14336;22845072
303;-1536848529;true;0.0038095006537706834;0;1;;"test0";12011;22845072
303;782052548;true;0.0038095006537706834;0;1;;"test0";14983;22845072
303;-1232427154;true;0.0038780211351182588;0;1;;"test0";16849;22845072
303;1982139238;true;0.003943467731069929;0;1;;"test0";13000;22845072
303;2078335712;true;0.0039782839806576705;0;1;;"test0";14184;22845072
303;1305631720;true;0.0039782839806576705;0;1;;"test0";14273;22845072
303;-1763745041;true;0.003982192958085199;0;1;;"test0";11529;22845072
303;-1032531215;true;0.0039875200996365;0;1;;"test0";16528;22845072
303;-1756363198;true;0.003988394510529679;0;1;;"test0";13511;22845072
303;-2082858662;true;0.003993932077870677;0;1;;"test0";13197;22845072
303;-2121845409;true;0.003993932077870677;0;1;;"test0";18640;22845072
303;-72745960;true;0.003993961084894316;0;1;;"test0";14090;22845072
303;-72745960;true;0.003993961084894316;0;1;;"test0";14210;22845072
303;-1946098523;true;0.003999554756147558;0;1;;"test0";13528;22845072
303;-1428095652;true;0.003999554756147558;0;1;;"test0";10945;22845072
303;1580379833;true;0.003999554756147558;0;1;;"test0";16803;22845072
303;-1120522400;true;0.003999554756147558;0;1;;"test0";12833;22845072
303;1205440841;true;0.003999554756147558;0;1;;"test0";16595;22845072
303;-2044402988;true;0.003999554756147558;0;1;;"test0";13760;22845072
303;358412388;true;0.00400334985946821;0;1;;"test0";2;22845072
303;-2059674338;true;0.00400334985946821;0;1;;"test0";1;22845072
303;1032036548;true;0.00400334985946821;0;1;;"test0";12863;22845072
303;-716413289;true;0.00400334985946821;0;1;;"test0";13156;22845072
303;1064004333;true;0.00400334985946821;0;1;;"test0";17156;22845072
303;-1529980760;true;0.00400334985946821;0;1;;"test0";14338;22845072
304;797207412;false;-1;0;1;;"test0";NaN;22955702
304;569050078;true;0.002864440648467464;0;1;;"test0";14445;22955702
304;797207412;true;0.003003432494279176;0;1;;"test0";16479;22955702
304;-813227480;true;0.0035646386779549827;0;1;;"test0";15432;22955702
304;1725521623;true;0.00357484203686961;0;1;;"test0";16175;22955702
304;1432140895;true;0.00357484203686961;0;1;;"test0";16291;22955702
304;-821051238;true;0.00357484203686961;0;1;;"test0";13394;22955702
304;780689364;true;0.0035751989250927714;0;1;;"test0";16621;22955702
304;1522133700;true;0.0035755917551991054;0;1;;"test0";17143;22955702
304;-614659354;true;0.0035795838738157575;0;1;;"test0";13006;22955702
304;-614659354;true;0.0035795838738157575;0;1;;"test0";13924;22955702
304;279880202;true;0.0035994427202612617;0;1;;"test0";13172;22955702
304;-1645433128;true;0.0035994427202612617;0;1;;"test0";11903;22955702
304;-505403937;true;0.0035994427202612617;0;1;;"test0";13989;22955702
304;822025549;true;0.0035994427202612617;0;1;;"test0";14038;22955702
304;179656987;true;0.0035994427202612617;0;1;;"test0";14053;22955702
304;-973873158;true;0.003796113882157877;0;1;;"test0";16265;22955702
304;360957523;true;0.003796113882157877;0;1;;"test0";16849;22955702
304;1040825460;true;0.003796113882157877;0;1;;"test0";15977;22955702
304;-1101973510;true;0.0038002662092433545;0;1;;"test0";16585;22955702
304;-1080501106;true;0.0038002662092433545;0;1;;"test0";18045;22955702
304;1427300278;true;0.0038780211351182588;0;1;;"test0";18744;22955702
304;-1232427154;true;0.0038780211351182588;0;1;;"test0";18568;22955702
304;-1232427154;true;0.0038780211351182588;0;1;;"test0";16557;22955702
304;-1327672983;true;0.0038780211351182588;0;1;;"test0";16161;22955702
304;-1630247114;true;0.003943467731069929;0;1;;"test0";16165;22955702
304;-1807510321;true;0.003943467731069929;0;1;;"test0";16003;22955702
304;341019554;true;0.0039496132425253724;0;1;;"test0";14902;22955702
304;1305631720;true;0.0039782839806576705;0;1;;"test0";16367;22955702
304;-1413223158;true;0.0039875200996365;0;1;;"test0";16691;22955702
304;-1032531215;true;0.0039875200996365;0;1;;"test0";16717;22955702
304;-1223840525;true;0.003988394510529679;0;1;;"test0";16488;22955702
304;-1756363198;true;0.003988394510529679;0;1;;"test0";15395;22955702
304;-2082858662;true;0.003993932077870677;0;1;;"test0";16732;22955702
304;892054214;true;0.003993961084894316;0;1;;"test0";18397;22955702
304;553298673;true;0.003993961084894316;0;1;;"test0";14943;22955702
304;-72745960;true;0.003993961084894316;0;1;;"test0";13173;22955702
304;-252711002;true;0.003993961084894316;0;1;;"test0";16676;22955702
304;-72745960;true;0.003993961084894316;0;1;;"test0";16797;22955702
304;-444280613;true;0.003993961084894316;0;1;;"test0";12805;22955702
304;840890437;true;0.003999554756147558;0;1;;"test0";16889;22955702
304;-1529980760;true;0.00400334985946821;0;1;;"test0";2;22955702
304;-2059674338;true;0.00400334985946821;0;1;;"test0";16484;22955702
304;358412388;true;0.00400334985946821;0;1;;"test0";16180;22955702
304;-191535152;true;0.00400334985946821;0;1;;"test0";15399;22955702
304;1064004333;true;0.00400334985946821;0;1;;"test0";18506;22955702
304;199493443;true;0.00400334985946821;0;1;;"test0";15404;22955702
304;358412388;true;0.00400334985946821;0;1;;"test0";16834;22955702
304;1613194606;true;0.00400334985946821;0;1;;"test0";16491;22955702
305;1628139500;true;0.0028643572950366922;0;1;;"test0";10006;23052445
305;-1243442964;true;0.002864440648467464;0;1;;"test0";14790;23052445
305;1785688064;true;0.002917620137299771;0;1;;"test0";12549;23052445
305;-1141475236;true;0.003446961592988;0;1;;"test0";16402;23052445
305;-716814056;true;0.003557586116000347;0;1;;"test0";15001;23052445
305;676676196;true;0.0035740735985540974;0;1;;"test0";17997;23052445
305;-351284458;true;0.0035751989250927714;0;1;;"test0";18834;23052445
305;797346358;true;0.0035751989250927714;0;1;;"test0";17522;23052445
305;780689364;true;0.0035751989250927714;0;1;;"test0";17227;23052445
305;-1212625134;true;0.0035751989250927714;0;1;;"test0";17982;23052445
305;1522133700;true;0.0035755917551991054;0;1;;"test0";15101;23052445
305;-1447550112;true;0.0035755917551991054;0;1;;"test0";12213;23052445
305;-1376425029;true;0.0035795838738157575;0;1;;"test0";16847;23052445
305;-614659354;true;0.0035795838738157575;0;1;;"test0";18085;23052445
305;-285409263;true;0.0037221476439469525;0;1;;"test0";12536;23052445
305;-943481654;true;0.003796113882157877;0;1;;"test0";11541;23052445
305;-1806379594;true;0.003796113882157877;0;1;;"test0";13912;23052445
305;-504520375;true;0.0038002662092433545;0;1;;"test0";14050;23052445
305;-233563467;true;0.0038092274555293227;0;1;;"test0";12799;23052445
305;-460735229;true;0.003943467731069929;0;1;;"test0";15229;23052445
305;813549485;true;0.003943467731069929;0;1;;"test0";16002;23052445
305;341019554;true;0.0039496132425253724;0;1;;"test0";12053;23052445
305;341019554;true;0.0039496132425253724;0;1;;"test0";18010;23052445
305;341019554;true;0.0039496132425253724;0;1;;"test0";12289;23052445
305;-467384534;true;0.0039496132425253724;0;1;;"test0";15976;23052445
305;341019554;true;0.0039496132425253724;0;1;;"test0";15988;23052445
305;-445562488;true;0.0039496132425253724;0;1;;"test0";13994;23052445
305;970366844;true;0.003971919528810803;0;1;;"test0";13572;23052445
305;1305631720;true;0.0039782839806576705;0;1;;"test0";17720;23052445
305;-448465602;true;0.0039782839806576705;0;1;;"test0";11966;23052445
305;245052850;true;0.0039782839806576705;0;1;;"test0";11842;23052445
305;1305631720;true;0.0039782839806576705;0;1;;"test0";15008;23052445
305;841856518;true;0.0039782839806576705;0;1;;"test0";12737;23052445
305;-598746315;true;0.003982192958085199;0;1;;"test0";15191;23052445
305;-562872689;true;0.003982192958085199;0;1;;"test0";11962;23052445
305;-1032531215;true;0.0039875200996365;0;1;;"test0";14947;23052445
305;571028206;true;0.0039875200996365;0;1;;"test0";15261;23052445
305;-2082858662;true;0.003993932077870677;0;1;;"test0";10187;23052445
305;-2082858662;true;0.003993932077870677;0;1;;"test0";12459;23052445
305;-72745960;true;0.003993961084894316;0;1;;"test0";17265;23052445
305;-72745960;true;0.003993961084894316;0;1;;"test0";13518;23052445
305;1102368292;true;0.003999554756147558;0;1;;"test0";11881;23052445
305;840890437;true;0.003999554756147558;0;1;;"test0";18695;23052445
305;2025166859;true;0.003999554756147558;0;1;;"test0";18226;23052445
305;132637835;true;0.00400334985946821;0;1;;"test0";17488;23052445
305;-191535152;true;0.00400334985946821;0;1;;"test0";12542;23052445
305;1613194606;true;0.00400334985946821;0;1;;"test0";14210;23052445
305;358412388;true;0.00400334985946821;0;1;;"test0";1;23052445
305;-191535152;true;0.00400334985946821;0;1;;"test0";13287;23052445
306;-779455937;true;0.002917620137299771;0;1;;"test0";14494;23157619
306;875697997;true;0.002942137953579601;0;1;;"test0";16496;23157619
306;-638777803;true;0.003442222206620492;0;1;;"test0";12231;23157619
306;-1672106698;true;0.003508033667660566;0;1;;"test0";14965;23157619
306;1197180399;true;0.0035740735985540974;0;1;;"test0";16659;23157619
306;-398105908;true;0.0035751989250927714;0;1;;"test0";11824;23157619
306;1555488942;true;0.0035751989250927714;0;1;;"test0";17474;23157619
306;-455034354;true;0.0035994427202612617;0;1;;"test0";14845;23157619
306;-1690369892;true;0.003796113882157877;0;1;;"test0";17312;23157619
306;2066374758;true;0.003796113882157877;0;1;;"test0";14250;23157619
306;-643026353;true;0.003796113882157877;0;1;;"test0";17926;23157619
306;-1806379594;true;0.003796113882157877;0;1;;"test0";12438;23157619
306;-504520375;true;0.0038002662092433545;0;1;;"test0";15327;23157619
306;1846664134;true;0.0038002662092433545;0;1;;"test0";17827;23157619
306;857403782;true;0.0038095006537706834;0;1;;"test0";13474;23157619
306;-1607125451;true;0.003943467731069929;0;1;;"test0";17560;23157619
306;-584213445;true;0.0039496132425253724;0;1;;"test0";11950;23157619
306;1648031058;true;0.0039496132425253724;0;1;;"test0";14234;23157619
306;341019554;true;0.0039496132425253724;0;1;;"test0";13467;23157619
306;-619902893;true;0.003971919528810803;0;1;;"test0";17020;23157619
306;-124052466;true;0.003971919528810803;0;1;;"test0";16097;23157619
306;970366844;true;0.003971919528810803;0;1;;"test0";15908;23157619
306;970366844;true;0.003971919528810803;0;1;;"test0";15479;23157619
306;841856518;true;0.0039782839806576705;0;1;;"test0";16420;23157619
306;841856518;true;0.0039782839806576705;0;1;;"test0";17874;23157619
306;737218932;true;0.003982192958085199;0;1;;"test0";17506;23157619
306;-134666959;true;0.003982192958085199;0;1;;"test0";16234;23157619
306;-562872689;true;0.003982192958085199;0;1;;"test0";15565;23157619
306;-172147105;true;0.003982192958085199;0;1;;"test0";16128;23157619
306;170422193;true;0.003982192958085199;0;1;;"test0";17470;23157619
306;-562872689;true;0.003982192958085199;0;1;;"test0";17009;23157619
306;-562872689;true;0.003982192958085199;0;1;;"test0";15956;23157619
306;-349295348;true;0.003982192958085199;0;1;;"test0";13854;23157619
306;-562872689;true;0.003982192958085199;0;1;;"test0";16487;23157619
306;1263032805;true;0.003985735888220684;0;1;;"test0";18047;23157619
306;-1032531215;true;0.0039875200996365;0;1;;"test0";18108;23157619
306;571028206;true;0.0039875200996365;0;1;;"test0";15143;23157619
306;1625143101;true;0.003993932077870677;0;1;;"test0";16344;23157619
306;-2082858662;true;0.003993932077870677;0;1;;"test0";17998;23157619
306;-2082858662;true;0.003993932077870677;0;1;;"test0";15469;23157619
306;2061217237;true;0.003993932077870677;0;1;;"test0";16087;23157619
306;1956958056;true;0.003993932077870677;0;1;;"test0";16631;23157619
306;-2082858662;true;0.003993932077870677;0;1;;"test0";15290;23157619
306;-1696214083;true;0.003999554756147558;0;1;;"test0";12351;23157619
306;132637835;true;0.00400334985946821;0;1;;"test0";16546;23157619
306;-375694517;true;0.00400334985946821;0;1;;"test0";17191;23157619
306;446883087;true;0.00400334985946821;0;1;;"test0";18528;23157619
306;358412388;true;0.00400334985946821;0;1;;"test0";1;23157619
306;-191535152;true;0.00400334985946821;0;1;;"test0";1;23157619
306;1615181350;true;0.00400334985946821;0;1;;"test0";17383;23157619
307;575928585;true;0.002574370709382151;0;1;;"test0";17219;23266188
307;-528529263;true;0.00286427732079906;0;1;;"test0";16333;23266188
307;1232473999;true;0.0028643572950366922;0;1;;"test0";12757;23266188
307;-832473159;true;0.002942137953579601;0;1;;"test0";20068;23266188
307;-735755354;true;0.003437191645680485;0;1;;"test0";17223;23266188
307;-1525501996;true;0.003508033667660566;0;1;;"test0";14054;23266188
307;-1464030194;true;0.003508033667660566;0;1;;"test0";16125;23266188
307;1702613618;true;0.0035751989250927714;0;1;;"test0";10602;23266188
307;-398105908;true;0.0035751989250927714;0;1;;"test0";12974;23266188
307;1619978267;true;0.0035751989250927714;0;1;;"test0";15326;23266188
307;-2059768866;true;0.0035795838738157575;0;1;;"test0";19964;23266188
307;-1578286789;true;0.0035994427202612617;0;1;;"test0";10555;23266188
307;775464501;true;0.0035994427202612617;0;1;;"test0";20357;23266188
307;-560753883;true;0.003796113882157877;0;1;;"test0";17820;23266188
307;-900553322;true;0.003796113882157877;0;1;;"test0";17782;23266188
307;-2031763208;true;0.003796113882157877;0;1;;"test0";17297;23266188
307;1828125093;true;0.003796113882157877;0;1;;"test0";17485;23266188
307;-902297273;true;0.0038002662092433545;0;1;;"test0";15671;23266188
307;-107665696;true;0.0038002662092433545;0;1;;"test0";16330;23266188
307;947853509;true;0.0038002662092433545;0;1;;"test0";15006;23266188
307;1846664134;true;0.0038002662092433545;0;1;;"test0";13992;23266188
307;303672582;true;0.0038093900197784434;0;1;;"test0";15578;23266188
307;857403782;true;0.0038095006537706834;0;1;;"test0";17698;23266188
307;1556906858;true;0.0038095006537706834;0;1;;"test0";15270;23266188
307;2080731755;true;0.0038095006537706834;0;1;;"test0";16116;23266188
307;-831568567;true;0.00394319568469486;0;1;;"test0";15131;23266188
307;-1378509917;true;0.003943467731069929;0;1;;"test0";15758;23266188
307;1333267151;true;0.003971919528810803;0;1;;"test0";16397;23266188
307;-124052466;true;0.003971919528810803;0;1;;"test0";13741;23266188
307;-909253072;true;0.003976110182310492;0;1;;"test0";17253;23266188
307;841856518;true;0.0039782839806576705;0;1;;"test0";18128;23266188
307;-807651513;true;0.003985735888220684;0;1;;"test0";15777;23266188
307;1263032805;true;0.003985735888220684;0;1;;"test0";14800;23266188
307;571028206;true;0.0039875200996365;0;1;;"test0";17794;23266188
307;571028206;true;0.0039875200996365;0;1;;"test0";15944;23266188
307;195224581;true;0.0039875200996365;0;1;;"test0";16121;23266188
307;-161629602;true;0.003991350166770951;0;1;;"test0";17269;23266188
307;1378565175;true;0.003993932077870677;0;1;;"test0";16003;23266188
307;46882268;true;0.003993932077870677;0;1;;"test0";13325;23266188
307;-2082858662;true;0.003993932077870677;0;1;;"test0";16328;23266188
307;-2082858662;true;0.003993932077870677;0;1;;"test0";11370;23266188
307;631027388;true;0.003993961084894316;0;1;;"test0";13179;23266188
307;1928345247;true;0.003993961084894316;0;1;;"test0";16084;23266188
307;-1696214083;true;0.003999554756147558;0;1;;"test0";16128;23266188
307;358412388;true;0.00400334985946821;0;1;;"test0";14117;23266188
307;316324065;true;0.00400334985946821;0;1;;"test0";13542;23266188
307;700125553;true;0.00400334985946821;0;1;;"test0";17661;23266188
307;1615181350;true;0.00400334985946821;0;1;;"test0";2;23266188
307;-191535152;true;0.00400334985946821;0;1;;"test0";3;23266188
307;-66019486;true;0.00400334985946821;0;1;;"test0";15194;23266188
308;1804949195;true;0.002002288329519451;0;1;;"test0";12852;23365785
308;-335186423;true;0.0028643572950366922;0;1;;"test0";14136;23365785
308;-1921641049;true;0.003508033667660566;0;1;;"test0";16145;23365785
308;657363658;true;0.003508033667660566;0;1;;"test0";15350;23365785
308;-2059768866;true;0.0035795838738157575;0;1;;"test0";15074;23365785
308;669407482;true;0.0035795838738157575;0;1;;"test0";16767;23365785
308;916073514;true;0.0035994427202612617;0;1;;"test0";15871;23365785
308;-1182714102;true;0.0035994427202612617;0;1;;"test0";15159;23365785
308;268312884;true;0.0035994427202612617;0;1;;"test0";15130;23365785
308;-783981809;true;0.0035994427202612617;0;1;;"test0";15100;23365785
308;-2073251905;true;0.003793452086070852;0;1;;"test0";15051;23365785
308;-900553322;true;0.003796113882157877;0;1;;"test0";14803;23365785
308;-963598305;true;0.003796113882157877;0;1;;"test0";16458;23365785
308;-1134177466;true;0.0038002662092433545;0;1;;"test0";14320;23365785
308;-107665696;true;0.0038002662092433545;0;1;;"test0";13647;23365785
308;947853509;true;0.0038002662092433545;0;1;;"test0";14174;23365785
308;947853509;true;0.0038002662092433545;0;1;;"test0";18441;23365785
308;-898609685;true;0.0038002662092433545;0;1;;"test0";19028;23365785
308;-730178526;true;0.0038075357479013783;0;1;;"test0";13613;23365785
308;-1928454715;true;0.0038093900197784434;0;1;;"test0";18631;23365785
308;303672582;true;0.0038093900197784434;0;1;;"test0";18820;23365785
308;-1039347469;true;0.0038550571492368515;0;1;;"test0";15885;23365785
308;-1299855282;true;0.003883749796821244;0;1;;"test0";19038;23365785
308;-1628608278;true;0.0038916454000423113;0;1;;"test0";14576;23365785
308;-1378509917;true;0.003943467731069929;0;1;;"test0";15466;23365785
308;-1378509917;true;0.003943467731069929;0;1;;"test0";12600;23365785
308;-1677409759;true;0.003971919528810803;0;1;;"test0";13341;23365785
308;-124052466;true;0.003971919528810803;0;1;;"test0";13724;23365785
308;-807651513;true;0.003985735888220684;0;1;;"test0";12925;23365785
308;-807651513;true;0.003985735888220684;0;1;;"test0";15614;23365785
308;-1219804084;true;0.003985735888220684;0;1;;"test0";13261;23365785
308;-807651513;true;0.003985735888220684;0;1;;"test0";14179;23365785
308;646052249;true;0.003985735888220684;0;1;;"test0";15146;23365785
308;-807651513;true;0.003985735888220684;0;1;;"test0";13169;23365785
308;195224581;true;0.0039875200996365;0;1;;"test0";15320;23365785
308;1111986687;true;0.0039875200996365;0;1;;"test0";12869;23365785
308;195224581;true;0.0039875200996365;0;1;;"test0";12983;23365785
308;195224581;true;0.0039875200996365;0;1;;"test0";13247;23365785
308;571028206;true;0.0039875200996365;0;1;;"test0";11652;23365785
308;-161629602;true;0.003991350166770951;0;1;;"test0";19039;23365785
308;-2082858662;true;0.003993932077870677;0;1;;"test0";19042;23365785
308;-2082858662;true;0.003993932077870677;0;1;;"test0";19027;23365785
308;1928345247;true;0.003993961084894316;0;1;;"test0";14446;23365785
308;-1740690295;true;0.003993961084894316;0;1;;"test0";13174;23365785
308;449331193;true;0.003993961084894316;0;1;;"test0";16392;23365785
308;358412388;true;0.00400334985946821;0;1;;"test0";14364;23365785
308;358412388;true;0.00400334985946821;0;1;;"test0";16423;23365785
308;-191535152;true;0.00400334985946821;0;1;;"test0";1;23365785
308;316324065;true;0.00400334985946821;0;1;;"test0";13843;23365785
308;-66019486;true;0.00400334985946821;0;1;;"test0";1;23365785
309;-1058886266;true;0.0029044182362260164;0;1;;"test0";15424;23472746
309;-1849014604;true;0.003442222206620492;0;1;;"test0";12220;23472746
309;2024117293;true;0.003557586116000347;0;1;;"test0";17869;23472746
309;-1609347248;true;0.003574424456180305;0;1;;"test0";16306;23472746
309;1323371400;true;0.0035795838738157575;0;1;;"test0";17438;23472746
309;572177361;true;0.003796113882157877;0;1;;"test0";16338;23472746
309;-1039347469;true;0.0038550571492368515;0;1;;"test0";19809;23472746
309;340470051;true;0.0038550571492368515;0;1;;"test0";17112;23472746
309;-1299855282;true;0.003883749796821244;0;1;;"test0";13594;23472746
309;-448518987;true;0.003889494001552823;0;1;;"test0";16723;23472746
309;-460343113;true;0.003889494001552823;0;1;;"test0";12156;23472746
309;-1956071412;true;0.003889494001552823;0;1;;"test0";14241;23472746
309;1681150147;true;0.0038916454000423113;0;1;;"test0";15973;23472746
309;-1628608278;true;0.0038916454000423113;0;1;;"test0";17266;23472746
309;-1628608278;true;0.0038916454000423113;0;1;;"test0";20235;23472746
309;-1628608278;true;0.0038916454000423113;0;1;;"test0";17321;23472746
309;-1384522648;true;0.0038940070454448034;0;1;;"test0";18392;23472746
309;-1378509917;true;0.003943467731069929;0;1;;"test0";17423;23472746
309;-1576063228;true;0.003943467731069929;0;1;;"test0";16975;23472746
309;1700420943;true;0.003947580495536591;0;1;;"test0";14971;23472746
309;-1677409759;true;0.003971919528810803;0;1;;"test0";16421;23472746
309;1105897146;true;0.003971919528810803;0;1;;"test0";16652;23472746
309;969869909;true;0.003971919528810803;0;1;;"test0";17658;23472746
309;-1173572035;true;0.003971919528810803;0;1;;"test0";16607;23472746
309;1839965021;true;0.0039782839806576705;0;1;;"test0";16085;23472746
309;137361262;true;0.0039782839806576705;0;1;;"test0";18637;23472746
309;-807651513;true;0.003985735888220684;0;1;;"test0";19521;23472746
309;-807651513;true;0.003985735888220684;0;1;;"test0";12405;23472746
309;-1218092374;true;0.003985735888220684;0;1;;"test0";16372;23472746
309;445886129;true;0.003985735888220684;0;1;;"test0";15994;23472746
309;1599387446;true;0.003985735888220684;0;1;;"test0";15403;23472746
309;-807651513;true;0.003985735888220684;0;1;;"test0";17673;23472746
309;1404193753;true;0.0039875200996365;0;1;;"test0";12790;23472746
309;-1284855540;true;0.0039875200996365;0;1;;"test0";15128;23472746
309;195224581;true;0.0039875200996365;0;1;;"test0";15914;23472746
309;1878044405;true;0.0039875200996365;0;1;;"test0";17905;23472746
309;195224581;true;0.0039875200996365;0;1;;"test0";15948;23472746
309;571028206;true;0.0039875200996365;0;1;;"test0";17633;23472746
309;195224581;true;0.0039875200996365;0;1;;"test0";18032;23472746
309;-1052458500;true;0.0039875200996365;0;1;;"test0";15959;23472746
309;1346573467;true;0.0039875200996365;0;1;;"test0";14529;23472746
309;1476426200;true;0.003988394510529679;0;1;;"test0";16224;23472746
309;1926451315;true;0.003991350166770951;0;1;;"test0";11279;23472746
309;-1740690295;true;0.003993961084894316;0;1;;"test0";17526;23472746
309;1749118763;true;0.003993961084894316;0;1;;"test0";16804;23472746
309;-1770791142;true;0.003993961084894316;0;1;;"test0";15849;23472746
309;449331193;true;0.003993961084894316;0;1;;"test0";15301;23472746
309;1226084768;true;0.003999554756147558;0;1;;"test0";15874;23472746
309;-66019486;true;0.00400334985946821;0;1;;"test0";1;23472746
309;316324065;true;0.00400334985946821;0;1;;"test0";4;23472746
310;-1604283138;false;-1;0;1;;"test0";NaN;23580470
310;-577220448;true;0.002574370709382151;0;1;;"test0";14836;23580470
310;1809514747;true;0.002917620137299771;0;1;;"test0";15565;23580470
310;2109642962;true;0.003446946985349729;0;1;;"test0";13009;23580470
310;-1609347248;true;0.003574424456180305;0;1;;"test0";16031;23580470
310;1538272030;true;0.003574424456180305;0;1;;"test0";17766;23580470
310;977711346;true;0.0035744815684907367;0;1;;"test0";14183;23580470
310;-1404994859;true;0.003576366131138445;0;1;;"test0";14695;23580470
310;114705348;true;0.0035795838738157575;0;1;;"test0";13881;23580470
310;-1392700372;true;0.003796113882157877;0;1;;"test0";16311;23580470
310;1247367027;true;0.003796113882157877;0;1;;"test0";13676;23580470
310;-1059271130;true;0.003796113882157877;0;1;;"test0";16345;23580470
310;42560304;true;0.0038550571492368515;0;1;;"test0";14043;23580470
310;340470051;true;0.0038550571492368515;0;1;;"test0";15437;23580470
310;-1871964148;true;0.0038550571492368515;0;1;;"test0";14351;23580470
310;340470051;true;0.0038550571492368515;0;1;;"test0";13265;23580470
310;-909417111;true;0.0038631851767940264;0;1;;"test0";15302;23580470
310;-953687270;true;0.003889494001552823;0;1;;"test0";15500;23580470
310;-448518987;true;0.003889494001552823;0;1;;"test0";14526;23580470
310;-723467117;true;0.003943467731069929;0;1;;"test0";13206;23580470
310;-1576063228;true;0.003943467731069929;0;1;;"test0";12267;23580470
310;-1378509917;true;0.003943467731069929;0;1;;"test0";15271;23580470
310;1700420943;true;0.003947580495536591;0;1;;"test0";14525;23580470
310;1700420943;true;0.003947580495536591;0;1;;"test0";19638;23580470
310;1671714999;true;0.003947580495536591;0;1;;"test0";14730;23580470
310;-1425224604;true;0.003971919528810803;0;1;;"test0";16079;23580470
310;-379741675;true;0.003971919528810803;0;1;;"test0";15982;23580470
310;-393492157;true;0.003985735888220684;0;1;;"test0";19407;23580470
310;445886129;true;0.003985735888220684;0;1;;"test0";19850;23580470
310;-1468368773;true;0.003985735888220684;0;1;;"test0";15371;23580470
310;-55876335;true;0.003985735888220684;0;1;;"test0";16823;23580470
310;876970068;true;0.003985735888220684;0;1;;"test0";14702;23580470
310;445886129;true;0.003985735888220684;0;1;;"test0";15289;23580470
310;-1314117196;true;0.0039875200996365;0;1;;"test0";13062;23580470
310;195224581;true;0.0039875200996365;0;1;;"test0";14578;23580470
310;195224581;true;0.0039875200996365;0;1;;"test0";15400;23580470
310;932404687;true;0.0039875200996365;0;1;;"test0";14456;23580470
310;1476426200;true;0.003988394510529679;0;1;;"test0";12136;23580470
310;1476426200;true;0.003988394510529679;0;1;;"test0";10872;23580470
310;1926451315;true;0.003991350166770951;0;1;;"test0";16157;23580470
310;1971480436;true;0.003991350166770951;0;1;;"test0";16099;23580470
310;-704908707;true;0.003991350166770951;0;1;;"test0";17819;23580470
310;1926451315;true;0.003991350166770951;0;1;;"test0";14844;23580470
310;-1228761495;true;0.003993961084894316;0;1;;"test0";14999;23580470
310;1931658293;true;0.003993961084894316;0;1;;"test0";16567;23580470
310;1226084768;true;0.003999554756147558;0;1;;"test0";16070;23580470
310;-66019486;true;0.00400334985946821;0;1;;"test0";1;23580470
310;-637926231;true;0.00400334985946821;0;1;;"test0";13103;23580470
310;316324065;true;0.00400334985946821;0;1;;"test0";11976;23580470
311;33855082;true;0.002866698518872432;0;1;;"test0";15289;23688197
311;1539634913;true;0.002942137953579601;0;1;;"test0";17706;23688197
311;157234399;true;0.0034359242785711864;0;1;;"test0";15693;23688197
311;-1826233934;true;0.0034468155602885076;0;1;;"test0";15839;23688197
311;-1089126270;true;0.003446946985349729;0;1;;"test0";14288;23688197
311;1574621052;true;0.003446946985349729;0;1;;"test0";17335;23688197
311;1988567230;true;0.0035670442105357274;0;1;;"test0";16885;23688197
311;-1112478606;true;0.0035744815684907367;0;1;;"test0";15642;23688197
311;-783752105;true;0.0035897825236514093;0;1;;"test0";13689;23688197
311;-1859266331;true;0.0035994427202612617;0;1;;"test0";14178;23688197
311;-2145068184;true;0.0037795823850020316;0;1;;"test0";17728;23688197
311;-1871964148;true;0.0038550571492368515;0;1;;"test0";14503;23688197
311;-1247692549;true;0.0038550571492368515;0;1;;"test0";14322;23688197
311;-1871964148;true;0.0038550571492368515;0;1;;"test0";19289;23688197
311;-1174436487;true;0.0038631851767940264;0;1;;"test0";15952;23688197
311;647308491;true;0.003889494001552823;0;1;;"test0";16492;23688197
311;-1910320402;true;0.003943467731069929;0;1;;"test0";11417;23688197
311;631206880;true;0.003943467731069929;0;1;;"test0";15912;23688197
311;1671714999;true;0.003947580495536591;0;1;;"test0";15912;23688197
311;-615179487;true;0.003971919528810803;0;1;;"test0";17972;23688197
311;-893681078;true;0.003971919528810803;0;1;;"test0";11794;23688197
311;-1425224604;true;0.003971919528810803;0;1;;"test0";18115;23688197
311;1658887259;true;0.003971919528810803;0;1;;"test0";13191;23688197
311;-1932266300;true;0.003982192958085199;0;1;;"test0";11487;23688197
311;1888928748;true;0.003982192958085199;0;1;;"test0";19192;23688197
311;403796255;true;0.003985735888220684;0;1;;"test0";14290;23688197
311;1346502523;true;0.0039875200996365;0;1;;"test0";15981;23688197
311;962699031;true;0.0039875200996365;0;1;;"test0";16999;23688197
311;1321839383;true;0.0039875200996365;0;1;;"test0";18172;23688197
311;-1314117196;true;0.0039875200996365;0;1;;"test0";11546;23688197
311;1723738628;true;0.003988394510529679;0;1;;"test0";17848;23688197
311;1476426200;true;0.003988394510529679;0;1;;"test0";16625;23688197
311;1926451315;true;0.003991350166770951;0;1;;"test0";17350;23688197
311;-704908707;true;0.003991350166770951;0;1;;"test0";16850;23688197
311;693008504;true;0.003991350166770951;0;1;;"test0";17529;23688197
311;171916314;true;0.003993961084894316;0;1;;"test0";17991;23688197
311;-539390715;true;0.003993961084894316;0;1;;"test0";20327;23688197
311;1931658293;true;0.003993961084894316;0;1;;"test0";13911;23688197
311;2026507460;true;0.003993961084894316;0;1;;"test0";8456;23688197
311;1931658293;true;0.003993961084894316;0;1;;"test0";18036;23688197
311;-1055907530;true;0.003993961084894316;0;1;;"test0";16536;23688197
311;376758625;true;0.003993961084894316;0;1;;"test0";20303;23688197
311;92588876;true;0.003993961084894316;0;1;;"test0";20355;23688197
311;40550075;true;0.003999554756147558;0;1;;"test0";11232;23688197
311;-637926231;true;0.00400334985946821;0;1;;"test0";17171;23688197
311;1445612450;true;0.00400334985946821;0;1;;"test0";18867;23688197
311;-510624352;true;0.00400334985946821;0;1;;"test0";15282;23688197
311;-66019486;true;0.00400334985946821;0;1;;"test0";19249;23688197
311;316324065;true;0.00400334985946821;0;1;;"test0";2;23688197
312;-1723775110;false;-1;0;1;;"test0";NaN;23797133
312;1997928127;true;0.002574370709382151;0;1;;"test0";17323;23797133
312;1928089601;true;0.0028643572950366922;0;1;;"test0";15005;23797133
312;-1537303526;true;0.002864440648467464;0;1;;"test0";14823;23797133
312;-1152044607;true;0.002942137953579601;0;1;;"test0";14616;23797133
312;284828692;true;0.002942137953579601;0;1;;"test0";15884;23797133
312;2055745242;true;0.003446452767525234;0;1;;"test0";17292;23797133
312;577338574;true;0.003446684444294506;0;1;;"test0";10892;23797133
312;1202861537;true;0.003446946985349729;0;1;;"test0";17180;23797133
312;647751712;true;0.003446946985349729;0;1;;"test0";17321;23797133
312;1771257419;true;0.003574424456180305;0;1;;"test0";20209;23797133
312;-939922409;true;0.0035744815684907367;0;1;;"test0";14680;23797133
312;1367591876;true;0.003588302436163835;0;1;;"test0";15485;23797133
312;-783752105;true;0.0035897825236514093;0;1;;"test0";11902;23797133
312;-868383539;true;0.0035897825236514093;0;1;;"test0";7228;23797133
312;-525465361;true;0.0035994427202612617;0;1;;"test0";18071;23797133
312;-1263588217;true;0.0035994427202612617;0;1;;"test0";16712;23797133
312;322160657;true;0.0035994427202612617;0;1;;"test0";16784;23797133
312;-829187340;true;0.0036548090456856625;0;1;;"test0";11993;23797133
312;1006693775;true;0.003796113882157877;0;1;;"test0";14543;23797133
312;-997589621;true;0.0038631851767940264;0;1;;"test0";18108;23797133
312;934934655;true;0.0038631851767940264;0;1;;"test0";14794;23797133
312;1267872284;true;0.003876096134523445;0;1;;"test0";17288;23797133
312;631206880;true;0.003943467731069929;0;1;;"test0";14783;23797133
312;-1941839818;true;0.003943467731069929;0;1;;"test0";12366;23797133
312;-1318771850;true;0.003947580495536591;0;1;;"test0";14481;23797133
312;1671714999;true;0.003947580495536591;0;1;;"test0";12192;23797133
312;1671714999;true;0.003947580495536591;0;1;;"test0";15269;23797133
312;1671714999;true;0.003947580495536591;0;1;;"test0";11818;23797133
312;1671714999;true;0.003947580495536591;0;1;;"test0";12499;23797133
312;1539816790;true;0.003982192958085199;0;1;;"test0";14453;23797133
312;-310574798;true;0.003985735888220684;0;1;;"test0";13848;23797133
312;1489662022;true;0.003985735888220684;0;1;;"test0";16891;23797133
312;7742118;true;0.0039875200996365;0;1;;"test0";15487;23797133
312;1321839383;true;0.0039875200996365;0;1;;"test0";14178;23797133
312;1321839383;true;0.0039875200996365;0;1;;"test0";14853;23797133
312;1321839383;true;0.0039875200996365;0;1;;"test0";14517;23797133
312;1184576470;true;0.0039875200996365;0;1;;"test0";14822;23797133
312;-852533896;true;0.003988394510529679;0;1;;"test0";15123;23797133
312;-704908707;true;0.003991350166770951;0;1;;"test0";20234;23797133
312;642135793;true;0.003991350166770951;0;1;;"test0";15027;23797133
312;337104023;true;0.003991350166770951;0;1;;"test0";19705;23797133
312;-43914723;true;0.003993961084894316;0;1;;"test0";13115;23797133
312;-976161884;true;0.003993961084894316;0;1;;"test0";14931;23797133
312;-55541238;true;0.003999554756147558;0;1;;"test0";17971;23797133
312;-779461813;true;0.003999554756147558;0;1;;"test0";17269;23797133
312;-66019486;true;0.00400334985946821;0;1;;"test0";2;23797133
312;316324065;true;0.00400334985946821;0;1;;"test0";17842;23797133
312;-1894577872;true;0.00400334985946821;0;1;;"test0";16816;23797133
313;942007767;false;-1;0;1;;"test0";NaN;23910797
313;-1894577872;false;-1;0;1;;"test0";NaN;23910797
313;-1537303526;true;0.002864440648467464;0;1;;"test0";14508;23910797
313;1844556841;true;0.0028645876831081196;0;1;;"test0";14388;23910797
313;-1394399383;true;0.003003432494279176;0;1;;"test0";11368;23910797
313;577338574;true;0.003446684444294506;0;1;;"test0";13186;23910797
313;-474573745;true;0.003446684444294506;0;1;;"test0";12963;23910797
313;302369001;true;0.003446961592988;0;1;;"test0";12813;23910797
313;1771257419;true;0.003574424456180305;0;1;;"test0";14215;23910797
313;-1698936427;true;0.003574424456180305;0;1;;"test0";14064;23910797
313;-939922409;true;0.0035744815684907367;0;1;;"test0";15791;23910797
313;103802067;true;0.0035744815684907367;0;1;;"test0";15783;23910797
313;1367591876;true;0.003588302436163835;0;1;;"test0";13946;23910797
313;1166625481;true;0.0035994427202612617;0;1;;"test0";13165;23910797
313;-525465361;true;0.0035994427202612617;0;1;;"test0";14606;23910797
313;1932290280;true;0.003796113882157877;0;1;;"test0";13775;23910797
313;1006693775;true;0.003796113882157877;0;1;;"test0";14176;23910797
313;2141297002;true;0.003796113882157877;0;1;;"test0";11942;23910797
313;1006693775;true;0.003796113882157877;0;1;;"test0";13671;23910797
313;630935301;true;0.0038631851767940264;0;1;;"test0";14544;23910797
313;-997589621;true;0.0038631851767940264;0;1;;"test0";14601;23910797
313;1267872284;true;0.003876096134523445;0;1;;"test0";14299;23910797
313;-646180514;true;0.003876096134523445;0;1;;"test0";12939;23910797
313;-1129529036;true;0.0038780211351182588;0;1;;"test0";14322;23910797
313;1262891413;true;0.0038870282335081445;0;1;;"test0";16497;23910797
313;631206880;true;0.003943467731069929;0;1;;"test0";15513;23910797
313;-1620958402;true;0.003943467731069929;0;1;;"test0";12852;23910797
313;-1963918064;true;0.003982192958085199;0;1;;"test0";14186;23910797
313;-2140651939;true;0.003982192958085199;0;1;;"test0";14035;23910797
313;1539816790;true;0.003982192958085199;0;1;;"test0";14428;23910797
313;751161477;true;0.003982192958085199;0;1;;"test0";14322;23910797
313;1769773223;true;0.003988394510529679;0;1;;"test0";15961;23910797
313;-1341479289;true;0.003988394510529679;0;1;;"test0";14184;23910797
313;-923563770;true;0.003993961084894316;0;1;;"test0";14684;23910797
313;514428168;true;0.003993961084894316;0;1;;"test0";12974;23910797
313;-2040603104;true;0.003999554756147558;0;1;;"test0";15923;23910797
313;-55541238;true;0.003999554756147558;0;1;;"test0";16699;23910797
313;-779461813;true;0.003999554756147558;0;1;;"test0";18426;23910797
313;-828938260;true;0.003999554756147558;0;1;;"test0";16878;23910797
313;-1041960958;true;0.003999554756147558;0;1;;"test0";18463;23910797
313;669217795;true;0.003999554756147558;0;1;;"test0";15987;23910797
313;-2005565523;true;0.00400334985946821;0;1;;"test0";17642;23910797
313;309336214;true;0.00400334985946821;0;1;;"test0";17876;23910797
313;464991040;true;0.00400334985946821;0;1;;"test0";15503;23910797
313;316324065;true;0.00400334985946821;0;1;;"test0";14511;23910797
313;316324065;true;0.00400334985946821;0;1;;"test0";15613;23910797
313;-1657253739;true;0.00400334985946821;0;1;;"test0";15468;23910797
313;-66019486;true;0.00400334985946821;0;1;;"test0";15764;23910797
314;-633753692;true;0.002574370709382151;0;1;;"test0";17303;24017981
314;-465581701;true;0.0028645876831081196;0;1;;"test0";17289;24017981
314;1844556841;true;0.0028645876831081196;0;1;;"test0";18389;24017981
314;1844556841;true;0.0028645876831081196;0;1;;"test0";15467;24017981
314;1844556841;true;0.0028645876831081196;0;1;;"test0";17044;24017981
314;1844556841;true;0.0028645876831081196;0;1;;"test0";16729;24017981
314;-431471992;true;0.0028645876831081196;0;1;;"test0";15617;24017981
314;590819412;true;0.003003432494279176;0;1;;"test0";16868;24017981
314;-1394399383;true;0.003003432494279176;0;1;;"test0";19603;24017981
314;-865917004;true;0.003003432494279176;0;1;;"test0";16014;24017981
314;-1394399383;true;0.003003432494279176;0;1;;"test0";17532;24017981
314;751346987;true;0.00343507626172436;0;1;;"test0";18773;24017981
314;302369001;true;0.003446961592988;0;1;;"test0";16800;24017981
314;302369001;true;0.003446961592988;0;1;;"test0";16590;24017981
314;-1920439469;true;0.0035145807058691086;0;1;;"test0";18805;24017981
314;-221718200;true;0.003574424456180305;0;1;;"test0";17062;24017981
314;1435746999;true;0.003574424456180305;0;1;;"test0";18134;24017981
314;103802067;true;0.0035744815684907367;0;1;;"test0";17064;24017981
314;2023340734;true;0.0035744815684907367;0;1;;"test0";18193;24017981
314;361219972;true;0.00357484203686961;0;1;;"test0";16316;24017981
314;1591755639;true;0.0035799227326673935;0;1;;"test0";16522;24017981
314;-859784621;true;0.003586447812172384;0;1;;"test0";17502;24017981
314;433784692;true;0.0035994427202612617;0;1;;"test0";15653;24017981
314;1006693775;true;0.003796113882157877;0;1;;"test0";18816;24017981
314;1208374651;true;0.003796113882157877;0;1;;"test0";16155;24017981
314;1006693775;true;0.003796113882157877;0;1;;"test0";17011;24017981
314;-1001337212;true;0.0038631851767940264;0;1;;"test0";14099;24017981
314;-862530683;true;0.0038631851767940264;0;1;;"test0";15189;24017981
314;630935301;true;0.0038631851767940264;0;1;;"test0";14306;24017981
314;1267872284;true;0.003876096134523445;0;1;;"test0";12740;24017981
314;-1943643356;true;0.003876096134523445;0;1;;"test0";19488;24017981
314;-1318133976;true;0.003876096134523445;0;1;;"test0";15324;24017981
314;-314259986;true;0.003876096134523445;0;1;;"test0";17772;24017981
314;-631316044;true;0.003876096134523445;0;1;;"test0";16596;24017981
314;1267872284;true;0.003876096134523445;0;1;;"test0";18812;24017981
314;1267872284;true;0.003876096134523445;0;1;;"test0";15529;24017981
314;1262891413;true;0.0038870282335081445;0;1;;"test0";14805;24017981
314;1262891413;true;0.0038870282335081445;0;1;;"test0";17017;24017981
314;1409368143;true;0.003988394510529679;0;1;;"test0";12203;24017981
314;-532126058;true;0.003988394510529679;0;1;;"test0";12918;24017981
314;1769773223;true;0.003988394510529679;0;1;;"test0";16113;24017981
314;-1341479289;true;0.003988394510529679;0;1;;"test0";13158;24017981
314;1769773223;true;0.003988394510529679;0;1;;"test0";15010;24017981
314;-923563770;true;0.003993961084894316;0;1;;"test0";14479;24017981
314;1813241042;true;0.003993961084894316;0;1;;"test0";12323;24017981
314;-55541238;true;0.003999554756147558;0;1;;"test0";13986;24017981
314;-1657253739;true;0.00400334985946821;0;1;;"test0";1;24017981
314;675516333;true;0.00400334985946821;0;1;;"test0";17762;24017981
314;-66019486;true;0.00400334985946821;0;1;;"test0";16301;24017981
315;-1917930803;false;-1;0;0;;;240352;24279999
315;751346987;false;-1;0;1;;"test0";NaN;24279999
315;-1773618010;true;0.002908085430968726;0;1;;"test0";17940;24279999
315;654046643;true;0.002942137953579601;0;1;;"test0";12485;24279999
315;-1927236979;true;0.002955758962623951;0;1;;"test0";13638;24279999
315;2044342271;true;0.002955758962623951;0;1;;"test0";16078;24279999
315;-616494178;true;0.003051106025934401;0;1;;"test0";9629;24279999
315;751346987;true;0.00343507626172436;0;1;;"test0";11672;24279999
315;-1920439469;true;0.0035145807058691086;0;1;;"test0";11144;24279999
315;-851026733;true;0.003574424456180305;0;1;;"test0";12128;24279999
315;-83450646;true;0.0035744815684907367;0;1;;"test0";11965;24279999
315;-1834765733;true;0.0035744815684907367;0;1;;"test0";10510;24279999
315;-1145870052;true;0.0035854007793519123;0;1;;"test0";13725;24279999
315;-594353384;true;0.0035880964182326033;0;1;;"test0";8767;24279999
315;675036555;true;0.0035994427202612617;0;1;;"test0";14007;24279999
315;2122927995;true;0.0035994427202612617;0;1;;"test0";14213;24279999
315;-978353294;true;0.0035994427202612617;0;1;;"test0";12350;24279999
315;1191215188;true;0.0035994427202612617;0;1;;"test0";12892;24279999
315;1460919005;true;0.0035994427202612617;0;1;;"test0";12467;24279999
315;-1769797260;true;0.003796113882157877;0;1;;"test0";13259;24279999
315;1956482618;true;0.003796113882157877;0;1;;"test0";12876;24279999
315;-213569651;true;0.003796113882157877;0;1;;"test0";14983;24279999
315;630935301;true;0.0038631851767940264;0;1;;"test0";11055;24279999
315;-1998364525;true;0.0038631851767940264;0;1;;"test0";10697;24279999
315;-1491028312;true;0.0038631851767940264;0;1;;"test0";11857;24279999
315;933359353;true;0.003876096134523445;0;1;;"test0";15340;24279999
315;-314259986;true;0.003876096134523445;0;1;;"test0";11555;24279999
315;1649615943;true;0.003876096134523445;0;1;;"test0";11607;24279999
315;1262891413;true;0.0038870282335081445;0;1;;"test0";16088;24279999
315;1262891413;true;0.0038870282335081445;0;1;;"test0";14169;24279999
315;1731385867;true;0.0038870282335081445;0;1;;"test0";13418;24279999
315;630973752;true;0.0038870282335081445;0;1;;"test0";13571;24279999
315;1262891413;true;0.0038870282335081445;0;1;;"test0";13634;24279999
315;-130353555;true;0.003982192958085199;0;1;;"test0";12700;24279999
315;1391875750;true;0.003988394510529679;0;1;;"test0";11044;24279999
315;559743862;true;0.003988394510529679;0;1;;"test0";11108;24279999
315;761873185;true;0.003988394510529679;0;1;;"test0";13832;24279999
315;-923563770;true;0.003993961084894316;0;1;;"test0";11670;24279999
315;854915177;true;0.003993961084894316;0;1;;"test0";10500;24279999
315;-923563770;true;0.003993961084894316;0;1;;"test0";10570;24279999
315;-55541238;true;0.003999554756147558;0;1;;"test0";14306;24279999
315;-55541238;true;0.003999554756147558;0;1;;"test0";17202;24279999
315;-66019486;true;0.00400334985946821;0;1;;"test0";15017;24279999
315;675516333;true;0.00400334985946821;0;1;;"test0";11616;24279999
315;675516333;true;0.00400334985946821;0;1;;"test0";12527;24279999
315;-136992695;true;0.00400334985946821;0;1;;"test0";12542;24279999
315;-66019486;true;0.00400334985946821;0;1;;"test0";15183;24279999
315;1481363176;true;0.00400334985946821;0;1;;"test0";18121;24279999
316;1978532671;false;-1;0;1;;"test0";NaN;24386463
316;645317305;true;0.002574370709382151;0;1;;"test0";14639;24386463
316;1676451874;true;0.002864440648467464;0;1;;"test0";16747;24386463
316;325897895;true;0.002908085430968726;0;1;;"test0";19516;24386463
316;-1768218433;true;0.002908085430968726;0;1;;"test0";19687;24386463
316;-724832171;true;0.002942137953579601;0;1;;"test0";14246;24386463
316;212210997;true;0.003003432494279176;0;1;;"test0";16568;24386463
316;160873941;true;0.003574424456180305;0;1;;"test0";11164;24386463
316;-851026733;true;0.003574424456180305;0;1;;"test0";10705;24386463
316;-83450646;true;0.0035744815684907367;0;1;;"test0";16775;24386463
316;1550853539;true;0.00357484203686961;0;1;;"test0";14831;24386463
316;-1145870052;true;0.0035854007793519123;0;1;;"test0";16269;24386463
316;-391260769;true;0.0035854007793519123;0;1;;"test0";15403;24386463
316;-1145870052;true;0.0035854007793519123;0;1;;"test0";12162;24386463
316;1390829461;true;0.0035866790158134215;0;1;;"test0";15399;24386463
316;-516675183;true;0.0035866790158134215;0;1;;"test0";12163;24386463
316;-594353384;true;0.0035880964182326033;0;1;;"test0";15522;24386463
316;662745666;true;0.003593680107886492;0;1;;"test0";16035;24386463
316;-657595856;true;0.0035994427202612617;0;1;;"test0";14277;24386463
316;-1596299715;true;0.0035994427202612617;0;1;;"test0";14530;24386463
316;-761824440;true;0.0035994427202612617;0;1;;"test0";15161;24386463
316;1626606373;true;0.003796113882157877;0;1;;"test0";17726;24386463
316;1766932707;true;0.003796113882157877;0;1;;"test0";16953;24386463
316;-1292140511;true;0.0038101671939491763;0;1;;"test0";17296;24386463
316;1185972789;true;0.0038631851767940264;0;1;;"test0";11190;24386463
316;-1491028312;true;0.0038631851767940264;0;1;;"test0";11229;24386463
316;-1097521497;true;0.003876096134523445;0;1;;"test0";16377;24386463
316;1649615943;true;0.003876096134523445;0;1;;"test0";17240;24386463
316;-1366617980;true;0.003876096134523445;0;1;;"test0";16381;24386463
316;-1321958999;true;0.0038870282335081445;0;1;;"test0";16153;24386463
316;-1675229442;true;0.0038870282335081445;0;1;;"test0";17793;24386463
316;226689184;true;0.0038870282335081445;0;1;;"test0";12117;24386463
316;-342570041;true;0.0038870282335081445;0;1;;"test0";15350;24386463
316;-686302937;true;0.0038870282335081445;0;1;;"test0";13687;24386463
316;-959882029;true;0.003889272220475405;0;1;;"test0";14967;24386463
316;-307074625;true;0.003889272220475405;0;1;;"test0";14048;24386463
316;761873185;true;0.003988394510529679;0;1;;"test0";13197;24386463
316;-1598929910;true;0.003988394510529679;0;1;;"test0";17134;24386463
316;866172057;true;0.003988394510529679;0;1;;"test0";17194;24386463
316;761873185;true;0.003988394510529679;0;1;;"test0";16011;24386463
316;559743862;true;0.003988394510529679;0;1;;"test0";14439;24386463
316;-1698973528;true;0.003988394510529679;0;1;;"test0";17400;24386463
316;1880789909;true;0.003993961084894316;0;1;;"test0";14824;24386463
316;-482363364;true;0.003993961084894316;0;1;;"test0";14243;24386463
316;-55541238;true;0.003999554756147558;0;1;;"test0";14624;24386463
316;289543912;true;0.003999554756147558;0;1;;"test0";16751;24386463
316;405466548;true;0.003999554756147558;0;1;;"test0";19310;24386463
316;-66019486;true;0.00400334985946821;0;1;;"test0";1;24386463
316;1481363176;true;0.00400334985946821;0;1;;"test0";1;24386463
316;-923367601;true;0.00400334985946821;0;1;;"test0";15975;24386463
317;160873941;true;0.003574424456180305;0;1;;"test0";18429;24492768
317;160873941;true;0.003574424456180305;0;1;;"test0";16902;24492768
317;-1734316316;true;0.0035854007793519123;0;1;;"test0";15915;24492768
317;1390829461;true;0.0035866790158134215;0;1;;"test0";17633;24492768
317;1390829461;true;0.0035866790158134215;0;1;;"test0";14145;24492768
317;662745666;true;0.003593680107886492;0;1;;"test0";14635;24492768
317;643405880;true;0.003593680107886492;0;1;;"test0";18001;24492768
317;-1452811922;true;0.003593680107886492;0;1;;"test0";18267;24492768
317;1124224631;true;0.0035994427202612617;0;1;;"test0";11288;24492768
317;-2144522488;true;0.0035994427202612617;0;1;;"test0";19641;24492768
317;-701309173;true;0.0035994427202612617;0;1;;"test0";15814;24492768
317;-357821636;true;0.0035994427202612617;0;1;;"test0";15987;24492768
317;-118573836;true;0.0035994427202612617;0;1;;"test0";10113;24492768
317;-19650977;true;0.0035994427202612617;0;1;;"test0";18405;24492768
317;-984625624;true;0.003796113882157877;0;1;;"test0";13094;24492768
317;1766932707;true;0.003796113882157877;0;1;;"test0";12807;24492768
317;-254697242;true;0.003796113882157877;0;1;;"test0";14026;24492768
317;1766932707;true;0.003796113882157877;0;1;;"test0";13530;24492768
317;-1292140511;true;0.0038101671939491763;0;1;;"test0";13304;24492768
317;518508970;true;0.0038101671939491763;0;1;;"test0";19551;24492768
317;-1292140511;true;0.0038101671939491763;0;1;;"test0";16247;24492768
317;1589465062;true;0.0038101671939491763;0;1;;"test0";16045;24492768
317;-1169416208;true;0.0038101671939491763;0;1;;"test0";18156;24492768
317;-1292140511;true;0.0038101671939491763;0;1;;"test0";21125;24492768
317;1293074051;true;0.0038631851767940264;0;1;;"test0";19525;24492768
317;-661962478;true;0.0038631851767940264;0;1;;"test0";18336;24492768
317;-1163275747;true;0.0038631851767940264;0;1;;"test0";18331;24492768
317;1185972789;true;0.0038631851767940264;0;1;;"test0";20103;24492768
317;168917191;true;0.0038670574494710473;0;1;;"test0";11089;24492768
317;1293804158;true;0.003876096134523445;0;1;;"test0";16886;24492768
317;1292075640;true;0.003876096134523445;0;1;;"test0";15040;24492768
317;959632873;true;0.0038870282335081445;0;1;;"test0";16768;24492768
317;-1291683311;true;0.0038870282335081445;0;1;;"test0";16074;24492768
317;-1675229442;true;0.0038870282335081445;0;1;;"test0";18390;24492768
317;-959882029;true;0.003889272220475405;0;1;;"test0";18865;24492768
317;-307074625;true;0.003889272220475405;0;1;;"test0";13487;24492768
317;-1277470242;true;0.003889272220475405;0;1;;"test0";16186;24492768
317;-307074625;true;0.003889272220475405;0;1;;"test0";17633;24492768
317;-307074625;true;0.003889272220475405;0;1;;"test0";20541;24492768
317;-1344943127;true;0.003889272220475405;0;1;;"test0";19555;24492768
317;-258790585;true;0.003889272220475405;0;1;;"test0";17404;24492768
317;-2135857532;true;0.003889494001552823;0;1;;"test0";16823;24492768
317;1372485439;true;0.0038940070454448034;0;1;;"test0";12968;24492768
317;761873185;true;0.003988394510529679;0;1;;"test0";16024;24492768
317;1821100959;true;0.003988394510529679;0;1;;"test0";14870;24492768
317;1721500453;true;0.003988394510529679;0;1;;"test0";17172;24492768
317;-1747504896;true;0.003988394510529679;0;1;;"test0";17906;24492768
317;-673129008;true;0.003999554756147558;0;1;;"test0";15995;24492768
317;1481363176;true;0.00400334985946821;0;1;;"test0";1;24492768
317;-923367601;true;0.00400334985946821;0;1;;"test0";1;24492768
318;-1675229442;false;-1;0;0;;;240188;24793368
318;1832544552;true;0.003003432494279176;0;1;;"test0";16459;24793368
318;-499696000;true;0.0035923510689716584;0;1;;"test0";15855;24793368
318;-2046986307;true;0.0035937871969330074;0;1;;"test0";14790;24793368
318;1325748669;true;0.0035994427202612617;0;1;;"test0";15577;24793368
318;1766932707;true;0.003796113882157877;0;1;;"test0";14038;24793368
318;-965745503;true;0.003796113882157877;0;1;;"test0";15988;24793368
318;-721152600;true;0.003796113882157877;0;1;;"test0";12730;24793368
318;-1292140511;true;0.0038101671939491763;0;1;;"test0";15264;24793368
318;-1015757062;true;0.0038101671939491763;0;1;;"test0";14389;24793368
318;1899733879;true;0.003826819054230421;0;1;;"test0";16604;24793368
318;1293074051;true;0.0038631851767940264;0;1;;"test0";19289;24793368
318;-976590272;true;0.0038631851767940264;0;1;;"test0";19023;24793368
318;1140567850;true;0.0038654305998478307;0;1;;"test0";15866;24793368
318;168917191;true;0.0038670574494710473;0;1;;"test0";13832;24793368
318;1123853146;true;0.0038670574494710473;0;1;;"test0";15148;24793368
318;-552362462;true;0.0038670574494710473;0;1;;"test0";13610;24793368
318;168917191;true;0.0038670574494710473;0;1;;"test0";13180;24793368
318;168917191;true;0.0038670574494710473;0;1;;"test0";15928;24793368
318;232026724;true;0.0038670574494710473;0;1;;"test0";12671;24793368
318;-561113310;true;0.0038670574494710473;0;1;;"test0";16141;24793368
318;168917191;true;0.0038670574494710473;0;1;;"test0";14755;24793368
318;1292075640;true;0.003876096134523445;0;1;;"test0";15881;24793368
318;1293804158;true;0.003876096134523445;0;1;;"test0";19182;24793368
318;1292075640;true;0.003876096134523445;0;1;;"test0";10978;24793368
318;108594277;true;0.003876096134523445;0;1;;"test0";13740;24793368
318;-1325425456;true;0.003876096134523445;0;1;;"test0";14902;24793368
318;1292075640;true;0.003876096134523445;0;1;;"test0";14432;24793368
318;1293804158;true;0.003876096134523445;0;1;;"test0";18731;24793368
318;1292075640;true;0.003876096134523445;0;1;;"test0";14524;24793368
318;1292075640;true;0.003876096134523445;0;1;;"test0";11008;24793368
318;-2039173730;true;0.0038780211351182588;0;1;;"test0";14563;24793368
318;208729308;true;0.0038870282335081445;0;1;;"test0";12707;24793368
318;-1291683311;true;0.0038870282335081445;0;1;;"test0";14585;24793368
318;-1969387988;true;0.0038870282335081445;0;1;;"test0";13834;24793368
318;-3976958;true;0.003889272220475405;0;1;;"test0";13124;24793368
318;596403644;true;0.003889272220475405;0;1;;"test0";14973;24793368
318;-2135857532;true;0.003889494001552823;0;1;;"test0";14570;24793368
318;-1005563325;true;0.0038940070454448034;0;1;;"test0";16834;24793368
318;1243821576;true;0.0038940070454448034;0;1;;"test0";18863;24793368
318;1372485439;true;0.0038940070454448034;0;1;;"test0";15172;24793368
318;1458588665;true;0.003913980600403925;0;1;;"test0";14985;24793368
318;63633649;true;0.003988394510529679;0;1;;"test0";17891;24793368
318;577331812;true;0.003988394510529679;0;1;;"test0";18039;24793368
318;84906933;true;0.00400334985946821;0;1;;"test0";18972;24793368
318;1481363176;true;0.00400334985946821;0;1;;"test0";1;24793368
318;-923367601;true;0.00400334985946821;0;1;;"test0";16344;24793368
318;331857739;true;0.00400334985946821;0;1;;"test0";17034;24793368
318;267972654;true;0.00400334985946821;0;1;;"test0";14299;24793368
319;-2135857532;false;-1;0;1;;"test0";NaN;24897087
319;-1934471436;true;0.002908085430968726;0;1;;"test0";13633;24897087
319;-1010071510;true;0.002917620137299771;0;1;;"test0";17029;24897087
319;-288280778;true;0.0035215107722845126;0;1;;"test0";13493;24897087
319;386496550;true;0.0035755917551991054;0;1;;"test0";13064;24897087
319;1902130779;true;0.0035994427202612617;0;1;;"test0";17527;24897087
319;-546131052;true;0.0035994427202612617;0;1;;"test0";12177;24897087
319;259340885;true;0.0035994427202612617;0;1;;"test0";12103;24897087
319;-1715022581;true;0.0035994427202612617;0;1;;"test0";17642;24897087
319;1069596058;true;0.0035994427202612617;0;1;;"test0";17010;24897087
319;1766932707;true;0.003796113882157877;0;1;;"test0";13255;24897087
319;728558325;true;0.003796113882157877;0;1;;"test0";12654;24897087
319;-2024143296;true;0.003796113882157877;0;1;;"test0";15745;24897087
319;177863101;true;0.003796113882157877;0;1;;"test0";13266;24897087
319;1671780717;true;0.003796113882157877;0;1;;"test0";13198;24897087
319;-1156932806;true;0.003796113882157877;0;1;;"test0";10617;24897087
319;-1015757062;true;0.0038101671939491763;0;1;;"test0";17197;24897087
319;-1336166000;true;0.0038670574494710473;0;1;;"test0";12722;24897087
319;-1387610134;true;0.003876096134523445;0;1;;"test0";14050;24897087
319;1293804158;true;0.003876096134523445;0;1;;"test0";13483;24897087
319;1293804158;true;0.003876096134523445;0;1;;"test0";12888;24897087
319;-2039173730;true;0.0038780211351182588;0;1;;"test0";14075;24897087
319;-2039173730;true;0.0038780211351182588;0;1;;"test0";17265;24897087
319;-686314357;true;0.0038780211351182588;0;1;;"test0";15986;24897087
319;-1677952138;true;0.0038780211351182588;0;1;;"test0";16413;24897087
319;-2039173730;true;0.0038780211351182588;0;1;;"test0";13816;24897087
319;-1269104004;true;0.0038780211351182588;0;1;;"test0";11147;24897087
319;1993040743;true;0.0038780211351182588;0;1;;"test0";19409;24897087
319;-1865455159;true;0.0038870282335081445;0;1;;"test0";12649;24897087
319;-1291683311;true;0.0038870282335081445;0;1;;"test0";14953;24897087
319;588034274;true;0.0038870282335081445;0;1;;"test0";16289;24897087
319;596403644;true;0.003889272220475405;0;1;;"test0";17550;24897087
319;2073936567;true;0.003889494001552823;0;1;;"test0";13300;24897087
319;-720462811;true;0.003889494001552823;0;1;;"test0";16166;24897087
319;-459079941;true;0.0038940070454448034;0;1;;"test0";12162;24897087
319;1372485439;true;0.0038940070454448034;0;1;;"test0";12972;24897087
319;-1083878457;true;0.0038940070454448034;0;1;;"test0";13804;24897087
319;1682597494;true;0.003913980600403925;0;1;;"test0";16697;24897087
319;577331812;true;0.003988394510529679;0;1;;"test0";13397;24897087
319;577331812;true;0.003988394510529679;0;1;;"test0";12265;24897087
319;1272199621;true;0.00400334985946821;0;1;;"test0";15842;24897087
319;-1835546376;true;0.00400334985946821;0;1;;"test0";17937;24897087
319;267972654;true;0.00400334985946821;0;1;;"test0";10810;24897087
319;331857739;true;0.00400334985946821;0;1;;"test0";15515;24897087
319;-1815822080;true;0.00400334985946821;0;1;;"test0";9594;24897087
319;331857739;true;0.00400334985946821;0;1;;"test0";11099;24897087
319;331857739;true;0.00400334985946821;0;1;;"test0";14923;24897087
319;1481363176;true;0.00400334985946821;0;1;;"test0";13064;24897087
320;876814908;true;0.002908085430968726;0;1;;"test0";17094;25009287
320;492447628;true;0.002955758962623951;0;1;;"test0";16118;25009287
320;173753157;true;0.002955758962623951;0;1;;"test0";18947;25009287
320;-287351069;true;0.003003432494279176;0;1;;"test0";19159;25009287
320;-459904558;true;0.0034432571016245342;0;1;;"test0";14599;25009287
320;1228155617;true;0.0035994427202612617;0;1;;"test0";18726;25009287
320;901816383;true;0.0035994427202612617;0;1;;"test0";14630;25009287
320;-956530972;true;0.0035994427202612617;0;1;;"test0";11477;25009287
320;1748780947;true;0.003796113882157877;0;1;;"test0";19400;25009287
320;1822575368;true;0.003796113882157877;0;1;;"test0";12999;25009287
320;1249941382;true;0.0038101671939491763;0;1;;"test0";12337;25009287
320;-336731047;true;0.003815279059481835;0;1;;"test0";11910;25009287
320;-212083962;true;0.0038203030929831326;0;1;;"test0";16526;25009287
320;1913445464;true;0.0038670574494710473;0;1;;"test0";14637;25009287
320;816144633;true;0.0038780211351182588;0;1;;"test0";15933;25009287
320;1899709768;true;0.0038780211351182588;0;1;;"test0";19201;25009287
320;-778423930;true;0.0038870282335081445;0;1;;"test0";17013;25009287
320;537669205;true;0.0038870282335081445;0;1;;"test0";16843;25009287
320;356305760;true;0.0038870282335081445;0;1;;"test0";19635;25009287
320;-1291683311;true;0.0038870282335081445;0;1;;"test0";17019;25009287
320;-1291683311;true;0.0038870282335081445;0;1;;"test0";16123;25009287
320;596403644;true;0.003889272220475405;0;1;;"test0";17196;25009287
320;1583569786;true;0.003889272220475405;0;1;;"test0";17611;25009287
320;1668495334;true;0.003889272220475405;0;1;;"test0";17033;25009287
320;-38870229;true;0.003889272220475405;0;1;;"test0";19278;25009287
320;2073936567;true;0.003889494001552823;0;1;;"test0";16559;25009287
320;2073936567;true;0.003889494001552823;0;1;;"test0";18991;25009287
320;1372485439;true;0.0038940070454448034;0;1;;"test0";19223;25009287
320;-459079941;true;0.0038940070454448034;0;1;;"test0";18065;25009287
320;-459079941;true;0.0038940070454448034;0;1;;"test0";13265;25009287
320;-459079941;true;0.0038940070454448034;0;1;;"test0";18627;25009287
320;-431305363;true;0.0038940070454448034;0;1;;"test0";15933;25009287
320;-1845491464;true;0.003988394510529679;0;1;;"test0";19539;25009287
320;522092192;true;0.003988394510529679;0;1;;"test0";17995;25009287
320;1966676486;true;0.003988394510529679;0;1;;"test0";12763;25009287
320;-1467696305;true;0.003988394510529679;0;1;;"test0";17502;25009287
320;829498228;true;0.003988394510529679;0;1;;"test0";17969;25009287
320;-535154382;true;0.003988394510529679;0;1;;"test0";18052;25009287
320;-1923190899;true;0.003988394510529679;0;1;;"test0";18567;25009287
320;577331812;true;0.003988394510529679;0;1;;"test0";17767;25009287
320;490586278;true;0.00400334985946821;0;1;;"test0";16690;25009287
320;-403458779;true;0.00400334985946821;0;1;;"test0";17863;25009287
320;331857739;true;0.00400334985946821;0;1;;"test0";16022;25009287
320;649674282;true;0.00400334985946821;0;1;;"test0";16446;25009287
320;1481363176;true;0.00400334985946821;0;1;;"test0";2;25009287
320;331857739;true;0.00400334985946821;0;1;;"test0";18165;25009287
320;-351950514;true;0.00400334985946821;0;1;;"test0";17110;25009287
320;-423835955;true;0.00400334985946821;0;1;;"test0";18041;25009287
320;331857739;true;0.00400334985946821;0;1;;"test0";17281;25009287
321;1197685792;true;0.002574370709382151;0;1;;"test0";16989;25118045
321;194869357;true;0.003443041114540441;0;1;;"test0";18636;25118045
321;1605541533;true;0.0035994427202612617;0;1;;"test0";20362;25118045
321;-1218119146;true;0.0035994427202612617;0;1;;"test0";18050;25118045
321;1896440388;true;0.0035994427202612617;0;1;;"test0";16877;25118045
321;-1368440007;true;0.0035994427202612617;0;1;;"test0";17606;25118045
321;-282074198;true;0.0035994427202612617;0;1;;"test0";17098;25118045
321;1822575368;true;0.003796113882157877;0;1;;"test0";18856;25118045
321;1137332264;true;0.0038092274555293227;0;1;;"test0";14343;25118045
321;-1872951824;true;0.0038095006537706834;0;1;;"test0";18102;25118045
321;1249941382;true;0.0038101671939491763;0;1;;"test0";15580;25118045
321;1249941382;true;0.0038101671939491763;0;1;;"test0";12681;25118045
321;1441773412;true;0.003815279059481835;0;1;;"test0";17976;25118045
321;-336731047;true;0.003815279059481835;0;1;;"test0";17169;25118045
321;644963450;true;0.003815279059481835;0;1;;"test0";15685;25118045
321;-851884781;true;0.003815279059481835;0;1;;"test0";17712;25118045
321;-1493276943;true;0.003818178509819978;0;1;;"test0";18774;25118045
321;1913445464;true;0.0038670574494710473;0;1;;"test0";12129;25118045
321;-880078168;true;0.0038670574494710473;0;1;;"test0";14237;25118045
321;1913445464;true;0.0038670574494710473;0;1;;"test0";16453;25118045
321;1688219970;true;0.003876096134523445;0;1;;"test0";17578;25118045
321;1899709768;true;0.0038780211351182588;0;1;;"test0";15682;25118045
321;-1352102276;true;0.003889272220475405;0;1;;"test0";11543;25118045
321;-1771650628;true;0.003889494001552823;0;1;;"test0";16138;25118045
321;1592737468;true;0.0038916454000423113;0;1;;"test0";16501;25118045
321;1067821964;true;0.0038916454000423113;0;1;;"test0";17116;25118045
321;-459079941;true;0.0038940070454448034;0;1;;"test0";16769;25118045
321;-1377887381;true;0.0038940070454448034;0;1;;"test0";15263;25118045
321;-2016414864;true;0.0038940070454448034;0;1;;"test0";20322;25118045
321;-431305363;true;0.0038940070454448034;0;1;;"test0";15750;25118045
321;-459079941;true;0.0038940070454448034;0;1;;"test0";17396;25118045
321;-459079941;true;0.0038940070454448034;0;1;;"test0";18875;25118045
321;-1993591571;true;0.0038959153815082974;0;1;;"test0";13853;25118045
321;1467985270;true;0.003988394510529679;0;1;;"test0";18868;25118045
321;-1923190899;true;0.003988394510529679;0;1;;"test0";16002;25118045
321;-1923190899;true;0.003988394510529679;0;1;;"test0";14829;25118045
321;1115716993;true;0.003988394510529679;0;1;;"test0";14311;25118045
321;-1067377635;true;0.003988394510529679;0;1;;"test0";19475;25118045
321;1580412735;true;0.003988394510529679;0;1;;"test0";12815;25118045
321;-505608242;true;0.003988394510529679;0;1;;"test0";19200;25118045
321;-1236692328;true;0.00400334985946821;0;1;;"test0";13668;25118045
321;-898952142;true;0.00400334985946821;0;1;;"test0";13978;25118045
321;-423835955;true;0.00400334985946821;0;1;;"test0";1;25118045
321;191429091;true;0.00400334985946821;0;1;;"test0";17062;25118045
321;740056945;true;0.00400334985946821;0;1;;"test0";16645;25118045
321;-1927571222;true;0.00400334985946821;0;1;;"test0";16223;25118045
321;331857739;true;0.00400334985946821;0;1;;"test0";16845;25118045
321;817092688;true;0.00400334985946821;0;1;;"test0";13556;25118045
321;649674282;true;0.00400334985946821;0;1;;"test0";16356;25118045
322;1726012178;true;0.002942137953579601;0;1;;"test0";13805;25226372
322;1312822827;true;0.0034482232529556654;0;1;;"test0";18790;25226372
322;478378733;true;0.003584885267336272;0;1;;"test0";17191;25226372
322;-1748720650;true;0.0035854007793519123;0;1;;"test0";19038;25226372
322;2089727703;true;0.0035994427202612617;0;1;;"test0";13186;25226372
322;-63683699;true;0.0035994427202612617;0;1;;"test0";16843;25226372
322;1457604529;true;0.0035994427202612617;0;1;;"test0";17000;25226372
322;-1930378552;true;0.0035994427202612617;0;1;;"test0";14957;25226372
322;-517099427;true;0.0035994427202612617;0;1;;"test0";18506;25226372
322;-1383314968;true;0.003796113882157877;0;1;;"test0";16298;25226372
322;2068264413;true;0.003796113882157877;0;1;;"test0";14092;25226372
322;1248685037;true;0.003796113882157877;0;1;;"test0";14413;25226372
322;328704914;true;0.003796113882157877;0;1;;"test0";13254;25226372
322;-1972129002;true;0.003796113882157877;0;1;;"test0";14594;25226372
322;-1973494661;true;0.0038075357479013783;0;1;;"test0";13906;25226372
322;1249941382;true;0.0038101671939491763;0;1;;"test0";17392;25226372
322;240998440;true;0.0038101671939491763;0;1;;"test0";18036;25226372
322;1615331910;true;0.0038101671939491763;0;1;;"test0";14543;25226372
322;-336731047;true;0.003815279059481835;0;1;;"test0";19939;25226372
322;-1499050595;true;0.003815279059481835;0;1;;"test0";18442;25226372
322;1913445464;true;0.0038670574494710473;0;1;;"test0";18166;25226372
322;-276328469;true;0.0038780211351182588;0;1;;"test0";19045;25226372
322;1899709768;true;0.0038780211351182588;0;1;;"test0";19913;25226372
322;255793542;true;0.003889272220475405;0;1;;"test0";19229;25226372
322;-1352102276;true;0.003889272220475405;0;1;;"test0";17033;25226372
322;2123060497;true;0.003889272220475405;0;1;;"test0";18916;25226372
322;-1771650628;true;0.003889494001552823;0;1;;"test0";14033;25226372
322;-246526701;true;0.003889494001552823;0;1;;"test0";14228;25226372
322;1919843205;true;0.003889494001552823;0;1;;"test0";10345;25226372
322;-987213018;true;0.003889494001552823;0;1;;"test0";10150;25226372
322;424900195;true;0.003889494001552823;0;1;;"test0";19235;25226372
322;1705443623;true;0.0038916454000423113;0;1;;"test0";15938;25226372
322;-342818828;true;0.0038916454000423113;0;1;;"test0";11216;25226372
322;-1503145367;true;0.0038916454000423113;0;1;;"test0";18393;25226372
322;-1220524189;true;0.0038916454000423113;0;1;;"test0";11305;25226372
322;-2014802900;true;0.0038940070454448034;0;1;;"test0";14094;25226372
322;1572341130;true;0.0038940070454448034;0;1;;"test0";19009;25226372
322;-2016414864;true;0.0038940070454448034;0;1;;"test0";14169;25226372
322;-1993591571;true;0.0038959153815082974;0;1;;"test0";16018;25226372
322;163503961;true;0.0038959153815082974;0;1;;"test0";19988;25226372
322;1532567075;true;0.003982192958085199;0;1;;"test0";18824;25226372
322;1115716993;true;0.003988394510529679;0;1;;"test0";16391;25226372
322;-1790007154;true;0.003988394510529679;0;1;;"test0";17324;25226372
322;1355054137;true;0.00400334985946821;0;1;;"test0";16747;25226372
322;649674282;true;0.00400334985946821;0;1;;"test0";16022;25226372
322;-1556400661;true;0.00400334985946821;0;1;;"test0";14051;25226372
322;817092688;true;0.00400334985946821;0;1;;"test0";1;25226372
322;-1756883529;true;0.00400334985946821;0;1;;"test0";16135;25226372
322;-304654378;true;0.00400334985946821;0;1;;"test0";14353;25226372
323;-570377485;true;0.002864412475396457;0;1;;"test0";14497;25334871
323;2040425285;true;0.0035740735985540974;0;1;;"test0";13336;25334871
323;1920327344;true;0.0035840379670569024;0;1;;"test0";12347;25334871
323;-1748720650;true;0.0035854007793519123;0;1;;"test0";17075;25334871
323;-214246358;true;0.0035854007793519123;0;1;;"test0";17072;25334871
323;2009708623;true;0.0035994427202612617;0;1;;"test0";16558;25334871
323;1613429402;true;0.003796113882157877;0;1;;"test0";17799;25334871
323;-480092519;true;0.0038092274555293227;0;1;;"test0";16500;25334871
323;-822112843;true;0.003815279059481835;0;1;;"test0";15332;25334871
323;1016575474;true;0.003815279059481835;0;1;;"test0";17274;25334871
323;-1029160324;true;0.003815279059481835;0;1;;"test0";16670;25334871
323;-1499050595;true;0.003815279059481835;0;1;;"test0";19076;25334871
323;728857288;true;0.0038670574494710473;0;1;;"test0";18154;25334871
323;1767377161;true;0.0038670574494710473;0;1;;"test0";17626;25334871
323;1913445464;true;0.0038670574494710473;0;1;;"test0";18099;25334871
323;1913445464;true;0.0038670574494710473;0;1;;"test0";17807;25334871
323;1022656565;true;0.003876096134523445;0;1;;"test0";17060;25334871
323;1899709768;true;0.0038780211351182588;0;1;;"test0";15275;25334871
323;-2048481707;true;0.0038870282335081445;0;1;;"test0";19234;25334871
323;-1722354974;true;0.003889272220475405;0;1;;"test0";20991;25334871
323;-1352102276;true;0.003889272220475405;0;1;;"test0";16459;25334871
323;-879974334;true;0.003889272220475405;0;1;;"test0";17851;25334871
323;2123060497;true;0.003889272220475405;0;1;;"test0";18126;25334871
323;-1229268554;true;0.003889272220475405;0;1;;"test0";17138;25334871
323;-92885717;true;0.003889494001552823;0;1;;"test0";14814;25334871
323;1919843205;true;0.003889494001552823;0;1;;"test0";16439;25334871
323;-1986654419;true;0.0038916454000423113;0;1;;"test0";17615;25334871
323;144987764;true;0.0038916454000423113;0;1;;"test0";13737;25334871
323;594525556;true;0.0038916454000423113;0;1;;"test0";13192;25334871
323;1572341130;true;0.0038940070454448034;0;1;;"test0";14706;25334871
323;-1993591571;true;0.0038959153815082974;0;1;;"test0";12581;25334871
323;955635103;true;0.0038959153815082974;0;1;;"test0";15233;25334871
323;-1727803972;true;0.0038959153815082974;0;1;;"test0";15458;25334871
323;-109832443;true;0.003966233082051896;0;1;;"test0";15905;25334871
323;1532567075;true;0.003982192958085199;0;1;;"test0";12854;25334871
323;1532567075;true;0.003982192958085199;0;1;;"test0";17154;25334871
323;1532567075;true;0.003982192958085199;0;1;;"test0";18789;25334871
323;-993157000;true;0.003982192958085199;0;1;;"test0";18660;25334871
323;1532567075;true;0.003982192958085199;0;1;;"test0";15431;25334871
323;1604491955;true;0.003984685302022197;0;1;;"test0";13828;25334871
323;-1790007154;true;0.003988394510529679;0;1;;"test0";17829;25334871
323;1570362586;true;0.003988394510529679;0;1;;"test0";17172;25334871
323;-1991984797;true;0.003999554756147558;0;1;;"test0";16969;25334871
323;-1189779552;true;0.00400334985946821;0;1;;"test0";19311;25334871
323;-775260630;true;0.00400334985946821;0;1;;"test0";19065;25334871
323;-1756883529;true;0.00400334985946821;0;1;;"test0";1;25334871
323;-273619310;true;0.00400334985946821;0;1;;"test0";15042;25334871
323;1189562855;true;0.00400334985946821;0;1;;"test0";20335;25334871
323;817092688;true;0.00400334985946821;0;1;;"test0";20622;25334871
323;-304654378;true;0.00400334985946821;0;1;;"test0";2;25334871
324;-1877695104;false;-1;0;1;;"test0";NaN;25449476
324;-811855593;false;-1;0;1;;"test0";NaN;25449476
324;-967777560;true;0.003003432494279176;0;1;;"test0";13239;25449476
324;67674574;true;0.003003432494279176;0;1;;"test0";12215;25449476
324;1295305802;true;0.003446893038189957;0;1;;"test0";16673;25449476
324;-1277093996;true;0.0035846268885099146;0;1;;"test0";10983;25449476
324;-233767541;true;0.0035994427202612617;0;1;;"test0";20750;25449476
324;-1217469673;true;0.0035994427202612617;0;1;;"test0";20022;25449476
324;-1181607544;true;0.003796113882157877;0;1;;"test0";12642;25449476
324;-1076851090;true;0.003796113882157877;0;1;;"test0";14802;25449476
324;-1688734199;true;0.0038092274555293227;0;1;;"test0";14551;25449476
324;471858255;true;0.0038092274555293227;0;1;;"test0";14587;25449476
324;1022656565;true;0.003876096134523445;0;1;;"test0";18736;25449476
324;-17308755;true;0.0038772401216338277;0;1;;"test0";18709;25449476
324;2010216733;true;0.0038870282335081445;0;1;;"test0";13965;25449476
324;-1235189432;true;0.003889272220475405;0;1;;"test0";17314;25449476
324;-332942635;true;0.003889494001552823;0;1;;"test0";19763;25449476
324;-1604300453;true;0.003889494001552823;0;1;;"test0";13048;25449476
324;-92885717;true;0.003889494001552823;0;1;;"test0";13632;25449476
324;596711700;true;0.003889494001552823;0;1;;"test0";13937;25449476
324;-701782435;true;0.0038940070454448034;0;1;;"test0";10051;25449476
324;-855476188;true;0.0038940070454448034;0;1;;"test0";14477;25449476
324;-2089307502;true;0.0038944491419216415;0;1;;"test0";18672;25449476
324;955635103;true;0.0038959153815082974;0;1;;"test0";18800;25449476
324;-1628665557;true;0.003966233082051896;0;1;;"test0";17664;25449476
324;-833422020;true;0.003982192958085199;0;1;;"test0";20297;25449476
324;1532567075;true;0.003982192958085199;0;1;;"test0";20528;25449476
324;-1790007154;true;0.003988394510529679;0;1;;"test0";13436;25449476
324;640397164;true;0.003988394510529679;0;1;;"test0";12204;25449476
324;-1960503122;true;0.003988394510529679;0;1;;"test0";13388;25449476
324;-1790007154;true;0.003988394510529679;0;1;;"test0";12959;25449476
324;-1790007154;true;0.003988394510529679;0;1;;"test0";14489;25449476
324;-1991984797;true;0.003999554756147558;0;1;;"test0";14122;25449476
324;-1087144398;true;0.003999554756147558;0;1;;"test0";13659;25449476
324;250098272;true;0.003999554756147558;0;1;;"test0";17987;25449476
324;-1257598807;true;0.003999554756147558;0;1;;"test0";17951;25449476
324;1433395711;true;0.00400334985946821;0;1;;"test0";14457;25449476
324;-1756883529;true;0.00400334985946821;0;1;;"test0";18286;25449476
324;1400859293;true;0.00400334985946821;0;1;;"test0";13133;25449476
324;434610554;true;0.00400334985946821;0;1;;"test0";12181;25449476
324;-2007594878;true;0.00400334985946821;0;1;;"test0";14044;25449476
324;-775260630;true;0.00400334985946821;0;1;;"test0";18265;25449476
324;-304654378;true;0.00400334985946821;0;1;;"test0";1;25449476
324;206748590;true;0.00400334985946821;0;1;;"test0";18845;25449476
324;642807208;true;0.00400334985946821;0;1;;"test0";16389;25449476
324;-1555131965;true;0.00400334985946821;0;1;;"test0";18327;25449476
324;-775260630;true;0.00400334985946821;0;1;;"test0";16637;25449476
324;817092688;true;0.00400334985946821;0;1;;"test0";1;25449476
324;91854082;true;0.00400334985946821;0;1;;"test0";13196;25449476
324;137299666;true;0.00400334985946821;0;1;;"test0";10976;25449476
325;365715271;true;0.002908085430968726;0;1;;"test0";14059;25563241
325;-1174326689;true;0.0029239766081871343;0;1;;"test0";15008;25563241
325;-1062043617;true;0.003003432494279176;0;1;;"test0";11727;25563241
325;-423991477;true;0.003442222206620492;0;1;;"test0";18144;25563241
325;-2071693705;true;0.0034478047051925997;0;1;;"test0";17024;25563241
325;-1307213088;true;0.0035846268885099146;0;1;;"test0";19769;25563241
325;-1319009485;true;0.0035851484988781183;0;1;;"test0";17718;25563241
325;502726877;true;0.0035994427202612617;0;1;;"test0";16377;25563241
325;121609751;true;0.0035994427202612617;0;1;;"test0";15146;25563241
325;625635510;true;0.003796113882157877;0;1;;"test0";16504;25563241
325;669747677;true;0.003796113882157877;0;1;;"test0";18297;25563241
325;1189987770;true;0.003818178509819978;0;1;;"test0";17763;25563241
325;-1158026763;true;0.0038654305998478307;0;1;;"test0";15648;25563241
325;1022656565;true;0.003876096134523445;0;1;;"test0";19187;25563241
325;1022656565;true;0.003876096134523445;0;1;;"test0";18780;25563241
325;943300282;true;0.0038772401216338277;0;1;;"test0";20143;25563241
325;1510898827;true;0.0038772401216338277;0;1;;"test0";20324;25563241
325;252295228;true;0.003880857488165682;0;1;;"test0";18852;25563241
325;2086672656;true;0.0038870282335081445;0;1;;"test0";16466;25563241
325;2010216733;true;0.0038870282335081445;0;1;;"test0";13786;25563241
325;-2141813008;true;0.0038870282335081445;0;1;;"test0";18339;25563241
325;-1235189432;true;0.003889272220475405;0;1;;"test0";15320;25563241
325;1891424362;true;0.0038940070454448034;0;1;;"test0";17259;25563241
325;1614887392;true;0.0038940070454448034;0;1;;"test0";19747;25563241
325;-920093026;true;0.0038940070454448034;0;1;;"test0";15634;25563241
325;-855476188;true;0.0038940070454448034;0;1;;"test0";14453;25563241
325;-855476188;true;0.0038940070454448034;0;1;;"test0";16734;25563241
325;-701782435;true;0.0038940070454448034;0;1;;"test0";19649;25563241
325;-2089307502;true;0.0038944491419216415;0;1;;"test0";18187;25563241
325;-768618220;true;0.0038944491419216415;0;1;;"test0";16604;25563241
325;-1954591584;true;0.0038959153815082974;0;1;;"test0";21898;25563241
325;955635103;true;0.0038959153815082974;0;1;;"test0";18317;25563241
325;-1012001772;true;0.0038959153815082974;0;1;;"test0";18044;25563241
325;955635103;true;0.0038959153815082974;0;1;;"test0";16683;25563241
325;492430741;true;0.003966233082051896;0;1;;"test0";17217;25563241
325;-1628665557;true;0.003966233082051896;0;1;;"test0";19552;25563241
325;-1457648029;true;0.003966233082051896;0;1;;"test0";19596;25563241
325;-1791395161;true;0.003966233082051896;0;1;;"test0";15543;25563241
325;-1046103847;true;0.003982192958085199;0;1;;"test0";18565;25563241
325;1539386583;true;0.003982192958085199;0;1;;"test0";18632;25563241
325;-1790007154;true;0.003988394510529679;0;1;;"test0";15778;25563241
325;-487260445;true;0.003988394510529679;0;1;;"test0";17119;25563241
325;1841329458;true;0.003988394510529679;0;1;;"test0";16473;25563241
325;-1257598807;true;0.003999554756147558;0;1;;"test0";17048;25563241
325;-2121358013;true;0.003999554756147558;0;1;;"test0";15349;25563241
325;91854082;true;0.00400334985946821;0;1;;"test0";1;25563241
325;-1555131965;true;0.00400334985946821;0;1;;"test0";15025;25563241
325;-807423365;true;0.00400334985946821;0;1;;"test0";17595;25563241
325;137299666;true;0.00400334985946821;0;1;;"test0";1;25563241
325;-1766467205;true;0.00400334985946821;0;1;;"test0";22351;25563241
326;1068711696;true;0.002002288329519451;0;1;;"test0";18622;25673928
326;460977822;true;0.002908085430968726;0;1;;"test0";16317;25673928
326;1183686380;true;0.003003432494279176;0;1;;"test0";17890;25673928
326;-641511749;true;0.003003432494279176;0;1;;"test0";12385;25673928
326;-1062043617;true;0.003003432494279176;0;1;;"test0";18696;25673928
326;1802672320;true;0.003447315044796214;0;1;;"test0";19128;25673928
326;1293292099;true;0.0034478047051925997;0;1;;"test0";19184;25673928
326;1990335414;true;0.0035744815684907367;0;1;;"test0";18659;25673928
326;140228354;true;0.0035851484988781183;0;1;;"test0";17937;25673928
326;493525690;true;0.003586447812172384;0;1;;"test0";17928;25673928
326;1351094591;true;0.0035994427202612617;0;1;;"test0";18713;25673928
326;-772881974;true;0.0035994427202612617;0;1;;"test0";18080;25673928
326;-158147150;true;0.0036250568926422103;0;1;;"test0";18448;25673928
326;-1578049426;true;0.003796113882157877;0;1;;"test0";18901;25673928
326;-2018693005;true;0.003796113882157877;0;1;;"test0";17279;25673928
326;-1395325987;true;0.003818178509819978;0;1;;"test0";19175;25673928
326;-1121495169;true;0.0038654305998478307;0;1;;"test0";18618;25673928
326;-1158026763;true;0.0038654305998478307;0;1;;"test0";15348;25673928
326;56315751;true;0.0038654305998478307;0;1;;"test0";15604;25673928
326;-906471414;true;0.0038654305998478307;0;1;;"test0";16221;25673928
326;943300282;true;0.0038772401216338277;0;1;;"test0";18053;25673928
326;1510898827;true;0.0038772401216338277;0;1;;"test0";14321;25673928
326;-1161867938;true;0.0038772401216338277;0;1;;"test0";14977;25673928
326;252295228;true;0.003880857488165682;0;1;;"test0";14054;25673928
326;252295228;true;0.003880857488165682;0;1;;"test0";17638;25673928
326;527751538;true;0.003888361462862496;0;1;;"test0";13220;25673928
326;1241151148;true;0.0038940070454448034;0;1;;"test0";18963;25673928
326;-365120692;true;0.0038940070454448034;0;1;;"test0";14523;25673928
326;-87919001;true;0.0038944491419216415;0;1;;"test0";13516;25673928
326;243004463;true;0.0038944491419216415;0;1;;"test0";17464;25673928
326;-2025738492;true;0.003982192958085199;0;1;;"test0";15989;25673928
326;-1046103847;true;0.003982192958085199;0;1;;"test0";16892;25673928
326;1116426691;true;0.003982192958085199;0;1;;"test0";19134;25673928
326;-704226191;true;0.003982192958085199;0;1;;"test0";18696;25673928
326;-1046103847;true;0.003982192958085199;0;1;;"test0";14123;25673928
326;450406853;true;0.003982192958085199;0;1;;"test0";18780;25673928
326;-2092291624;true;0.003982192958085199;0;1;;"test0";11531;25673928
326;-1755419748;true;0.003982192958085199;0;1;;"test0";16320;25673928
326;1539386583;true;0.003982192958085199;0;1;;"test0";15784;25673928
326;-1532845827;true;0.003982192958085199;0;1;;"test0";16557;25673928
326;-1944893687;true;0.003982192958085199;0;1;;"test0";17966;25673928
326;679687165;true;0.003982192958085199;0;1;;"test0";16587;25673928
326;206152501;true;0.003988394510529679;0;1;;"test0";14026;25673928
326;-1590163161;true;0.003988394510529679;0;1;;"test0";19144;25673928
326;-1790007154;true;0.003988394510529679;0;1;;"test0";14096;25673928
326;1405666909;true;0.003999554756147558;0;1;;"test0";12589;25673928
326;-743923915;true;0.003999554756147558;0;1;;"test0";18793;25673928
326;-2121358013;true;0.003999554756147558;0;1;;"test0";18854;25673928
326;137299666;true;0.00400334985946821;0;1;;"test0";1;25673928
326;-1766467205;true;0.00400334985946821;0;1;;"test0";2;25673928
327;-1616466019;true;0.002574370709382151;0;1;;"test0";15582;25783668
327;-1870069261;true;0.002908085430968726;0;1;;"test0";16954;25783668
327;1764568574;true;0.002908085430968726;0;1;;"test0";15595;25783668
327;688582071;true;0.002917620137299771;0;1;;"test0";12104;25783668
327;-1989117628;true;0.0029239766081871343;0;1;;"test0";19420;25783668
327;692757676;true;0.003003432494279176;0;1;;"test0";17044;25783668
327;1495680422;true;0.003003432494279176;0;1;;"test0";13909;25783668
327;1274259156;true;0.003003432494279176;0;1;;"test0";16759;25783668
327;-17893237;true;0.0035740735985540974;0;1;;"test0";14281;25783668
327;1242245255;true;0.0035744815684907367;0;1;;"test0";13858;25783668
327;575386247;true;0.0035751989250927714;0;1;;"test0";18344;25783668
327;493525690;true;0.003586447812172384;0;1;;"test0";18369;25783668
327;-1128168446;true;0.003586447812172384;0;1;;"test0";14733;25783668
327;-1553031222;true;0.0035866790158134215;0;1;;"test0";18007;25783668
327;-1415758055;true;0.0035866790158134215;0;1;;"test0";19141;25783668
327;-1704117667;true;0.003595169826669574;0;1;;"test0";13463;25783668
327;26679179;true;0.0035994427202612617;0;1;;"test0";13526;25783668
327;-1902950076;true;0.0036250568926422103;0;1;;"test0";15580;25783668
327;1020909268;true;0.0036250568926422103;0;1;;"test0";15588;25783668
327;-1971419187;true;0.003818178509819978;0;1;;"test0";20508;25783668
327;-1395325987;true;0.003818178509819978;0;1;;"test0";16199;25783668
327;-1765283241;true;0.0038186493100642116;0;1;;"test0";14715;25783668
327;56315751;true;0.0038654305998478307;0;1;;"test0";11068;25783668
327;344640466;true;0.0038654305998478307;0;1;;"test0";20445;25783668
327;-1916729267;true;0.003876096134523445;0;1;;"test0";17421;25783668
327;1234181703;true;0.003876096134523445;0;1;;"test0";20396;25783668
327;-1161867938;true;0.0038772401216338277;0;1;;"test0";17228;25783668
327;1855705168;true;0.0038772401216338277;0;1;;"test0";18519;25783668
327;943300282;true;0.0038772401216338277;0;1;;"test0";20144;25783668
327;252295228;true;0.003880857488165682;0;1;;"test0";18576;25783668
327;1300470892;true;0.003888361462862496;0;1;;"test0";15999;25783668
327;-668635205;true;0.003888361462862496;0;1;;"test0";16351;25783668
327;-634899617;true;0.003888361462862496;0;1;;"test0";13426;25783668
327;1995854515;true;0.003888361462862496;0;1;;"test0";19494;25783668
327;905030055;true;0.003889272220475405;0;1;;"test0";14664;25783668
327;1611574521;true;0.003981412244461138;0;1;;"test0";14269;25783668
327;-1964620632;true;0.003982192958085199;0;1;;"test0";14935;25783668
327;-2092291624;true;0.003982192958085199;0;1;;"test0";14441;25783668
327;-2022762098;true;0.003982192958085199;0;1;;"test0";18896;25783668
327;-1590163161;true;0.003988394510529679;0;1;;"test0";17952;25783668
327;1178918949;true;0.003988394510529679;0;1;;"test0";15058;25783668
327;-1238789971;true;0.003988394510529679;0;1;;"test0";16844;25783668
327;979650902;true;0.003988394510529679;0;1;;"test0";11134;25783668
327;1635423908;true;0.003988394510529679;0;1;;"test0";14000;25783668
327;1192379931;true;0.003999554756147558;0;1;;"test0";19953;25783668
327;-743923915;true;0.003999554756147558;0;1;;"test0";18967;25783668
327;-1269156976;true;0.0040020685423564906;0;1;;"test0";18483;25783668
327;-1766467205;true;0.00400334985946821;0;1;;"test0";1;25783668
327;1847380770;true;0.00400334985946821;0;1;;"test0";17043;25783668
327;137299666;true;0.00400334985946821;0;1;;"test0";1;25783668
328;-1765283241;false;-1;0;1;;"test0";NaN;25918055
328;624015388;false;-1;0;1;;"test0";NaN;25918055
328;-460153871;false;-1;0;1;;"test0";NaN;25918055
328;-272523194;true;0.002942137953579601;0;1;;"test0";15770;25918055
328;-27030055;true;0.003003432494279176;0;1;;"test0";16073;25918055
328;419268334;true;0.003003432494279176;0;1;;"test0";21736;25918055
328;-2047732840;true;0.003435716126313937;0;1;;"test0";19795;25918055
328;1483654387;true;0.00344252170133957;0;1;;"test0";13147;25918055
328;1242245255;true;0.0035744815684907367;0;1;;"test0";12231;25918055
328;376781747;true;0.0035744815684907367;0;1;;"test0";18544;25918055
328;1751622220;true;0.0035744815684907367;0;1;;"test0";17797;25918055
328;-1212322043;true;0.0035751989250927714;0;1;;"test0";16416;25918055
328;868500862;true;0.0035866790158134215;0;1;;"test0";15980;25918055
328;-936726284;true;0.0035866790158134215;0;1;;"test0";17324;25918055
328;-1291080950;true;0.0035950862154843096;0;1;;"test0";12325;25918055
328;1558626458;true;0.0035994427202612617;0;1;;"test0";16606;25918055
328;26679179;true;0.0035994427202612617;0;1;;"test0";13922;25918055
328;809343027;true;0.0035994427202612617;0;1;;"test0";12582;25918055
328;135132266;true;0.0036063990444999516;0;1;;"test0";16735;25918055
328;-654906506;true;0.0036250568926422103;0;1;;"test0";15302;25918055
328;-1843581629;true;0.0036250568926422103;0;1;;"test0";18063;25918055
328;755299342;true;0.003641281980422316;0;1;;"test0";16803;25918055
328;-1933422770;true;0.0038003487984556573;0;1;;"test0";16035;25918055
328;-1395325987;true;0.003818178509819978;0;1;;"test0";16201;25918055
328;991349848;true;0.0038184354340762153;0;1;;"test0";16839;25918055
328;-21015465;true;0.0038186493100642116;0;1;;"test0";16907;25918055
328;-1765283241;true;0.0038186493100642116;0;1;;"test0";16080;25918055
328;-1765283241;true;0.0038186493100642116;0;1;;"test0";14823;25918055
328;813415895;true;0.0038654305998478307;0;1;;"test0";18602;25918055
328;-1540523737;true;0.0038654305998478307;0;1;;"test0";19739;25918055
328;56315751;true;0.0038654305998478307;0;1;;"test0";17324;25918055
328;344640466;true;0.0038654305998478307;0;1;;"test0";17040;25918055
328;709260689;true;0.003880857488165682;0;1;;"test0";15472;25918055
328;530012825;true;0.003880857488165682;0;1;;"test0";17851;25918055
328;-1720284341;true;0.003880857488165682;0;1;;"test0";18050;25918055
328;1282876616;true;0.0038865349530413994;0;1;;"test0";15161;25918055
328;-1280383568;true;0.003888361462862496;0;1;;"test0";13388;25918055
328;-571355099;true;0.003888361462862496;0;1;;"test0";15986;25918055
328;-1964620632;true;0.003982192958085199;0;1;;"test0";16562;25918055
328;-2113101031;true;0.003982192958085199;0;1;;"test0";20195;25918055
328;-1964620632;true;0.003982192958085199;0;1;;"test0";17330;25918055
328;-1964620632;true;0.003982192958085199;0;1;;"test0";18816;25918055
328;-2092291624;true;0.003982192958085199;0;1;;"test0";19221;25918055
328;-473537618;true;0.003999554756147558;0;1;;"test0";16153;25918055
328;-743923915;true;0.003999554756147558;0;1;;"test0";17228;25918055
328;556536368;true;0.003999554756147558;0;1;;"test0";16339;25918055
328;1062003386;true;0.0040020685423564906;0;1;;"test0";16410;25918055
328;137299666;true;0.00400334985946821;0;1;;"test0";2;25918055
328;-2125106464;true;0.00400334985946821;0;1;;"test0";17332;25918055
328;1847380770;true;0.00400334985946821;0;1;;"test0";2;25918055
329;628342533;true;0.002908085430968726;0;1;;"test0";17838;26030464
329;817851251;true;0.002942137953579601;0;1;;"test0";16053;26030464
329;913943345;true;0.002955758962623951;0;1;;"test0";14748;26030464
329;-840749142;true;0.003003432494279176;0;1;;"test0";13393;26030464
329;-2047732840;true;0.003435716126313937;0;1;;"test0";14699;26030464
329;1483654387;true;0.00344252170133957;0;1;;"test0";12438;26030464
329;-1486605980;true;0.003442821270344659;0;1;;"test0";13528;26030464
329;-2060239530;true;0.0035601489622019253;0;1;;"test0";15467;26030464
329;513855623;true;0.0035744815684907367;0;1;;"test0";16760;26030464
329;376781747;true;0.0035744815684907367;0;1;;"test0";14778;26030464
329;-1212322043;true;0.0035751989250927714;0;1;;"test0";12418;26030464
329;-1222615589;true;0.0035994427202612617;0;1;;"test0";17121;26030464
329;-129346579;true;0.0035994427202612617;0;1;;"test0";12180;26030464
329;986205986;true;0.003796113882157877;0;1;;"test0";18513;26030464
329;954916798;true;0.003818178509819978;0;1;;"test0";20802;26030464
329;1187475556;true;0.003818178509819978;0;1;;"test0";19033;26030464
329;380709222;true;0.0038184354340762153;0;1;;"test0";18500;26030464
329;1427090582;true;0.0038184354340762153;0;1;;"test0";16158;26030464
329;1848399603;true;0.0038186493100642116;0;1;;"test0";17707;26030464
329;-1765283241;true;0.0038186493100642116;0;1;;"test0";17505;26030464
329;-623757972;true;0.0038186493100642116;0;1;;"test0";15287;26030464
329;-288617602;true;0.0038186493100642116;0;1;;"test0";16615;26030464
329;-1752684776;true;0.0038186493100642116;0;1;;"test0";16783;26030464
329;1527562292;true;0.0038186493100642116;0;1;;"test0";17096;26030464
329;754172252;true;0.0038654305998478307;0;1;;"test0";17402;26030464
329;-1982096155;true;0.003880857488165682;0;1;;"test0";18539;26030464
329;-1720284341;true;0.003880857488165682;0;1;;"test0";17174;26030464
329;-1720284341;true;0.003880857488165682;0;1;;"test0";16583;26030464
329;-1720284341;true;0.003880857488165682;0;1;;"test0";18536;26030464
329;581061105;true;0.0038865349530413994;0;1;;"test0";18657;26030464
329;1282876616;true;0.0038865349530413994;0;1;;"test0";13948;26030464
329;-2119875508;true;0.0038865349530413994;0;1;;"test0";22427;26030464
329;-184193500;true;0.0038865349530413994;0;1;;"test0";19623;26030464
329;2128657775;true;0.0038865349530413994;0;1;;"test0";21738;26030464
329;1282876616;true;0.0038865349530413994;0;1;;"test0";17718;26030464
329;1406468395;true;0.0038870282335081445;0;1;;"test0";17802;26030464
329;-1280383568;true;0.003888361462862496;0;1;;"test0";14898;26030464
329;-1458219894;true;0.003888361462862496;0;1;;"test0";15101;26030464
329;1649906310;true;0.003982192958085199;0;1;;"test0";18491;26030464
329;537291470;true;0.003982192958085199;0;1;;"test0";18485;26030464
329;-743923915;true;0.003999554756147558;0;1;;"test0";13847;26030464
329;-597666978;true;0.0040020685423564906;0;1;;"test0";16439;26030464
329;1062003386;true;0.0040020685423564906;0;1;;"test0";14423;26030464
329;-360322725;true;0.00400334985946821;0;1;;"test0";18569;26030464
329;1160802829;true;0.00400334985946821;0;1;;"test0";17199;26030464
329;-2125106464;true;0.00400334985946821;0;1;;"test0";4;26030464
329;1847380770;true;0.00400334985946821;0;1;;"test0";2;26030464
329;1332569182;true;0.00400334985946821;0;1;;"test0";17383;26030464
329;916251418;true;0.00400334985946821;0;1;;"test0";20106;26030464
329;1635016249;true;0.00400334985946821;0;1;;"test0";18855;26030464
330;1763600929;true;0.0029239766081871343;0;1;;"test0";18989;26148605
330;407195031;true;0.002955758962623951;0;1;;"test0";17360;26148605
330;913943345;true;0.002955758962623951;0;1;;"test0";17371;26148605
330;-1194563417;true;0.003003432494279176;0;1;;"test0";17568;26148605
330;-1382277033;true;0.003003432494279176;0;1;;"test0";17536;26148605
330;-290205068;true;0.003051106025934401;0;1;;"test0";15435;26148605
330;1900169798;true;0.003566829652975918;0;1;;"test0";18576;26148605
330;1406715033;true;0.0035744815684907367;0;1;;"test0";14171;26148605
330;23185750;true;0.0035994427202612617;0;1;;"test0";16010;26148605
330;-1909798580;true;0.0035994427202612617;0;1;;"test0";17030;26148605
330;-1741758728;true;0.0035994427202612617;0;1;;"test0";15358;26148605
330;-129346579;true;0.0035994427202612617;0;1;;"test0";16101;26148605
330;1055065695;true;0.0035994427202612617;0;1;;"test0";13895;26148605
330;1247979227;true;0.003640218814155496;0;1;;"test0";18674;26148605
330;1451606305;true;0.003796113882157877;0;1;;"test0";19872;26148605
330;64745031;true;0.003796113882157877;0;1;;"test0";19807;26148605
330;-1524402280;true;0.0038184354340762153;0;1;;"test0";17546;26148605
330;1427090582;true;0.0038184354340762153;0;1;;"test0";17593;26148605
330;1529279273;true;0.0038186493100642116;0;1;;"test0";17535;26148605
330;-913475187;true;0.0038186493100642116;0;1;;"test0";15804;26148605
330;1527562292;true;0.0038186493100642116;0;1;;"test0";17623;26148605
330;1496958836;true;0.0038654305998478307;0;1;;"test0";14739;26148605
330;754172252;true;0.0038654305998478307;0;1;;"test0";18719;26148605
330;-1720284341;true;0.003880857488165682;0;1;;"test0";18189;26148605
330;1489674609;true;0.0038865349530413994;0;1;;"test0";18082;26148605
330;172520692;true;0.0038865349530413994;0;1;;"test0";18756;26148605
330;-2119875508;true;0.0038865349530413994;0;1;;"test0";19933;26148605
330;1940194907;true;0.0038865349530413994;0;1;;"test0";20176;26148605
330;709062797;true;0.0038865349530413994;0;1;;"test0";17553;26148605
330;1282876616;true;0.0038865349530413994;0;1;;"test0";18992;26148605
330;-124169122;true;0.0038865349530413994;0;1;;"test0";18562;26148605
330;-539675914;true;0.0038865349530413994;0;1;;"test0";17555;26148605
330;1406468395;true;0.0038870282335081445;0;1;;"test0";13748;26148605
330;1055362708;true;0.0038870282335081445;0;1;;"test0";19055;26148605
330;-306500605;true;0.0038870282335081445;0;1;;"test0";15178;26148605
330;1406468395;true;0.0038870282335081445;0;1;;"test0";18980;26148605
330;1496320205;true;0.003888361462862496;0;1;;"test0";14675;26148605
330;-1458219894;true;0.003888361462862496;0;1;;"test0";18224;26148605
330;-1280383568;true;0.003888361462862496;0;1;;"test0";13724;26148605
330;-484471660;true;0.003889272220475405;0;1;;"test0";16810;26148605
330;-5053971;true;0.003982192958085199;0;1;;"test0";15572;26148605
330;1793803052;true;0.003984685302022197;0;1;;"test0";16757;26148605
330;-29840760;true;0.003991350166770951;0;1;;"test0";16902;26148605
330;116412068;true;0.003999554756147558;0;1;;"test0";16109;26148605
330;1906207149;true;0.003999554756147558;0;1;;"test0";16378;26148605
330;951036551;true;0.003999554756147558;0;1;;"test0";18507;26148605
330;1479440387;true;0.00400334985946821;0;1;;"test0";19090;26148605
330;1635016249;true;0.00400334985946821;0;1;;"test0";3;26148605
330;916251418;true;0.00400334985946821;0;1;;"test0";1;26148605
330;1847380770;true;0.00400334985946821;0;1;;"test0";18342;26148605
331;-2119875508;false;-1;0;1;;"test0";NaN;26269663
331;434764509;true;0.002942137953579601;0;1;;"test0";17808;26269663
331;983713288;true;0.002942137953579601;0;1;;"test0";20159;26269663
331;1969726208;true;0.002955758962623951;0;1;;"test0";21134;26269663
331;1884649487;true;0.003443041114540441;0;1;;"test0";16761;26269663
331;1637195592;true;0.003566829652975918;0;1;;"test0";18699;26269663
331;1900169798;true;0.003566829652975918;0;1;;"test0";15183;26269663
331;1153614122;true;0.003566829652975918;0;1;;"test0";16823;26269663
331;512024835;true;0.003566829652975918;0;1;;"test0";19441;26269663
331;-360637913;true;0.003566829652975918;0;1;;"test0";16543;26269663
331;-1655852950;true;0.003566829652975918;0;1;;"test0";19639;26269663
331;1406715033;true;0.0035744815684907367;0;1;;"test0";15386;26269663
331;1406715033;true;0.0035744815684907367;0;1;;"test0";18024;26269663
331;-1904182339;true;0.0035994427202612617;0;1;;"test0";16058;26269663
331;-330081202;true;0.003796113882157877;0;1;;"test0";20682;26269663
331;-108879578;true;0.003796113882157877;0;1;;"test0";20930;26269663
331;64745031;true;0.003796113882157877;0;1;;"test0";16591;26269663
331;-270207739;true;0.003796113882157877;0;1;;"test0";16724;26269663
331;1599814557;true;0.003796113882157877;0;1;;"test0";15506;26269663
331;-1462699702;true;0.003796113882157877;0;1;;"test0";17749;26269663
331;509441223;true;0.0038006456225995796;0;1;;"test0";17463;26269663
331;534346997;true;0.0038186493100642116;0;1;;"test0";15924;26269663
331;-1538174343;true;0.0038186493100642116;0;1;;"test0";15724;26269663
331;1793819408;true;0.0038780211351182588;0;1;;"test0";16413;26269663
331;1772716383;true;0.003880857488165682;0;1;;"test0";17753;26269663
331;-124169122;true;0.0038865349530413994;0;1;;"test0";15987;26269663
331;-683541116;true;0.0038870282335081445;0;1;;"test0";14895;26269663
331;1406468395;true;0.0038870282335081445;0;1;;"test0";15018;26269663
331;1496320205;true;0.003888361462862496;0;1;;"test0";17401;26269663
331;-1072749363;true;0.003888361462862496;0;1;;"test0";15333;26269663
331;-484471660;true;0.003889272220475405;0;1;;"test0";19060;26269663
331;-1023714555;true;0.003889272220475405;0;1;;"test0";15448;26269663
331;-494436643;true;0.003889272220475405;0;1;;"test0";19180;26269663
331;2079027466;true;0.003982192958085199;0;1;;"test0";18129;26269663
331;-5053971;true;0.003982192958085199;0;1;;"test0";17728;26269663
331;-29840760;true;0.003991350166770951;0;1;;"test0";14951;26269663
331;-283898033;true;0.003991350166770951;0;1;;"test0";16057;26269663
331;-29840760;true;0.003991350166770951;0;1;;"test0";11482;26269663
331;-2002290747;true;0.003999554756147558;0;1;;"test0";20470;26269663
331;116412068;true;0.003999554756147558;0;1;;"test0";16747;26269663
331;-1043070837;true;0.003999554756147558;0;1;;"test0";15495;26269663
331;916251418;true;0.00400334985946821;0;1;;"test0";1;26269663
331;-2016759517;true;0.00400334985946821;0;1;;"test0";20623;26269663
331;-809479710;true;0.00400334985946821;0;1;;"test0";20634;26269663
331;-2078990108;true;0.00400334985946821;0;1;;"test0";17814;26269663
331;760351411;true;0.00400334985946821;0;1;;"test0";17955;26269663
331;1847380770;true;0.00400334985946821;0;1;;"test0";14821;26269663
331;1847380770;true;0.00400334985946821;0;1;;"test0";16617;26269663
331;1337068484;true;0.00400334985946821;0;1;;"test0";16010;26269663
332;402909546;true;0.002908085430968726;0;1;;"test0";16376;26376303
332;-27146677;true;0.003442488365561788;0;1;;"test0";15033;26376303
332;-875918816;true;0.003443041114540441;0;1;;"test0";14882;26376303
332;-748821308;true;0.003443041114540441;0;1;;"test0";20200;26376303
332;-94801784;true;0.0035744815684907367;0;1;;"test0";18791;26376303
332;1406715033;true;0.0035744815684907367;0;1;;"test0";17642;26376303
332;-462150148;true;0.0035755917551991054;0;1;;"test0";19005;26376303
332;688661465;true;0.003586447812172384;0;1;;"test0";16128;26376303
332;-1904182339;true;0.0035994427202612617;0;1;;"test0";19586;26376303
332;803322951;true;0.0035994427202612617;0;1;;"test0";13819;26376303
332;-1363695467;true;0.0035994427202612617;0;1;;"test0";18096;26376303
332;-969076388;true;0.0035994427202612617;0;1;;"test0";10782;26376303
332;-275497626;true;0.0035994427202612617;0;1;;"test0";14695;26376303
332;-1089525378;true;0.003796113882157877;0;1;;"test0";16465;26376303
332;509441223;true;0.0038006456225995796;0;1;;"test0";19223;26376303
332;1310372439;true;0.0038006456225995796;0;1;;"test0";17122;26376303
332;313356108;true;0.0038092274555293227;0;1;;"test0";13104;26376303
332;-1538174343;true;0.0038186493100642116;0;1;;"test0";14557;26376303
332;-2064268124;true;0.0038186493100642116;0;1;;"test0";11085;26376303
332;-1538174343;true;0.0038186493100642116;0;1;;"test0";17754;26376303
332;-1538174343;true;0.0038186493100642116;0;1;;"test0";17295;26376303
332;-1735610146;true;0.0038780211351182588;0;1;;"test0";16959;26376303
332;1793819408;true;0.0038780211351182588;0;1;;"test0";17307;26376303
332;1793819408;true;0.0038780211351182588;0;1;;"test0";14000;26376303
332;1793819408;true;0.0038780211351182588;0;1;;"test0";16180;26376303
332;-124169122;true;0.0038865349530413994;0;1;;"test0";15367;26376303
332;-1166832434;true;0.0038865349530413994;0;1;;"test0";13703;26376303
332;509066476;true;0.0038865349530413994;0;1;;"test0";16973;26376303
332;-124169122;true;0.0038865349530413994;0;1;;"test0";18181;26376303
332;-1662054538;true;0.0038865349530413994;0;1;;"test0";17597;26376303
332;-1519671039;true;0.0038870282335081445;0;1;;"test0";14948;26376303
332;-683541116;true;0.0038870282335081445;0;1;;"test0";14002;26376303
332;1240458557;true;0.0038870282335081445;0;1;;"test0";16033;26376303
332;-277967995;true;0.0038870282335081445;0;1;;"test0";16214;26376303
332;729181984;true;0.0038870282335081445;0;1;;"test0";15254;26376303
332;-2002401644;true;0.003889272220475405;0;1;;"test0";16988;26376303
332;-1023714555;true;0.003889272220475405;0;1;;"test0";17451;26376303
332;985556384;true;0.003947580495536591;0;1;;"test0";13268;26376303
332;-242632584;true;0.003972379091502891;0;1;;"test0";18031;26376303
332;-1779347855;true;0.003982192958085199;0;1;;"test0";13995;26376303
332;2079027466;true;0.003982192958085199;0;1;;"test0";12444;26376303
332;1072788322;true;0.003991350166770951;0;1;;"test0";20718;26376303
332;-29840760;true;0.003991350166770951;0;1;;"test0";18208;26376303
332;-1515792338;true;0.003999554756147558;0;1;;"test0";20458;26376303
332;-513773689;true;0.003999554756147558;0;1;;"test0";13454;26376303
332;-2002290747;true;0.003999554756147558;0;1;;"test0";19520;26376303
332;-2002290747;true;0.003999554756147558;0;1;;"test0";19200;26376303
332;1901660554;true;0.003999554756147558;0;1;;"test0";18048;26376303
332;1847380770;true;0.00400334985946821;0;1;;"test0";1;26376303
332;1337068484;true;0.00400334985946821;0;1;;"test0";1;26376303
333;-42355321;true;0.0028642005243457043;0;1;;"test0";17266;26493387
333;-661739161;true;0.00286427732079906;0;1;;"test0";16322;26493387
333;-145534457;true;0.002942137953579601;0;1;;"test0";14249;26493387
333;-1427424360;true;0.002955758962623951;0;1;;"test0";16466;26493387
333;1164024376;true;0.003051106025934401;0;1;;"test0";16316;26493387
333;-875918816;true;0.003443041114540441;0;1;;"test0";18342;26493387
333;-918444379;true;0.003443041114540441;0;1;;"test0";19832;26493387
333;1268746245;true;0.0034432571016245342;0;1;;"test0";14493;26493387
333;338076203;true;0.0035690349530608373;0;1;;"test0";14333;26493387
333;1273315042;true;0.0035755917551991054;0;1;;"test0";18135;26493387
333;-1439242799;true;0.003586447812172384;0;1;;"test0";18436;26493387
333;688661465;true;0.003586447812172384;0;1;;"test0";13933;26493387
333;-1425573705;true;0.003796113882157877;0;1;;"test0";19784;26493387
333;509441223;true;0.0038006456225995796;0;1;;"test0";13714;26493387
333;930688765;true;0.003800737842276212;0;1;;"test0";10910;26493387
333;937344957;true;0.0038092274555293227;0;1;;"test0";17452;26493387
333;523225034;true;0.003876096134523445;0;1;;"test0";13519;26493387
333;1793819408;true;0.0038780211351182588;0;1;;"test0";18843;26493387
333;387394099;true;0.0038865349530413994;0;1;;"test0";15290;26493387
333;-1242552982;true;0.0038865349530413994;0;1;;"test0";17805;26493387
333;509066476;true;0.0038865349530413994;0;1;;"test0";18470;26493387
333;-277967995;true;0.0038870282335081445;0;1;;"test0";16875;26493387
333;1708648321;true;0.0038870282335081445;0;1;;"test0";17795;26493387
333;607344437;true;0.0038870282335081445;0;1;;"test0";15957;26493387
333;1850214551;true;0.0038870282335081445;0;1;;"test0";17487;26493387
333;1356945589;true;0.0038870282335081445;0;1;;"test0";17443;26493387
333;-1732729157;true;0.0038870282335081445;0;1;;"test0";17958;26493387
333;-723624824;true;0.003889272220475405;0;1;;"test0";20040;26493387
333;-1023714555;true;0.003889272220475405;0;1;;"test0";19593;26493387
333;-242632584;true;0.003972379091502891;0;1;;"test0";19392;26493387
333;-1779347855;true;0.003982192958085199;0;1;;"test0";22419;26493387
333;-1779347855;true;0.003982192958085199;0;1;;"test0";14110;26493387
333;-1779347855;true;0.003982192958085199;0;1;;"test0";13142;26493387
333;1726468032;true;0.003988394510529679;0;1;;"test0";20789;26493387
333;1072788322;true;0.003991350166770951;0;1;;"test0";18823;26493387
333;-29840760;true;0.003991350166770951;0;1;;"test0";13908;26493387
333;-2016771949;true;0.003991350166770951;0;1;;"test0";22715;26493387
333;1680726855;true;0.003991350166770951;0;1;;"test0";22811;26493387
333;1072788322;true;0.003991350166770951;0;1;;"test0";17778;26493387
333;1072788322;true;0.003991350166770951;0;1;;"test0";19571;26493387
333;1072788322;true;0.003991350166770951;0;1;;"test0";17565;26493387
333;1291471241;true;0.003999554756147558;0;1;;"test0";18941;26493387
333;-342632044;true;0.003999554756147558;0;1;;"test0";17579;26493387
333;-2002290747;true;0.003999554756147558;0;1;;"test0";18440;26493387
333;-1451083048;true;0.003999554756147558;0;1;;"test0";14723;26493387
333;1337068484;true;0.00400334985946821;0;1;;"test0";12599;26493387
333;1337068484;true;0.00400334985946821;0;1;;"test0";17760;26493387
333;1337068484;true;0.00400334985946821;0;1;;"test0";22385;26493387
333;1847380770;true;0.00400334985946821;0;1;;"test0";1;26493387
334;828472503;false;-1;0;1;;"test0";NaN;26611667
334;-550683657;true;0.002908085430968726;0;1;;"test0";15729;26611667
334;-1204729938;true;0.002917620137299771;0;1;;"test0";20494;26611667
334;-437515937;true;0.003003432494279176;0;1;;"test0";13407;26611667
334;-1654449276;true;0.0034424102028522622;0;1;;"test0";21566;26611667
334;1008129672;true;0.003442745136166407;0;1;;"test0";11425;26611667
334;-875918816;true;0.003443041114540441;0;1;;"test0";13708;26611667
334;-244612026;true;0.0034432571016245342;0;1;;"test0";17666;26611667
334;1571479288;true;0.0034432571016245342;0;1;;"test0";19341;26611667
334;344625366;true;0.0035690349530608373;0;1;;"test0";16451;26611667
334;338076203;true;0.0035690349530608373;0;1;;"test0";18771;26611667
334;-225734993;true;0.003586447812172384;0;1;;"test0";17825;26611667
334;-1384504047;true;0.0035985044919713376;0;1;;"test0";14648;26611667
334;2017411707;true;0.0035985044919713376;0;1;;"test0";18498;26611667
334;1546330284;true;0.003796113882157877;0;1;;"test0";15801;26611667
334;-1162797309;true;0.0038006456225995796;0;1;;"test0";15582;26611667
334;-1488498054;true;0.0038092274555293227;0;1;;"test0";12879;26611667
334;-592369058;true;0.0038092274555293227;0;1;;"test0";14092;26611667
334;-399913088;true;0.0038092274555293227;0;1;;"test0";13532;26611667
334;-474572726;true;0.0038095006537706834;0;1;;"test0";16783;26611667
334;910468835;true;0.003876096134523445;0;1;;"test0";10718;26611667
334;-106889381;true;0.0038780211351182588;0;1;;"test0";19565;26611667
334;1241712209;true;0.0038780211351182588;0;1;;"test0";13234;26611667
334;584183437;true;0.0038780211351182588;0;1;;"test0";16822;26611667
334;-324184263;true;0.0038780211351182588;0;1;;"test0";20522;26611667
334;1807587826;true;0.0038780211351182588;0;1;;"test0";17599;26611667
334;1793819408;true;0.0038780211351182588;0;1;;"test0";13056;26611667
334;1793819408;true;0.0038780211351182588;0;1;;"test0";20474;26611667
334;-172383252;true;0.0038780211351182588;0;1;;"test0";15872;26611667
334;-22977694;true;0.0038780211351182588;0;1;;"test0";16067;26611667
334;1392423273;true;0.0038870282335081445;0;1;;"test0";16202;26611667
334;40106824;true;0.0038870282335081445;0;1;;"test0";16572;26611667
334;-1023714555;true;0.003889272220475405;0;1;;"test0";17389;26611667
334;-991180514;true;0.003889272220475405;0;1;;"test0";18038;26611667
334;88066141;true;0.003913303964229272;0;1;;"test0";14356;26611667
334;864968725;true;0.003972379091502891;0;1;;"test0";17671;26611667
334;692062487;true;0.003972379091502891;0;1;;"test0";18351;26611667
334;-1970036076;true;0.003972379091502891;0;1;;"test0";17039;26611667
334;1037651781;true;0.003972379091502891;0;1;;"test0";15491;26611667
334;-1779347855;true;0.003982192958085199;0;1;;"test0";19491;26611667
334;676986608;true;0.003982192958085199;0;1;;"test0";16521;26611667
334;527989650;true;0.003988394510529679;0;1;;"test0";17844;26611667
334;-1903358849;true;0.003991350166770951;0;1;;"test0";17150;26611667
334;1072788322;true;0.003991350166770951;0;1;;"test0";20472;26611667
334;730035304;true;0.003999554756147558;0;1;;"test0";17104;26611667
334;-1268525077;true;0.003999554756147558;0;1;;"test0";21530;26611667
334;1291471241;true;0.003999554756147558;0;1;;"test0";14205;26611667
334;1847380770;true;0.00400334985946821;0;1;;"test0";1;26611667
334;-1451700280;true;0.00400334985946821;0;1;;"test0";16697;26611667
334;1337068484;true;0.00400334985946821;0;1;;"test0";1;26611667
335;-1427629272;true;0.00286427732079906;0;1;;"test0";18643;26731049
335;-1858781821;true;0.002908085430968726;0;1;;"test0";18486;26731049
335;1936429584;true;0.002917620137299771;0;1;;"test0";19379;26731049
335;-837143632;true;0.002955758962623951;0;1;;"test0";19099;26731049
335;-1563431271;true;0.003003432494279176;0;1;;"test0";20117;26731049
335;120025514;true;0.003435748669240933;0;1;;"test0";17880;26731049
335;-1759017358;true;0.0034424102028522622;0;1;;"test0";19759;26731049
335;-1053917932;true;0.0034432571016245342;0;1;;"test0";18407;26731049
335;27865942;true;0.0034432571016245342;0;1;;"test0";18344;26731049
335;1031536713;true;0.003446961592988;0;1;;"test0";19279;26731049
335;-545537381;true;0.0035690349530608373;0;1;;"test0";17842;26731049
335;338076203;true;0.0035690349530608373;0;1;;"test0";17860;26731049
335;-225734993;true;0.003586447812172384;0;1;;"test0";16623;26731049
335;-1999140490;true;0.003586447812172384;0;1;;"test0";17325;26731049
335;890428286;true;0.003586447812172384;0;1;;"test0";17020;26731049
335;-157699542;true;0.003586447812172384;0;1;;"test0";17706;26731049
335;1775074244;true;0.0035985044919713376;0;1;;"test0";17942;26731049
335;243086519;true;0.003796113882157877;0;1;;"test0";15475;26731049
335;-478660073;true;0.0038006456225995796;0;1;;"test0";19328;26731049
335;93339249;true;0.0038092274555293227;0;1;;"test0";15411;26731049
335;-2141021071;true;0.0038095006537706834;0;1;;"test0";14891;26731049
335;910468835;true;0.003876096134523445;0;1;;"test0";17363;26731049
335;1684874550;true;0.003876096134523445;0;1;;"test0";15111;26731049
335;-1015884035;true;0.0038780211351182588;0;1;;"test0";14142;26731049
335;-431317225;true;0.0038870282335081445;0;1;;"test0";17858;26731049
335;7704593;true;0.0038870282335081445;0;1;;"test0";17725;26731049
335;-1909369471;true;0.0038870282335081445;0;1;;"test0";17962;26731049
335;-2058117292;true;0.0038870282335081445;0;1;;"test0";17180;26731049
335;-1023714555;true;0.003889272220475405;0;1;;"test0";18110;26731049
335;-991180514;true;0.003889272220475405;0;1;;"test0";17851;26731049
335;2033423128;true;0.0038916454000423113;0;1;;"test0";16600;26731049
335;-1894624606;true;0.0038916454000423113;0;1;;"test0";16580;26731049
335;88066141;true;0.003913303964229272;0;1;;"test0";18523;26731049
335;-1693362794;true;0.003913303964229272;0;1;;"test0";18426;26731049
335;1317465476;true;0.003966233082051896;0;1;;"test0";15159;26731049
335;288804277;true;0.003966233082051896;0;1;;"test0";19416;26731049
335;676986608;true;0.003982192958085199;0;1;;"test0";15538;26731049
335;-451417671;true;0.003982192958085199;0;1;;"test0";13629;26731049
335;712654535;true;0.003982192958085199;0;1;;"test0";15290;26731049
335;462456068;true;0.003982192958085199;0;1;;"test0";12533;26731049
335;2108518321;true;0.003985735888220684;0;1;;"test0";13435;26731049
335;1116743054;true;0.003991350166770951;0;1;;"test0";18411;26731049
335;-1903358849;true;0.003991350166770951;0;1;;"test0";16520;26731049
335;-201901702;true;0.003999554756147558;0;1;;"test0";19931;26731049
335;1630920570;true;0.003999554756147558;0;1;;"test0";19567;26731049
335;-1451700280;true;0.00400334985946821;0;1;;"test0";14080;26731049
335;1337068484;true;0.00400334985946821;0;1;;"test0";1;26731049
335;1834707901;true;0.00400334985946821;0;1;;"test0";14012;26731049
335;-313786088;true;0.00400334985946821;0;1;;"test0";19290;26731049
336;-891568532;true;0.002002288329519451;0;1;;"test0";14016;26845163
336;-532771960;true;0.00286427732079906;0;1;;"test0";18734;26845163
336;-1588970599;true;0.002908085430968726;0;1;;"test0";14660;26845163
336;-789308126;true;0.002908085430968726;0;1;;"test0";14707;26845163
336;-474806736;true;0.0034432571016245342;0;1;;"test0";15038;26845163
336;-1129446480;true;0.0034432571016245342;0;1;;"test0";12248;26845163
336;829974205;true;0.003568020605043707;0;1;;"test0";16838;26845163
336;-558565120;true;0.0035690349530608373;0;1;;"test0";15395;26845163
336;-1260372305;true;0.0035690349530608373;0;1;;"test0";18013;26845163
336;-1252163433;true;0.0035744815684907367;0;1;;"test0";19382;26845163
336;-802821218;true;0.0035851484988781183;0;1;;"test0";15216;26845163
336;106239581;true;0.003586447812172384;0;1;;"test0";13826;26845163
336;424477472;true;0.0035994427202612617;0;1;;"test0";13842;26845163
336;1627649389;true;0.0035994427202612617;0;1;;"test0";15733;26845163
336;-1478349561;true;0.0038092274555293227;0;1;;"test0";16313;26845163
336;-411368010;true;0.0038780211351182588;0;1;;"test0";16646;26845163
336;2021008717;true;0.0038780211351182588;0;1;;"test0";16794;26845163
336;-1522735117;true;0.0038780211351182588;0;1;;"test0";15488;26845163
336;415479455;true;0.0038780211351182588;0;1;;"test0";15950;26845163
336;-1158653184;true;0.0038780211351182588;0;1;;"test0";15455;26845163
336;-196339830;true;0.0038870282335081445;0;1;;"test0";16127;26845163
336;-623514028;true;0.0038870282335081445;0;1;;"test0";19372;26845163
336;-570003896;true;0.003889272220475405;0;1;;"test0";20314;26845163
336;445784722;true;0.003889272220475405;0;1;;"test0";17337;26845163
336;2033423128;true;0.0038916454000423113;0;1;;"test0";16864;26845163
336;861492110;true;0.0038916454000423113;0;1;;"test0";20277;26845163
336;-67481376;true;0.0038916454000423113;0;1;;"test0";15935;26845163
336;-534741791;true;0.003913303964229272;0;1;;"test0";14341;26845163
336;1106298640;true;0.003913303964229272;0;1;;"test0";19947;26845163
336;826501441;true;0.003913303964229272;0;1;;"test0";19079;26845163
336;661361859;true;0.003913303964229272;0;1;;"test0";13976;26845163
336;-1693362794;true;0.003913303964229272;0;1;;"test0";17983;26845163
336;-1753878409;true;0.003976110182310492;0;1;;"test0";18701;26845163
336;-276268454;true;0.003982192958085199;0;1;;"test0";18169;26845163
336;895644339;true;0.003982192958085199;0;1;;"test0";17020;26845163
336;676986608;true;0.003982192958085199;0;1;;"test0";18359;26845163
336;1896486103;true;0.003982192958085199;0;1;;"test0";20287;26845163
336;2108518321;true;0.003985735888220684;0;1;;"test0";18717;26845163
336;-1459688335;true;0.003985735888220684;0;1;;"test0";17281;26845163
336;254606798;true;0.003991350166770951;0;1;;"test0";16093;26845163
336;1837505527;true;0.003991350166770951;0;1;;"test0";16505;26845163
336;1630920570;true;0.003999554756147558;0;1;;"test0";17975;26845163
336;1960366450;true;0.003999554756147558;0;1;;"test0";16413;26845163
336;-2063242267;true;0.003999554756147558;0;1;;"test0";16088;26845163
336;242217343;true;0.003999554756147558;0;1;;"test0";19719;26845163
336;-313786088;true;0.00400334985946821;0;1;;"test0";16321;26845163
336;-313786088;true;0.00400334985946821;0;1;;"test0";18709;26845163
336;-900647289;true;0.00400334985946821;0;1;;"test0";20306;26845163
336;1834707901;true;0.00400334985946821;0;1;;"test0";1;26845163
337;910701106;false;-1;0;1;;"test0";NaN;26967774
337;292550133;true;0.002942137953579601;0;1;;"test0";19216;26967774
337;-1222230948;true;0.00343558289593224;0;1;;"test0";13379;26967774
337;-1512554418;true;0.0034432571016245342;0;1;;"test0";14955;26967774
337;-1129446480;true;0.0034432571016245342;0;1;;"test0";14762;26967774
337;-2139137922;true;0.003568020605043707;0;1;;"test0";20006;26967774
337;-1396333577;true;0.003568020605043707;0;1;;"test0";18352;26967774
337;-821736465;true;0.0035690349530608373;0;1;;"test0";16629;26967774
337;-1112378873;true;0.0035746736312816736;0;1;;"test0";14738;26967774
337;1871579200;true;0.0035770398347859406;0;1;;"test0";19975;26967774
337;1665577528;true;0.0035851484988781183;0;1;;"test0";19345;26967774
337;-802821218;true;0.0035851484988781183;0;1;;"test0";14753;26967774
337;1645640066;true;0.0035854007793519123;0;1;;"test0";14738;26967774
337;106239581;true;0.003586447812172384;0;1;;"test0";19766;26967774
337;-776229598;true;0.0035994427202612617;0;1;;"test0";18817;26967774
337;2059114317;true;0.0035994427202612617;0;1;;"test0";17004;26967774
337;826783744;true;0.0035994427202612617;0;1;;"test0";14460;26967774
337;1627649389;true;0.0035994427202612617;0;1;;"test0";15450;26967774
337;424477472;true;0.0035994427202612617;0;1;;"test0";19053;26967774
337;1542171073;true;0.0035994427202612617;0;1;;"test0";20090;26967774
337;-1297784317;true;0.0035994427202612617;0;1;;"test0";19114;26967774
337;-1558880359;true;0.0038104149429509676;0;1;;"test0";18513;26967774
337;1875732320;true;0.003876096134523445;0;1;;"test0";20170;26967774
337;-411368010;true;0.0038780211351182588;0;1;;"test0";20206;26967774
337;-411368010;true;0.0038780211351182588;0;1;;"test0";17022;26967774
337;-780991677;true;0.0038780211351182588;0;1;;"test0";18264;26967774
337;-196339830;true;0.0038870282335081445;0;1;;"test0";21304;26967774
337;-1308406690;true;0.0038870282335081445;0;1;;"test0";14664;26967774
337;-623514028;true;0.0038870282335081445;0;1;;"test0";18967;26967774
337;-2103233101;true;0.0038870282335081445;0;1;;"test0";16232;26967774
337;-623514028;true;0.0038870282335081445;0;1;;"test0";18320;26967774
337;-22951271;true;0.0038870282335081445;0;1;;"test0";21349;26967774
337;401286565;true;0.0038916454000423113;0;1;;"test0";15389;26967774
337;2033423128;true;0.0038916454000423113;0;1;;"test0";15572;26967774
337;-576815352;true;0.003913303964229272;0;1;;"test0";20227;26967774
337;346411995;true;0.003913303964229272;0;1;;"test0";15807;26967774
337;-1220817912;true;0.003913303964229272;0;1;;"test0";14363;26967774
337;-1693362794;true;0.003913303964229272;0;1;;"test0";20106;26967774
337;-1753878409;true;0.003976110182310492;0;1;;"test0";18865;26967774
337;1864300038;true;0.003976110182310492;0;1;;"test0";19235;26967774
337;442469763;true;0.003982192958085199;0;1;;"test0";20072;26967774
337;1688660714;true;0.003982192958085199;0;1;;"test0";16910;26967774
337;-853615371;true;0.003982192958085199;0;1;;"test0";19322;26967774
337;842816335;true;0.003985735888220684;0;1;;"test0";19254;26967774
337;254606798;true;0.003991350166770951;0;1;;"test0";14733;26967774
337;1598330776;true;0.003991350166770951;0;1;;"test0";14566;26967774
337;1834707901;true;0.00400334985946821;0;1;;"test0";16712;26967774
337;-900647289;true;0.00400334985946821;0;1;;"test0";1;26967774
337;755823020;true;0.00400334985946821;0;1;;"test0";15635;26967774
338;1091014529;true;0.002574370709382151;0;1;;"test0";13262;27079434
338;-573655588;true;0.002908085430968726;0;1;;"test0";16241;27079434
338;-1348071998;true;0.002955758962623951;0;1;;"test0";18939;27079434
338;-1022083772;true;0.003003432494279176;0;1;;"test0";18829;27079434
338;-821736465;true;0.0035690349530608373;0;1;;"test0";18734;27079434
338;809719130;true;0.0035744815684907367;0;1;;"test0";17498;27079434
338;2059579135;true;0.0035746736312816736;0;1;;"test0";13740;27079434
338;-166019513;true;0.003576366131138445;0;1;;"test0";14800;27079434
338;1460067889;true;0.0035770398347859406;0;1;;"test0";18546;27079434
338;-1317525030;true;0.0035851484988781183;0;1;;"test0";18186;27079434
338;-1949050310;true;0.0035851484988781183;0;1;;"test0";18154;27079434
338;-28364493;true;0.0035851484988781183;0;1;;"test0";19187;27079434
338;-802821218;true;0.0035851484988781183;0;1;;"test0";18736;27079434
338;931898966;true;0.0035854007793519123;0;1;;"test0";14301;27079434
338;1269053928;true;0.0035866790158134215;0;1;;"test0";18828;27079434
338;250219141;true;0.0035965916732516464;0;1;;"test0";17061;27079434
338;-773002683;true;0.0035994427202612617;0;1;;"test0";16363;27079434
338;1429780778;true;0.0035994427202612617;0;1;;"test0";16156;27079434
338;-636735913;true;0.0035994427202612617;0;1;;"test0";15958;27079434
338;-239212963;true;0.0035994427202612617;0;1;;"test0";18663;27079434
338;-58556094;true;0.0035994427202612617;0;1;;"test0";16390;27079434
338;1615282318;true;0.0038104149429509676;0;1;;"test0";15839;27079434
338;-1558880359;true;0.0038104149429509676;0;1;;"test0";14556;27079434
338;871290574;true;0.0038104149429509676;0;1;;"test0";18427;27079434
338;-1558880359;true;0.0038104149429509676;0;1;;"test0";18886;27079434
338;-1558880359;true;0.0038104149429509676;0;1;;"test0";15447;27079434
338;1244751773;true;0.003876096134523445;0;1;;"test0";13850;27079434
338;1354183951;true;0.0038780211351182588;0;1;;"test0";16251;27079434
338;-411368010;true;0.0038780211351182588;0;1;;"test0";17534;27079434
338;1847351088;true;0.0038916454000423113;0;1;;"test0";19295;27079434
338;2033423128;true;0.0038916454000423113;0;1;;"test0";18695;27079434
338;73992445;true;0.0039009572955101147;0;1;;"test0";16522;27079434
338;1844707925;true;0.003907424219250841;0;1;;"test0";18985;27079434
338;1864300038;true;0.003976110182310492;0;1;;"test0";14244;27079434
338;1864300038;true;0.003976110182310492;0;1;;"test0";19345;27079434
338;-1518209121;true;0.003976110182310492;0;1;;"test0";17036;27079434
338;-2020954017;true;0.003976110182310492;0;1;;"test0";19134;27079434
338;-1221380933;true;0.003976110182310492;0;1;;"test0";14350;27079434
338;-1611911296;true;0.003978424762597382;0;1;;"test0";20496;27079434
338;-853615371;true;0.003982192958085199;0;1;;"test0";17732;27079434
338;1864751816;true;0.003982192958085199;0;1;;"test0";18033;27079434
338;-1539384375;true;0.003985735888220684;0;1;;"test0";12786;27079434
338;-1281699016;true;0.003985735888220684;0;1;;"test0";14697;27079434
338;428965679;true;0.003991350166770951;0;1;;"test0";16882;27079434
338;757669778;true;0.003991350166770951;0;1;;"test0";16225;27079434
338;-888033785;true;0.003999554756147558;0;1;;"test0";16050;27079434
338;-1543441747;true;0.00400334985946821;0;1;;"test0";14279;27079434
338;142279880;true;0.00400334985946821;0;1;;"test0";18836;27079434
338;755823020;true;0.00400334985946821;0;1;;"test0";1;27079434
338;-900647289;true;0.00400334985946821;0;1;;"test0";2;27079434
339;415083032;true;0.002002288329519451;0;1;;"test0";18630;27194266
339;-415754670;true;0.002864498202026806;0;1;;"test0";15061;27194266
339;-392793559;true;0.003003432494279176;0;1;;"test0";19305;27194266
339;-1691833809;true;0.003003432494279176;0;1;;"test0";15392;27194266
339;-1455741716;true;0.003003432494279176;0;1;;"test0";20429;27194266
339;-1200655629;true;0.0035690349530608373;0;1;;"test0";14870;27194266
339;2032692014;true;0.0035755917551991054;0;1;;"test0";17808;27194266
339;282481486;true;0.003576366131138445;0;1;;"test0";19401;27194266
339;1460067889;true;0.0035770398347859406;0;1;;"test0";17875;27194266
339;-1624441536;true;0.0035854007793519123;0;1;;"test0";14494;27194266
339;1269053928;true;0.0035866790158134215;0;1;;"test0";19341;27194266
339;-470286791;true;0.0035994427202612617;0;1;;"test0";19190;27194266
339;-899240193;true;0.0035994427202612617;0;1;;"test0";18085;27194266
339;1130500301;true;0.0035994427202612617;0;1;;"test0";11677;27194266
339;1429780778;true;0.0035994427202612617;0;1;;"test0";18504;27194266
339;1698221282;true;0.0035994427202612617;0;1;;"test0";18488;27194266
339;750185377;true;0.0035994427202612617;0;1;;"test0";11596;27194266
339;-1287167737;true;0.0035994427202612617;0;1;;"test0";18223;27194266
339;906290641;true;0.003876096134523445;0;1;;"test0";18987;27194266
339;-654179539;true;0.0038780211351182588;0;1;;"test0";20635;27194266
339;1751734357;true;0.0038780211351182588;0;1;;"test0";19484;27194266
339;-39481819;true;0.0038780211351182588;0;1;;"test0";19323;27194266
339;1354183951;true;0.0038780211351182588;0;1;;"test0";20828;27194266
339;1354183951;true;0.0038780211351182588;0;1;;"test0";19256;27194266
339;-411368010;true;0.0038780211351182588;0;1;;"test0";19211;27194266
339;-20085663;true;0.0038916454000423113;0;1;;"test0";14834;27194266
339;-386567197;true;0.0038916454000423113;0;1;;"test0";18515;27194266
339;73992445;true;0.0039009572955101147;0;1;;"test0";14679;27194266
339;73992445;true;0.0039009572955101147;0;1;;"test0";21025;27194266
339;-1242025907;true;0.003967659516230522;0;1;;"test0";19681;27194266
339;663444091;true;0.003976110182310492;0;1;;"test0";18638;27194266
339;1812520015;true;0.003976110182310492;0;1;;"test0";21275;27194266
339;2144745171;true;0.003978424762597382;0;1;;"test0";15850;27194266
339;-1611911296;true;0.003978424762597382;0;1;;"test0";18428;27194266
339;-1513101056;true;0.003978424762597382;0;1;;"test0";18236;27194266
339;-2026030953;true;0.003978424762597382;0;1;;"test0";19196;27194266
339;438161967;true;0.003981412244461138;0;1;;"test0";18634;27194266
339;-1602562965;true;0.003982192958085199;0;1;;"test0";21132;27194266
339;1168677774;true;0.003988394510529679;0;1;;"test0";17522;27194266
339;757669778;true;0.003991350166770951;0;1;;"test0";19714;27194266
339;757669778;true;0.003991350166770951;0;1;;"test0";18602;27194266
339;-1702287879;true;0.003999554756147558;0;1;;"test0";16049;27194266
339;1516704217;true;0.003999554756147558;0;1;;"test0";20460;27194266
339;140534833;true;0.003999554756147558;0;1;;"test0";15290;27194266
339;-900647289;true;0.00400334985946821;0;1;;"test0";18238;27194266
339;142279880;true;0.00400334985946821;0;1;;"test0";14212;27194266
339;755823020;true;0.00400334985946821;0;1;;"test0";1;27194266
339;-1153898090;true;0.00400334985946821;0;1;;"test0";16851;27194266
339;-1292798210;true;0.00400334985946821;0;1;;"test0";10657;27194266
340;1087833153;false;-1;0;1;;"test0";NaN;27330885
340;-617335556;true;0.002908085430968726;0;1;;"test0";18295;27330885
340;-949031397;true;0.002942137953579601;0;1;;"test0";15404;27330885
340;-1504424489;true;0.002942137953579601;0;1;;"test0";16166;27330885
340;1331485212;true;0.003003432494279176;0;1;;"test0";17882;27330885
340;-92239842;true;0.003003432494279176;0;1;;"test0";17476;27330885
340;48674228;true;0.003442745136166407;0;1;;"test0";18718;27330885
340;876380433;true;0.003557586116000347;0;1;;"test0";19235;27330885
340;-1200655629;true;0.0035690349530608373;0;1;;"test0";15757;27330885
340;-1856379498;true;0.0035690349530608373;0;1;;"test0";19241;27330885
340;291128846;true;0.0035751989250927714;0;1;;"test0";16257;27330885
340;1926236871;true;0.0035751989250927714;0;1;;"test0";19132;27330885
340;282481486;true;0.003576366131138445;0;1;;"test0";19270;27330885
340;282481486;true;0.003576366131138445;0;1;;"test0";16544;27330885
340;-637881609;true;0.0035770398347859406;0;1;;"test0";16362;27330885
340;-463791233;true;0.0035866790158134215;0;1;;"test0";12558;27330885
340;-344736321;true;0.0035866790158134215;0;1;;"test0";18052;27330885
340;750185377;true;0.0035994427202612617;0;1;;"test0";18234;27330885
340;1904873634;true;0.0035994427202612617;0;1;;"test0";22057;27330885
340;-2009757265;true;0.0035994427202612617;0;1;;"test0";16694;27330885
340;790151832;true;0.0035994427202612617;0;1;;"test0";19254;27330885
340;1130500301;true;0.0035994427202612617;0;1;;"test0";17393;27330885
340;1835098941;true;0.0035994427202612617;0;1;;"test0";18355;27330885
340;1602059411;true;0.003796113882157877;0;1;;"test0";18444;27330885
340;-1735732881;true;0.003796113882157877;0;1;;"test0";18706;27330885
340;1117316264;true;0.0038870282335081445;0;1;;"test0";11116;27330885
340;73992445;true;0.0039009572955101147;0;1;;"test0";16390;27330885
340;73992445;true;0.0039009572955101147;0;1;;"test0";22972;27330885
340;809564980;true;0.003976110182310492;0;1;;"test0";18486;27330885
340;2106192877;true;0.003976110182310492;0;1;;"test0";16360;27330885
340;1830562558;true;0.003976110182310492;0;1;;"test0";16350;27330885
340;-939483668;true;0.003976110182310492;0;1;;"test0";15407;27330885
340;1170173294;true;0.003976110182310492;0;1;;"test0";16518;27330885
340;438161967;true;0.003981412244461138;0;1;;"test0";19347;27330885
340;-919193130;true;0.003981412244461138;0;1;;"test0";19304;27330885
340;438161967;true;0.003981412244461138;0;1;;"test0";19342;27330885
340;-1108529666;true;0.003981412244461138;0;1;;"test0";12896;27330885
340;127248329;true;0.003981412244461138;0;1;;"test0";19429;27330885
340;555600960;true;0.003988394510529679;0;1;;"test0";19264;27330885
340;1168677774;true;0.003988394510529679;0;1;;"test0";12380;27330885
340;757669778;true;0.003991350166770951;0;1;;"test0";18706;27330885
340;757669778;true;0.003991350166770951;0;1;;"test0";18511;27330885
340;-1105391550;true;0.003991350166770951;0;1;;"test0";17608;27330885
340;-1745126525;true;0.00400334985946821;0;1;;"test0";18690;27330885
340;-1846802290;true;0.00400334985946821;0;1;;"test0";14048;27330885
340;-1206258121;true;0.00400334985946821;0;1;;"test0";18941;27330885
340;-1153898090;true;0.00400334985946821;0;1;;"test0";2;27330885
340;-279337897;true;0.00400334985946821;0;1;;"test0";18296;27330885
340;-1292798210;true;0.00400334985946821;0;1;;"test0";2;27330885
340;-900647289;true;0.00400334985946821;0;1;;"test0";14508;27330885
341;-1251593129;false;-1;0;1;;"test0";NaN;27455393
341;104854461;true;0.002574370709382151;0;1;;"test0";13630;27455393
341;1603758150;true;0.00289616704805492;0;1;;"test0";17187;27455393
341;-731029676;true;0.0029239766081871343;0;1;;"test0";18437;27455393
341;1818509181;true;0.002942137953579601;0;1;;"test0";17896;27455393
341;-1663239667;true;0.002942137953579601;0;1;;"test0";17825;27455393
341;1268332880;true;0.002955758962623951;0;1;;"test0";16398;27455393
341;1840662300;true;0.003051106025934401;0;1;;"test0";13640;27455393
341;644237144;true;0.003557586116000347;0;1;;"test0";15225;27455393
341;876380433;true;0.003557586116000347;0;1;;"test0";15875;27455393
341;709025149;true;0.003568020605043707;0;1;;"test0";11443;27455393
341;-506809770;true;0.0035690349530608373;0;1;;"test0";14373;27455393
341;1768932515;true;0.0035736667481127697;0;1;;"test0";13882;27455393
341;-637881609;true;0.0035770398347859406;0;1;;"test0";19600;27455393
341;-637881609;true;0.0035770398347859406;0;1;;"test0";17335;27455393
341;-1916355586;true;0.0035866790158134215;0;1;;"test0";18382;27455393
341;1982077752;true;0.0035880106432462705;0;1;;"test0";15486;27455393
341;-1760386604;true;0.0035994427202612617;0;1;;"test0";17544;27455393
341;1295171344;true;0.0035994427202612617;0;1;;"test0";19345;27455393
341;916310765;true;0.0035994427202612617;0;1;;"test0";18467;27455393
341;1602059411;true;0.003796113882157877;0;1;;"test0";19089;27455393
341;1832303315;true;0.003796113882157877;0;1;;"test0";19025;27455393
341;-1735732881;true;0.003796113882157877;0;1;;"test0";20813;27455393
341;212446523;true;0.003796113882157877;0;1;;"test0";18297;27455393
341;-741977790;true;0.003796113882157877;0;1;;"test0";18147;27455393
341;-619642591;true;0.003796113882157877;0;1;;"test0";17116;27455393
341;-56422259;true;0.003796113882157877;0;1;;"test0";17017;27455393
341;-335492486;true;0.003876096134523445;0;1;;"test0";16614;27455393
341;-1503236214;true;0.0038870282335081445;0;1;;"test0";13803;27455393
341;886879240;true;0.0038870282335081445;0;1;;"test0";15322;27455393
341;1386721208;true;0.0038870282335081445;0;1;;"test0";14840;27455393
341;-429733693;true;0.0038870282335081445;0;1;;"test0";14644;27455393
341;720495663;true;0.0039009572955101147;0;1;;"test0";14386;27455393
341;-1517798894;true;0.0039009572955101147;0;1;;"test0";18625;27455393
341;-1639103870;true;0.003973847938529931;0;1;;"test0";20788;27455393
341;-939483668;true;0.003976110182310492;0;1;;"test0";17184;27455393
341;809564980;true;0.003976110182310492;0;1;;"test0";19336;27455393
341;336748095;true;0.003976110182310492;0;1;;"test0";17899;27455393
341;-508735660;true;0.003976110182310492;0;1;;"test0";12843;27455393
341;672780015;true;0.003981412244461138;0;1;;"test0";15491;27455393
341;-78259822;true;0.003981412244461138;0;1;;"test0";19418;27455393
341;-919193130;true;0.003981412244461138;0;1;;"test0";15804;27455393
341;438161967;true;0.003981412244461138;0;1;;"test0";15770;27455393
341;-443467800;true;0.003988394510529679;0;1;;"test0";13605;27455393
341;-1105391550;true;0.003991350166770951;0;1;;"test0";20545;27455393
341;757669778;true;0.003991350166770951;0;1;;"test0";19553;27455393
341;1218822307;true;0.003999554756147558;0;1;;"test0";13814;27455393
341;-1846802290;true;0.00400334985946821;0;1;;"test0";16039;27455393
341;-900647289;true;0.00400334985946821;0;1;;"test0";1;27455393
341;-1292798210;true;0.00400334985946821;0;1;;"test0";1;27455393
342;-1766821895;false;-1;0;1;;"test0";NaN;27585116
342;-1890264004;false;-1;0;1;;"test0";NaN;27585116
342;974457781;true;0.002942137953579601;0;1;;"test0";17819;27585116
342;142469843;true;0.003443259467876058;0;1;;"test0";15261;27585116
342;1950336162;true;0.003557586116000347;0;1;;"test0";15257;27585116
342;876380433;true;0.003557586116000347;0;1;;"test0";19384;27585116
342;876380433;true;0.003557586116000347;0;1;;"test0";19210;27585116
342;1054004999;true;0.003568020605043707;0;1;;"test0";19123;27585116
342;-192193281;true;0.003568020605043707;0;1;;"test0";17759;27585116
342;-1590668855;true;0.003568020605043707;0;1;;"test0";16154;27585116
342;2077263528;true;0.0035690349530608373;0;1;;"test0";16238;27585116
342;-506809770;true;0.0035690349530608373;0;1;;"test0";17461;27585116
342;-1313216508;true;0.0035736667481127697;0;1;;"test0";14226;27585116
342;586826753;true;0.0035736667481127697;0;1;;"test0";13291;27585116
342;-1608466146;true;0.0035736667481127697;0;1;;"test0";18527;27585116
342;183405294;true;0.0035736667481127697;0;1;;"test0";16597;27585116
342;-637881609;true;0.0035770398347859406;0;1;;"test0";17252;27585116
342;-637881609;true;0.0035770398347859406;0;1;;"test0";15130;27585116
342;-63875932;true;0.0035770398347859406;0;1;;"test0";17119;27585116
342;6873304;true;0.0035774120306526374;0;1;;"test0";19708;27585116
342;1312219036;true;0.0035774120306526374;0;1;;"test0";15333;27585116
342;-323559453;true;0.003577573650027791;0;1;;"test0";14551;27585116
342;-1385946686;true;0.003773092917013322;0;1;;"test0";19397;27585116
342;-850563866;true;0.003796113882157877;0;1;;"test0";18203;27585116
342;1053965392;true;0.003876096134523445;0;1;;"test0";19520;27585116
342;1422645725;true;0.0038870282335081445;0;1;;"test0";20008;27585116
342;-1331465706;true;0.0038870282335081445;0;1;;"test0";16818;27585116
342;1540927822;true;0.0039009572955101147;0;1;;"test0";17098;27585116
342;968989743;true;0.003973847938529931;0;1;;"test0";11371;27585116
342;-1639103870;true;0.003973847938529931;0;1;;"test0";13070;27585116
342;652068310;true;0.003973847938529931;0;1;;"test0";16562;27585116
342;1786760200;true;0.003973847938529931;0;1;;"test0";14357;27585116
342;888249170;true;0.003973847938529931;0;1;;"test0";16259;27585116
342;-1371096820;true;0.003976110182310492;0;1;;"test0";17179;27585116
342;809564980;true;0.003976110182310492;0;1;;"test0";17057;27585116
342;429594156;true;0.003981412244461138;0;1;;"test0";18250;27585116
342;1850156407;true;0.003981412244461138;0;1;;"test0";14809;27585116
342;472894043;true;0.003988394510529679;0;1;;"test0";17482;27585116
342;2132357132;true;0.003988394510529679;0;1;;"test0";18536;27585116
342;757669778;true;0.003991350166770951;0;1;;"test0";16203;27585116
342;757669778;true;0.003991350166770951;0;1;;"test0";15927;27585116
342;1218822307;true;0.003999554756147558;0;1;;"test0";15620;27585116
342;-272451382;true;0.003999554756147558;0;1;;"test0";15615;27585116
342;-900647289;true;0.00400334985946821;0;1;;"test0";1;27585116
342;-757906114;true;0.00400334985946821;0;1;;"test0";14879;27585116
342;-1412154125;true;0.00400334985946821;0;1;;"test0";17357;27585116
342;-1292798210;true;0.00400334985946821;0;1;;"test0";18937;27585116
342;-1846802290;true;0.00400334985946821;0;1;;"test0";15639;27585116
342;-785339278;true;0.00400334985946821;0;1;;"test0";19217;27585116
343;2084189803;true;0.002942137953579601;0;1;;"test0";18319;27699668
343;1191612085;true;0.003003432494279176;0;1;;"test0";17683;27699668
343;-1912374006;true;0.003568020605043707;0;1;;"test0";17163;27699668
343;-192193281;true;0.003568020605043707;0;1;;"test0";19718;27699668
343;260446329;true;0.003568020605043707;0;1;;"test0";17552;27699668
343;-506809770;true;0.0035690349530608373;0;1;;"test0";17993;27699668
343;1010417201;true;0.0035707201974877587;0;1;;"test0";12819;27699668
343;-1690910579;true;0.0035736667481127697;0;1;;"test0";16513;27699668
343;-329260115;true;0.0035736667481127697;0;1;;"test0";15862;27699668
343;-292999839;true;0.003576366131138445;0;1;;"test0";18519;27699668
343;-637881609;true;0.0035770398347859406;0;1;;"test0";21553;27699668
343;1575603437;true;0.0035770398347859406;0;1;;"test0";21568;27699668
343;1064474668;true;0.0035774120306526374;0;1;;"test0";16309;27699668
343;1723835608;true;0.0035774120306526374;0;1;;"test0";16101;27699668
343;-630789918;true;0.003577573650027791;0;1;;"test0";12179;27699668
343;-1188192786;true;0.003577573650027791;0;1;;"test0";12647;27699668
343;-1119992425;true;0.003585123744579444;0;1;;"test0";18324;27699668
343;-1916346869;true;0.0035994427202612617;0;1;;"test0";19613;27699668
343;1044592163;true;0.0035994427202612617;0;1;;"test0";16623;27699668
343;1255181722;true;0.0035994427202612617;0;1;;"test0";18762;27699668
343;633315788;true;0.0035994427202612617;0;1;;"test0";16156;27699668
343;2114989527;true;0.003773092917013322;0;1;;"test0";18797;27699668
343;-1385946686;true;0.003773092917013322;0;1;;"test0";16646;27699668
343;-1385946686;true;0.003773092917013322;0;1;;"test0";17245;27699668
343;-422857851;true;0.003773092917013322;0;1;;"test0";19686;27699668
343;-1385946686;true;0.003773092917013322;0;1;;"test0";19712;27699668
343;-1385946686;true;0.003773092917013322;0;1;;"test0";18616;27699668
343;143995651;true;0.003796113882157877;0;1;;"test0";21590;27699668
343;-979145641;true;0.003796113882157877;0;1;;"test0";17010;27699668
343;-850563866;true;0.003796113882157877;0;1;;"test0";14660;27699668
343;1767086845;true;0.003796113882157877;0;1;;"test0";16723;27699668
343;566950396;true;0.003796113882157877;0;1;;"test0";18702;27699668
343;138321506;true;0.0038870282335081445;0;1;;"test0";19394;27699668
343;445324070;true;0.0039009572955101147;0;1;;"test0";17772;27699668
343;1540927822;true;0.0039009572955101147;0;1;;"test0";20246;27699668
343;-1854814625;true;0.0039009572955101147;0;1;;"test0";17912;27699668
343;363306785;true;0.0039009572955101147;0;1;;"test0";18271;27699668
343;-1802219104;true;0.003973847938529931;0;1;;"test0";18961;27699668
343;-1371096820;true;0.003976110182310492;0;1;;"test0";18051;27699668
343;472894043;true;0.003988394510529679;0;1;;"test0";14640;27699668
343;2058992106;true;0.003988394510529679;0;1;;"test0";17111;27699668
343;757669778;true;0.003991350166770951;0;1;;"test0";20253;27699668
343;-1756338616;true;0.003991350166770951;0;1;;"test0";17650;27699668
343;22182625;true;0.003999554756147558;0;1;;"test0";20644;27699668
343;-1031460569;true;0.00400334985946821;0;1;;"test0";20595;27699668
343;-1662707048;true;0.00400334985946821;0;1;;"test0";15214;27699668
343;1203134236;true;0.00400334985946821;0;1;;"test0";15195;27699668
343;-1928918754;true;0.00400334985946821;0;1;;"test0";18228;27699668
343;-785339278;true;0.00400334985946821;0;1;;"test0";1;27699668
343;-1846802290;true;0.00400334985946821;0;1;;"test0";2;27699668
344;-1756338616;false;-1;0;1;;"test0";NaN;27819606
344;-186393912;true;0.002574370709382151;0;1;;"test0";19742;27819606
344;104334211;true;0.002908085430968726;0;1;;"test0";19854;27819606
344;1136187925;true;0.00345049114166193;0;1;;"test0";19111;27819606
344;1100302931;true;0.003557586116000347;0;1;;"test0";19941;27819606
344;-403272911;true;0.0035707201974877587;0;1;;"test0";18681;27819606
344;-490412036;true;0.0035707201974877587;0;1;;"test0";18454;27819606
344;-329260115;true;0.0035736667481127697;0;1;;"test0";17770;27819606
344;832742944;true;0.0035774120306526374;0;1;;"test0";15652;27819606
344;1723835608;true;0.0035774120306526374;0;1;;"test0";17197;27819606
344;1064474668;true;0.0035774120306526374;0;1;;"test0";15927;27819606
344;-881580652;true;0.0035774120306526374;0;1;;"test0";15951;27819606
344;-1188192786;true;0.003577573650027791;0;1;;"test0";17767;27819606
344;589617132;true;0.003577573650027791;0;1;;"test0";20563;27819606
344;-195130469;true;0.0035994427202612617;0;1;;"test0";15473;27819606
344;-1385946686;true;0.003773092917013322;0;1;;"test0";18725;27819606
344;-1385946686;true;0.003773092917013322;0;1;;"test0";14862;27819606
344;825907186;true;0.003773092917013322;0;1;;"test0";13661;27819606
344;-1385946686;true;0.003773092917013322;0;1;;"test0";14679;27819606
344;896797724;true;0.003773092917013322;0;1;;"test0";17513;27819606
344;-1385946686;true;0.003773092917013322;0;1;;"test0";14506;27819606
344;-1253444087;true;0.003796113882157877;0;1;;"test0";15120;27819606
344;489163940;true;0.003796113882157877;0;1;;"test0";19191;27819606
344;-474853326;true;0.0038870282335081445;0;1;;"test0";17517;27819606
344;138321506;true;0.0038870282335081445;0;1;;"test0";16737;27819606
344;66555241;true;0.0038870282335081445;0;1;;"test0";15988;27819606
344;138321506;true;0.0038870282335081445;0;1;;"test0";13197;27819606
344;-1854814625;true;0.0039009572955101147;0;1;;"test0";16796;27819606
344;1969157985;true;0.0039009572955101147;0;1;;"test0";17140;27819606
344;-1854814625;true;0.0039009572955101147;0;1;;"test0";16711;27819606
344;-1802219104;true;0.003973847938529931;0;1;;"test0";15077;27819606
344;1172307370;true;0.003976110182310492;0;1;;"test0";13588;27819606
344;-187259281;true;0.003976110182310492;0;1;;"test0";19557;27819606
344;447420097;true;0.003976110182310492;0;1;;"test0";16322;27819606
344;-1371096820;true;0.003976110182310492;0;1;;"test0";19687;27819606
344;2058992106;true;0.003988394510529679;0;1;;"test0";14384;27819606
344;1874555864;true;0.003988394510529679;0;1;;"test0";12858;27819606
344;1581934953;true;0.003988394510529679;0;1;;"test0";15630;27819606
344;2058992106;true;0.003988394510529679;0;1;;"test0";16567;27819606
344;2077674993;true;0.003991350166770951;0;1;;"test0";18746;27819606
344;757669778;true;0.003991350166770951;0;1;;"test0";17228;27819606
344;323177209;true;0.003991350166770951;0;1;;"test0";17160;27819606
344;-1756338616;true;0.003991350166770951;0;1;;"test0";20600;27819606
344;757669778;true;0.003991350166770951;0;1;;"test0";18747;27819606
344;64593456;true;0.00400334985946821;0;1;;"test0";14077;27819606
344;-785339278;true;0.00400334985946821;0;1;;"test0";2;27819606
344;-1232963452;true;0.00400334985946821;0;1;;"test0";15106;27819606
344;-1846802290;true;0.00400334985946821;0;1;;"test0";20390;27819606
344;29290566;true;0.00400334985946821;0;1;;"test0";20356;27819606
345;2133336331;true;0.002574370709382151;0;1;;"test0";16944;27937588
345;832973811;true;0.002574370709382151;0;1;;"test0";20322;27937588
345;1217131702;true;0.0028643572950366922;0;1;;"test0";20505;27937588
345;-528728612;true;0.002908085430968726;0;1;;"test0";16730;27937588
345;1750929314;true;0.002917620137299771;0;1;;"test0";17044;27937588
345;880315009;true;0.002917620137299771;0;1;;"test0";19940;27937588
345;-1669245122;true;0.003003432494279176;0;1;;"test0";15598;27937588
345;-696211388;true;0.0034350924664541594;0;1;;"test0";14913;27937588
345;958498805;true;0.003443041114540441;0;1;;"test0";15141;27937588
345;638202263;true;0.00345049114166193;0;1;;"test0";19841;27937588
345;2081282172;true;0.0035319406551383254;0;1;;"test0";13648;27937588
345;527690412;true;0.0035736667481127697;0;1;;"test0";16405;27937588
345;-329260115;true;0.0035736667481127697;0;1;;"test0";17702;27937588
345;-329260115;true;0.0035736667481127697;0;1;;"test0";18869;27937588
345;-881580652;true;0.0035774120306526374;0;1;;"test0";21277;27937588
345;1755484488;true;0.0035994427202612617;0;1;;"test0";15245;27937588
345;-1462316125;true;0.0035994427202612617;0;1;;"test0";16920;27937588
345;1336737065;true;0.0035994427202612617;0;1;;"test0";15205;27937588
345;-1630765418;true;0.0035994427202612617;0;1;;"test0";15409;27937588
345;1677280509;true;0.0035994427202612617;0;1;;"test0";17663;27937588
345;-2102244639;true;0.0035994427202612617;0;1;;"test0";18904;27937588
345;1633651436;true;0.0035994427202612617;0;1;;"test0";20087;27937588
345;917690277;true;0.0035994427202612617;0;1;;"test0";17097;27937588
345;1451008437;true;0.003773092917013322;0;1;;"test0";17210;27937588
345;-1378787985;true;0.003773092917013322;0;1;;"test0";15404;27937588
345;1444600665;true;0.003773092917013322;0;1;;"test0";17555;27937588
345;489163940;true;0.003796113882157877;0;1;;"test0";19939;27937588
345;-1253444087;true;0.003796113882157877;0;1;;"test0";19046;27937588
345;914702872;true;0.003796113882157877;0;1;;"test0";16975;27937588
345;138321506;true;0.0038870282335081445;0;1;;"test0";18892;27937588
345;-882189708;true;0.0038870282335081445;0;1;;"test0";19182;27937588
345;-2035143745;true;0.0038916454000423113;0;1;;"test0";10154;27937588
345;-1854814625;true;0.0039009572955101147;0;1;;"test0";22026;27937588
345;-664916588;true;0.0039009572955101147;0;1;;"test0";17764;27937588
345;1494613869;true;0.003968893422265996;0;1;;"test0";16667;27937588
345;-1310591769;true;0.003973847938529931;0;1;;"test0";18897;27937588
345;-1802219104;true;0.003973847938529931;0;1;;"test0";16768;27937588
345;-698387077;true;0.003982192958085199;0;1;;"test0";21826;27937588
345;1874555864;true;0.003988394510529679;0;1;;"test0";15266;27937588
345;2058992106;true;0.003988394510529679;0;1;;"test0";20620;27937588
345;1288927134;true;0.003988394510529679;0;1;;"test0";14347;27937588
345;1874555864;true;0.003988394510529679;0;1;;"test0";16293;27937588
345;736353041;true;0.003988394510529679;0;1;;"test0";13849;27937588
345;2077674993;true;0.003991350166770951;0;1;;"test0";17106;27937588
345;1576086247;true;0.003991350166770951;0;1;;"test0";17966;27937588
345;1100171955;true;0.003991350166770951;0;1;;"test0";14127;27937588
345;64593456;true;0.00400334985946821;0;1;;"test0";15125;27937588
345;29290566;true;0.00400334985946821;0;1;;"test0";3;27937588
345;-34292137;true;0.00400334985946821;0;1;;"test0";10031;27937588
345;-1846802290;true;0.00400334985946821;0;1;;"test0";1;27937588
346;-1827435910;true;0.002574370709382151;0;1;;"test0";18988;28054856
346;1068726531;true;0.0028643572950366922;0;1;;"test0";19130;28054856
346;1927731998;true;0.002864498202026806;0;1;;"test0";20585;28054856
346;912544953;true;0.002917620137299771;0;1;;"test0";18247;28054856
346;1405896348;true;0.002917620137299771;0;1;;"test0";17406;28054856
346;-1889557559;true;0.002917620137299771;0;1;;"test0";15096;28054856
346;194740987;true;0.002942137953579601;0;1;;"test0";20509;28054856
346;1909204072;true;0.002942137953579601;0;1;;"test0";19931;28054856
346;390717750;true;0.002942137953579601;0;1;;"test0";20335;28054856
346;-1662350387;true;0.002942137953579601;0;1;;"test0";17835;28054856
346;958498805;true;0.003443041114540441;0;1;;"test0";18275;28054856
346;1816044769;true;0.003443041114540441;0;1;;"test0";18565;28054856
346;527690412;true;0.0035736667481127697;0;1;;"test0";18913;28054856
346;1834296013;true;0.0035743075036111303;0;1;;"test0";21536;28054856
346;-881580652;true;0.0035774120306526374;0;1;;"test0";19061;28054856
346;408827440;true;0.0035774120306526374;0;1;;"test0";19457;28054856
346;-881580652;true;0.0035774120306526374;0;1;;"test0";16062;28054856
346;1269419647;true;0.0035779336643677524;0;1;;"test0";13045;28054856
346;1747835639;true;0.003584885267336272;0;1;;"test0";18938;28054856
346;-1664070962;true;0.003590828158783766;0;1;;"test0";18235;28054856
346;748970382;true;0.0035994427202612617;0;1;;"test0";20204;28054856
346;597553749;true;0.0035994427202612617;0;1;;"test0";14586;28054856
346;-1378787985;true;0.003773092917013322;0;1;;"test0";16803;28054856
346;-1584825300;true;0.003773092917013322;0;1;;"test0";11725;28054856
346;-1378787985;true;0.003773092917013322;0;1;;"test0";15811;28054856
346;489163940;true;0.003796113882157877;0;1;;"test0";21446;28054856
346;2115095074;true;0.003796113882157877;0;1;;"test0";13764;28054856
346;-1548367443;true;0.003796113882157877;0;1;;"test0";20285;28054856
346;-882189708;true;0.0038870282335081445;0;1;;"test0";16449;28054856
346;-882189708;true;0.0038870282335081445;0;1;;"test0";15786;28054856
346;-2035143745;true;0.0038916454000423113;0;1;;"test0";15552;28054856
346;-514562126;true;0.0038916454000423113;0;1;;"test0";20431;28054856
346;191426079;true;0.0038916454000423113;0;1;;"test0";17438;28054856
346;-1642070307;true;0.0038940070454448034;0;1;;"test0";20316;28054856
346;-8499061;true;0.003968893422265996;0;1;;"test0";18704;28054856
346;1494613869;true;0.003968893422265996;0;1;;"test0";18479;28054856
346;-1373704165;true;0.003968893422265996;0;1;;"test0";14793;28054856
346;190404227;true;0.003968893422265996;0;1;;"test0";11140;28054856
346;-324208735;true;0.003981412244461138;0;1;;"test0";21501;28054856
346;-715354047;true;0.003988394510529679;0;1;;"test0";13962;28054856
346;1288927134;true;0.003988394510529679;0;1;;"test0";14329;28054856
346;1288927134;true;0.003988394510529679;0;1;;"test0";17459;28054856
346;1100171955;true;0.003991350166770951;0;1;;"test0";18837;28054856
346;128838079;true;0.00400334985946821;0;1;;"test0";15684;28054856
346;-1384198265;true;0.00400334985946821;0;1;;"test0";14112;28054856
346;-775060770;true;0.00400334985946821;0;1;;"test0";21532;28054856
346;-1689709364;true;0.00400334985946821;0;1;;"test0";13774;28054856
346;-1846802290;true;0.00400334985946821;0;1;;"test0";1;28054856
346;1442010787;true;0.00400334985946821;0;1;;"test0";17767;28054856
346;-34292137;true;0.00400334985946821;0;1;;"test0";1;28054856
347;194740987;true;0.002942137953579601;0;1;;"test0";18470;28163765
347;-1420923408;true;0.002942137953579601;0;1;;"test0";18292;28163765
347;-860971664;true;0.0029748283752860415;0;1;;"test0";17507;28163765
347;831797390;true;0.003003432494279176;0;1;;"test0";13340;28163765
347;2045425338;true;0.003003432494279176;0;1;;"test0";18080;28163765
347;1580349438;true;0.0035779336643677524;0;1;;"test0";15405;28163765
347;-1858544320;true;0.0035866790158134215;0;1;;"test0";21050;28163765
347;-1664070962;true;0.003590828158783766;0;1;;"test0";16373;28163765
347;-1229754323;true;0.003590828158783766;0;1;;"test0";15685;28163765
347;1415093001;true;0.003590828158783766;0;1;;"test0";18314;28163765
347;541761618;true;0.0035994427202612617;0;1;;"test0";15930;28163765
347;1910061935;true;0.0035994427202612617;0;1;;"test0";16784;28163765
347;-935317002;true;0.0035994427202612617;0;1;;"test0";19868;28163765
347;-1245354592;true;0.0035994427202612617;0;1;;"test0";15674;28163765
347;1242319677;true;0.0035994427202612617;0;1;;"test0";17233;28163765
347;748970382;true;0.0035994427202612617;0;1;;"test0";18970;28163765
347;1791085981;true;0.0035994427202612617;0;1;;"test0";17969;28163765
347;189942868;true;0.003796113882157877;0;1;;"test0";18412;28163765
347;1026149832;true;0.003796113882157877;0;1;;"test0";15440;28163765
347;-882189708;true;0.0038870282335081445;0;1;;"test0";15912;28163765
347;1118106668;true;0.0038870282335081445;0;1;;"test0";15406;28163765
347;-2101919252;true;0.0038870282335081445;0;1;;"test0";12936;28163765
347;191426079;true;0.0038916454000423113;0;1;;"test0";13975;28163765
347;-514562126;true;0.0038916454000423113;0;1;;"test0";18469;28163765
347;-1044038359;true;0.0038916454000423113;0;1;;"test0";17664;28163765
347;-1577213965;true;0.0038916454000423113;0;1;;"test0";18472;28163765
347;191426079;true;0.0038916454000423113;0;1;;"test0";11855;28163765
347;-2075366442;true;0.0038940070454448034;0;1;;"test0";16554;28163765
347;-1111934359;true;0.0038940070454448034;0;1;;"test0";16030;28163765
347;-824497178;true;0.0038940070454448034;0;1;;"test0";17601;28163765
347;-1642070307;true;0.0038940070454448034;0;1;;"test0";17748;28163765
347;-1642070307;true;0.0038940070454448034;0;1;;"test0";17542;28163765
347;-8499061;true;0.003968893422265996;0;1;;"test0";16139;28163765
347;-1899412630;true;0.003968893422265996;0;1;;"test0";15649;28163765
347;-8499061;true;0.003968893422265996;0;1;;"test0";18659;28163765
347;-8499061;true;0.003968893422265996;0;1;;"test0";16139;28163765
347;-8499061;true;0.003968893422265996;0;1;;"test0";14540;28163765
347;853944058;true;0.003968893422265996;0;1;;"test0";16811;28163765
347;-324208735;true;0.003981412244461138;0;1;;"test0";12557;28163765
347;651370391;true;0.003981412244461138;0;1;;"test0";14500;28163765
347;-324208735;true;0.003981412244461138;0;1;;"test0";13655;28163765
347;2080013246;true;0.003981412244461138;0;1;;"test0";14423;28163765
347;-324208735;true;0.003981412244461138;0;1;;"test0";12990;28163765
347;-566521674;true;0.003981412244461138;0;1;;"test0";17653;28163765
347;2055483843;true;0.003981412244461138;0;1;;"test0";12627;28163765
347;745691242;true;0.003988394510529679;0;1;;"test0";16151;28163765
347;-715354047;true;0.003988394510529679;0;1;;"test0";13691;28163765
347;1100171955;true;0.003991350166770951;0;1;;"test0";18453;28163765
347;1442010787;true;0.00400334985946821;0;1;;"test0";2;28163765
347;-34292137;true;0.00400334985946821;0;1;;"test0";1;28163765
348;1974659751;true;0.0029044182362260164;0;1;;"test0";19594;28281839
348;-329349363;true;0.002908085430968726;0;1;;"test0";19608;28281839
348;831057002;true;0.003003432494279176;0;1;;"test0";13175;28281839
348;-908971912;true;0.003003432494279176;0;1;;"test0";14011;28281839
348;-751258768;true;0.0034604307680543584;0;1;;"test0";19622;28281839
348;-1148485738;true;0.0035744815684907367;0;1;;"test0";15208;28281839
348;-1145396342;true;0.003584885267336272;0;1;;"test0";20527;28281839
348;310399962;true;0.0035866790158134215;0;1;;"test0";19686;28281839
348;-664164550;true;0.0035866790158134215;0;1;;"test0";19816;28281839
348;1962244607;true;0.0035880106432462705;0;1;;"test0";15085;28281839
348;-1664070962;true;0.003590828158783766;0;1;;"test0";15355;28281839
348;440779512;true;0.0035994427202612617;0;1;;"test0";16312;28281839
348;-311773382;true;0.0035994427202612617;0;1;;"test0";19938;28281839
348;-1674465131;true;0.0035994427202612617;0;1;;"test0";22060;28281839
348;-819072878;true;0.003796113882157877;0;1;;"test0";20553;28281839
348;-1707658486;true;0.003796113882157877;0;1;;"test0";13368;28281839
348;1298982039;true;0.003796113882157877;0;1;;"test0";19158;28281839
348;-1319908183;true;0.003796113882157877;0;1;;"test0";14196;28281839
348;1710041995;true;0.0038449959990481436;0;1;;"test0";20085;28281839
348;-123119031;true;0.0038870282335081445;0;1;;"test0";17942;28281839
348;1118106668;true;0.0038870282335081445;0;1;;"test0";17875;28281839
348;-1044038359;true;0.0038916454000423113;0;1;;"test0";19452;28281839
348;-1431168615;true;0.0038916454000423113;0;1;;"test0";20549;28281839
348;-657037942;true;0.0038916454000423113;0;1;;"test0";19685;28281839
348;191426079;true;0.0038916454000423113;0;1;;"test0";14250;28281839
348;-351104419;true;0.0038930485128037214;0;1;;"test0";20698;28281839
348;-492204859;true;0.0038940070454448034;0;1;;"test0";19230;28281839
348;6104299;true;0.003968893422265996;0;1;;"test0";19604;28281839
348;1057958467;true;0.003968893422265996;0;1;;"test0";16831;28281839
348;64775727;true;0.003968893422265996;0;1;;"test0";15213;28281839
348;-324208735;true;0.003981412244461138;0;1;;"test0";18432;28281839
348;-324208735;true;0.003981412244461138;0;1;;"test0";18474;28281839
348;651370391;true;0.003981412244461138;0;1;;"test0";17958;28281839
348;2128117011;true;0.003981412244461138;0;1;;"test0";18603;28281839
348;383046822;true;0.003981412244461138;0;1;;"test0";18451;28281839
348;-324208735;true;0.003981412244461138;0;1;;"test0";11194;28281839
348;-1984188465;true;0.003981412244461138;0;1;;"test0";13872;28281839
348;651370391;true;0.003981412244461138;0;1;;"test0";18200;28281839
348;-1641280526;true;0.003982192958085199;0;1;;"test0";20305;28281839
348;745691242;true;0.003988394510529679;0;1;;"test0";19442;28281839
348;-1006525096;true;0.003988394510529679;0;1;;"test0";16345;28281839
348;745691242;true;0.003988394510529679;0;1;;"test0";16187;28281839
348;1205488675;true;0.003991350166770951;0;1;;"test0";20453;28281839
348;1100171955;true;0.003991350166770951;0;1;;"test0";14765;28281839
348;84932215;true;0.003991350166770951;0;1;;"test0";13819;28281839
348;1100171955;true;0.003991350166770951;0;1;;"test0";19627;28281839
348;1100171955;true;0.003991350166770951;0;1;;"test0";20747;28281839
348;1081023223;true;0.00400334985946821;0;1;;"test0";19660;28281839
348;-34292137;true;0.00400334985946821;0;1;;"test0";1;28281839
348;1442010787;true;0.00400334985946821;0;1;;"test0";2;28281839
349;1873499650;true;0.003051106025934401;0;1;;"test0";17692;28400138
349;1641705507;true;0.0034523666030999104;0;1;;"test0";20852;28400138
349;-1391522879;true;0.003574021754351471;0;1;;"test0";16470;28400138
349;1794749308;true;0.0035765633297099027;0;1;;"test0";15570;28400138
349;-1145396342;true;0.003584885267336272;0;1;;"test0";17479;28400138
349;510020437;true;0.003584885267336272;0;1;;"test0";17521;28400138
349;-781901580;true;0.0035866790158134215;0;1;;"test0";17753;28400138
349;-100915890;true;0.0035994427202612617;0;1;;"test0";21413;28400138
349;-1674465131;true;0.0035994427202612617;0;1;;"test0";18846;28400138
349;1065204548;true;0.0035994427202612617;0;1;;"test0";20620;28400138
349;-727742372;true;0.0035994427202612617;0;1;;"test0";17550;28400138
349;-969806574;true;0.003759705511813809;0;1;;"test0";20398;28400138
349;1233565199;true;0.003796113882157877;0;1;;"test0";11538;28400138
349;390144568;true;0.003802042569628388;0;1;;"test0";16934;28400138
349;1710041995;true;0.0038449959990481436;0;1;;"test0";17242;28400138
349;70376020;true;0.003876096134523445;0;1;;"test0";17277;28400138
349;-998287438;true;0.0038930485128037214;0;1;;"test0";17725;28400138
349;-986245198;true;0.0038930485128037214;0;1;;"test0";18645;28400138
349;1342329554;true;0.0038930485128037214;0;1;;"test0";23253;28400138
349;-351104419;true;0.0038930485128037214;0;1;;"test0";18683;28400138
349;-1320182318;true;0.0038930485128037214;0;1;;"test0";18373;28400138
349;1956066105;true;0.0038930485128037214;0;1;;"test0";18777;28400138
349;-351104419;true;0.0038930485128037214;0;1;;"test0";20072;28400138
349;-351104419;true;0.0038930485128037214;0;1;;"test0";18786;28400138
349;-1087433310;true;0.0038940070454448034;0;1;;"test0";15291;28400138
349;-492204859;true;0.0038940070454448034;0;1;;"test0";15855;28400138
349;514335697;true;0.0038951459518587737;0;1;;"test0";21503;28400138
349;-1199374516;true;0.003912416901442529;0;1;;"test0";17486;28400138
349;326111467;true;0.003968893422265996;0;1;;"test0";16600;28400138
349;64775727;true;0.003968893422265996;0;1;;"test0";19576;28400138
349;24435826;true;0.003968893422265996;0;1;;"test0";17099;28400138
349;383046822;true;0.003981412244461138;0;1;;"test0";21729;28400138
349;-1641280526;true;0.003982192958085199;0;1;;"test0";15812;28400138
349;-1641280526;true;0.003982192958085199;0;1;;"test0";22705;28400138
349;-1101548680;true;0.003982192958085199;0;1;;"test0";11999;28400138
349;1790648496;true;0.003982192958085199;0;1;;"test0";14786;28400138
349;-1641280526;true;0.003982192958085199;0;1;;"test0";16853;28400138
349;424921415;true;0.003982192958085199;0;1;;"test0";11321;28400138
349;-1264102366;true;0.003985735888220684;0;1;;"test0";13277;28400138
349;745691242;true;0.003988394510529679;0;1;;"test0";12659;28400138
349;745691242;true;0.003988394510529679;0;1;;"test0";15938;28400138
349;745691242;true;0.003988394510529679;0;1;;"test0";15774;28400138
349;84932215;true;0.003991350166770951;0;1;;"test0";19645;28400138
349;-529383009;true;0.003991350166770951;0;1;;"test0";19435;28400138
349;-1415593630;true;0.003999554756147558;0;1;;"test0";19810;28400138
349;-257916831;true;0.00400334985946821;0;1;;"test0";20860;28400138
349;-279069748;true;0.00400334985946821;0;1;;"test0";20794;28400138
349;-34292137;true;0.00400334985946821;0;1;;"test0";2;28400138
349;1152692339;true;0.00400334985946821;0;1;;"test0";14185;28400138
349;1442010787;true;0.00400334985946821;0;1;;"test0";1;28400138
350;1284334210;true;0.001906941266209001;0;1;;"test0";14414;28517681
350;297374665;true;0.002574370709382151;0;1;;"test0";18793;28517681
350;-910001585;true;0.0029748283752860415;0;1;;"test0";19082;28517681
350;1262489101;true;0.0029748283752860415;0;1;;"test0";20498;28517681
350;788362176;true;0.003003432494279176;0;1;;"test0";18625;28517681
350;1916420699;true;0.003003432494279176;0;1;;"test0";15853;28517681
350;-1596035785;true;0.003051106025934401;0;1;;"test0";18744;28517681
350;733923344;true;0.003051106025934401;0;1;;"test0";18980;28517681
350;1499916813;true;0.003442222206620492;0;1;;"test0";17609;28517681
350;-781901580;true;0.0035866790158134215;0;1;;"test0";16755;28517681
350;-781901580;true;0.0035866790158134215;0;1;;"test0";16635;28517681
350;1032783990;true;0.0035994427202612617;0;1;;"test0";18980;28517681
350;-969806574;true;0.003759705511813809;0;1;;"test0";14749;28517681
350;-1592456507;true;0.003796113882157877;0;1;;"test0";18678;28517681
350;396424457;true;0.003796113882157877;0;1;;"test0";16047;28517681
350;-459193821;true;0.003796113882157877;0;1;;"test0";21963;28517681
350;611707172;true;0.003796113882157877;0;1;;"test0";15648;28517681
350;-1576017926;true;0.003818178509819978;0;1;;"test0";14500;28517681
350;1513505566;true;0.0038449959990481436;0;1;;"test0";16532;28517681
350;1781141465;true;0.0038449959990481436;0;1;;"test0";17519;28517681
350;-1759977928;true;0.003876096134523445;0;1;;"test0";20936;28517681
350;1804329670;true;0.003876096134523445;0;1;;"test0";16587;28517681
350;1305483627;true;0.0038780211351182588;0;1;;"test0";16689;28517681
350;1661730457;true;0.0038940070454448034;0;1;;"test0";16456;28517681
350;-492204859;true;0.0038940070454448034;0;1;;"test0";16967;28517681
350;95004772;true;0.0038951459518587737;0;1;;"test0";19137;28517681
350;514335697;true;0.0038951459518587737;0;1;;"test0";19716;28517681
350;-1668443992;true;0.0038951459518587737;0;1;;"test0";16725;28517681
350;-814627808;true;0.003912416901442529;0;1;;"test0";15135;28517681
350;-1199374516;true;0.003912416901442529;0;1;;"test0";17531;28517681
350;-1268770275;true;0.003968893422265996;0;1;;"test0";17645;28517681
350;734191193;true;0.003968893422265996;0;1;;"test0";16145;28517681
350;749484030;true;0.003973847938529931;0;1;;"test0";18765;28517681
350;-2055111919;true;0.003981412244461138;0;1;;"test0";17926;28517681
350;-1311524745;true;0.003981412244461138;0;1;;"test0";16283;28517681
350;383046822;true;0.003981412244461138;0;1;;"test0";19711;28517681
350;383046822;true;0.003981412244461138;0;1;;"test0";17161;28517681
350;424921415;true;0.003982192958085199;0;1;;"test0";18654;28517681
350;-140881242;true;0.003982192958085199;0;1;;"test0";18600;28517681
350;-857449578;true;0.003985735888220684;0;1;;"test0";20524;28517681
350;-1264102366;true;0.003985735888220684;0;1;;"test0";21425;28517681
350;-36915780;true;0.003985735888220684;0;1;;"test0";18063;28517681
350;1065571331;true;0.003991350166770951;0;1;;"test0";21707;28517681
350;-526582104;true;0.003991350166770951;0;1;;"test0";19715;28517681
350;-1415593630;true;0.003999554756147558;0;1;;"test0";17586;28517681
350;174638628;true;0.00400334985946821;0;1;;"test0";20513;28517681
350;1545668276;true;0.00400334985946821;0;1;;"test0";19472;28517681
350;1152692339;true;0.00400334985946821;0;1;;"test0";3;28517681
350;1442010787;true;0.00400334985946821;0;1;;"test0";1;28517681
350;-34292137;true;0.00400334985946821;0;1;;"test0";19531;28517681
351;-1691814585;true;0.002002288329519451;0;1;;"test0";19980;28649356
351;-1572633887;true;0.002917620137299771;0;1;;"test0";20134;28649356
351;-1050610724;true;0.003003432494279176;0;1;;"test0";19938;28649356
351;-1300611492;true;0.003003432494279176;0;1;;"test0";17882;28649356
351;513203730;true;0.003051106025934401;0;1;;"test0";18925;28649356
351;152608081;true;0.003442222206620492;0;1;;"test0";17430;28649356
351;1499916813;true;0.003442222206620492;0;1;;"test0";16751;28649356
351;-2037545217;true;0.003574021754351471;0;1;;"test0";18268;28649356
351;-229636687;true;0.0035846268885099146;0;1;;"test0";15928;28649356
351;-809489878;true;0.0035854007793519123;0;1;;"test0";16486;28649356
351;-395356483;true;0.0035866790158134215;0;1;;"test0";15711;28649356
351;659124859;true;0.0035994427202612617;0;1;;"test0";19134;28649356
351;1032783990;true;0.0035994427202612617;0;1;;"test0";19183;28649356
351;-1774753602;true;0.0035994427202612617;0;1;;"test0";20255;28649356
351;-1082056465;true;0.003759705511813809;0;1;;"test0";21775;28649356
351;1502911309;true;0.003770701303967406;0;1;;"test0";21007;28649356
351;974928824;true;0.003796113882157877;0;1;;"test0";19349;28649356
351;-815039150;true;0.003796113882157877;0;1;;"test0";18632;28649356
351;697150238;true;0.003796113882157877;0;1;;"test0";15198;28649356
351;-1250352274;true;0.0038099270167691874;0;1;;"test0";18145;28649356
351;-1533332842;true;0.0038725099622675943;0;1;;"test0";20426;28649356
351;1476248377;true;0.003876096134523445;0;1;;"test0";16470;28649356
351;1244241675;true;0.003876096134523445;0;1;;"test0";20612;28649356
351;-1759977928;true;0.003876096134523445;0;1;;"test0";20546;28649356
351;1521793723;true;0.0038940070454448034;0;1;;"test0";13176;28649356
351;1026284161;true;0.0038940070454448034;0;1;;"test0";11852;28649356
351;-1430051728;true;0.0038951459518587737;0;1;;"test0";18536;28649356
351;1040439895;true;0.0038951459518587737;0;1;;"test0";18887;28649356
351;-973885251;true;0.0038951459518587737;0;1;;"test0";19780;28649356
351;514335697;true;0.0038951459518587737;0;1;;"test0";16447;28649356
351;1404776095;true;0.00389648841445811;0;1;;"test0";15510;28649356
351;-1133148153;true;0.003968893422265996;0;1;;"test0";21137;28649356
351;734191193;true;0.003968893422265996;0;1;;"test0";15818;28649356
351;-1858107099;true;0.003968893422265996;0;1;;"test0";21746;28649356
351;296374082;true;0.003973847938529931;0;1;;"test0";19045;28649356
351;442141760;true;0.003976110182310492;0;1;;"test0";21425;28649356
351;1824092301;true;0.003981412244461138;0;1;;"test0";20037;28649356
351;-1351052762;true;0.003981412244461138;0;1;;"test0";19951;28649356
351;-1769721574;true;0.003982192958085199;0;1;;"test0";12520;28649356
351;506113663;true;0.003987818543842497;0;1;;"test0";21368;28649356
351;824021075;true;0.003991350166770951;0;1;;"test0";19709;28649356
351;-984959248;true;0.003991350166770951;0;1;;"test0";13611;28649356
351;-1415593630;true;0.003999554756147558;0;1;;"test0";21132;28649356
351;-728676132;true;0.003999554756147558;0;1;;"test0";18467;28649356
351;-1415593630;true;0.003999554756147558;0;1;;"test0";18471;28649356
351;-1415593630;true;0.003999554756147558;0;1;;"test0";19906;28649356
351;1152692339;true;0.00400334985946821;0;1;;"test0";20867;28649356
351;1442010787;true;0.00400334985946821;0;1;;"test0";1;28649356
351;-34292137;true;0.00400334985946821;0;1;;"test0";1;28649356
351;1306460067;true;0.004004046605180653;0;1;;"test0";14831;28649356
352;515004183;true;0.002574370709382151;0;1;;"test0";21575;28764147
352;-1488429318;true;0.002864498202026806;0;1;;"test0";16554;28764147
352;2088116559;true;0.0029748283752860415;0;1;;"test0";17385;28764147
352;433505042;true;0.003003432494279176;0;1;;"test0";13661;28764147
352;-145925718;true;0.003003432494279176;0;1;;"test0";13512;28764147
352;2082790663;true;0.003051106025934401;0;1;;"test0";17241;28764147
352;513203730;true;0.003051106025934401;0;1;;"test0";16128;28764147
352;1306457055;true;0.003051106025934401;0;1;;"test0";17230;28764147
352;-419703837;true;0.003146453089244851;0;1;;"test0";16733;28764147
352;-1063786165;true;0.0035746736312816736;0;1;;"test0";21016;28764147
352;-229636687;true;0.0035846268885099146;0;1;;"test0";17364;28764147
352;806863691;true;0.0035866790158134215;0;1;;"test0";16957;28764147
352;-2143840807;true;0.0035866790158134215;0;1;;"test0";16761;28764147
352;209768261;true;0.003587801791058659;0;1;;"test0";11210;28764147
352;744824740;true;0.0036100939764585663;0;1;;"test0";18151;28764147
352;418774547;true;0.0037544001354229964;0;1;;"test0";20642;28764147
352;-1082056465;true;0.003759705511813809;0;1;;"test0";11433;28764147
352;1502911309;true;0.003770701303967406;0;1;;"test0";15485;28764147
352;-624253584;true;0.0037725026131179076;0;1;;"test0";12098;28764147
352;1398687912;true;0.00377531474575399;0;1;;"test0";15689;28764147
352;-1250352274;true;0.0038099270167691874;0;1;;"test0";17314;28764147
352;-1357859272;true;0.0038099270167691874;0;1;;"test0";17365;28764147
352;-1533332842;true;0.0038725099622675943;0;1;;"test0";20660;28764147
352;1827675119;true;0.003876245750000651;0;1;;"test0";21121;28764147
352;2112076867;true;0.0038940070454448034;0;1;;"test0";19812;28764147
352;-861734668;true;0.0038951459518587737;0;1;;"test0";16469;28764147
352;514335697;true;0.0038951459518587737;0;1;;"test0";14756;28764147
352;-973885251;true;0.0038951459518587737;0;1;;"test0";10506;28764147
352;-973885251;true;0.0038951459518587737;0;1;;"test0";21616;28764147
352;1404776095;true;0.00389648841445811;0;1;;"test0";21623;28764147
352;1553221849;true;0.00389648841445811;0;1;;"test0";20989;28764147
352;-1133148153;true;0.003968893422265996;0;1;;"test0";14557;28764147
352;867750481;true;0.003968893422265996;0;1;;"test0";21509;28764147
352;342008476;true;0.003968893422265996;0;1;;"test0";10553;28764147
352;-538097156;true;0.003973847938529931;0;1;;"test0";21516;28764147
352;-325888919;true;0.003973847938529931;0;1;;"test0";21551;28764147
352;-578478738;true;0.003976110182310492;0;1;;"test0";21501;28764147
352;-1400390722;true;0.003976110182310492;0;1;;"test0";19064;28764147
352;-434114541;true;0.003981412244461138;0;1;;"test0";14497;28764147
352;-1769721574;true;0.003982192958085199;0;1;;"test0";15008;28764147
352;244656123;true;0.003982192958085199;0;1;;"test0";14998;28764147
352;-305589993;true;0.003982192958085199;0;1;;"test0";14969;28764147
352;485226594;true;0.003982192958085199;0;1;;"test0";14975;28764147
352;-1769721574;true;0.003982192958085199;0;1;;"test0";17294;28764147
352;-1769721574;true;0.003982192958085199;0;1;;"test0";15510;28764147
352;-588443533;true;0.003982192958085199;0;1;;"test0";21528;28764147
352;-496924436;true;0.003987818543842497;0;1;;"test0";11633;28764147
352;-112331696;true;0.003987818543842497;0;1;;"test0";12523;28764147
352;-34292137;true;0.00400334985946821;0;1;;"test0";1;28764147
352;1306460067;true;0.004004046605180653;0;1;;"test0";6;28764147
353;2126017616;true;0.0028643572950366922;0;1;;"test0";19362;28881036
353;-1931952327;true;0.003003432494279176;0;1;;"test0";18735;28881036
353;-845410238;true;0.003051106025934401;0;1;;"test0";16241;28881036
353;513203730;true;0.003051106025934401;0;1;;"test0";20400;28881036
353;-165389452;true;0.003146453089244851;0;1;;"test0";20144;28881036
353;386448121;true;0.0035846268885099146;0;1;;"test0";19369;28881036
353;-164852518;true;0.0035846268885099146;0;1;;"test0";16649;28881036
353;-1381757003;true;0.0035994427202612617;0;1;;"test0";20910;28881036
353;1600713702;true;0.0036100939764585663;0;1;;"test0";19317;28881036
353;-65644181;true;0.0036232473735177155;0;1;;"test0";14934;28881036
353;-158550514;true;0.0036411778384075133;0;1;;"test0";19353;28881036
353;1803974710;true;0.0037544001354229964;0;1;;"test0";19143;28881036
353;418774547;true;0.0037544001354229964;0;1;;"test0";19558;28881036
353;-118741701;true;0.0037544001354229964;0;1;;"test0";19355;28881036
353;-2071016781;true;0.0037725026131179076;0;1;;"test0";17267;28881036
353;-372184592;true;0.0037725026131179076;0;1;;"test0";21195;28881036
353;-1352389273;true;0.003796113882157877;0;1;;"test0";15685;28881036
353;-1250352274;true;0.0038099270167691874;0;1;;"test0";12963;28881036
353;-1526361405;true;0.0038099270167691874;0;1;;"test0";11812;28881036
353;-1586252695;true;0.0038725099622675943;0;1;;"test0";14036;28881036
353;922055608;true;0.0038725099622675943;0;1;;"test0";16074;28881036
353;1388715746;true;0.0038940070454448034;0;1;;"test0";17419;28881036
353;176621098;true;0.0038940070454448034;0;1;;"test0";11598;28881036
353;2112076867;true;0.0038940070454448034;0;1;;"test0";21830;28881036
353;1731426444;true;0.0038940070454448034;0;1;;"test0";19063;28881036
353;2112076867;true;0.0038940070454448034;0;1;;"test0";10037;28881036
353;-1403798078;true;0.0038951459518587737;0;1;;"test0";17873;28881036
353;-973885251;true;0.0038951459518587737;0;1;;"test0";17865;28881036
353;-247305935;true;0.00389648841445811;0;1;;"test0";21580;28881036
353;-303944459;true;0.00389648841445811;0;1;;"test0";21822;28881036
353;-844563915;true;0.003968893422265996;0;1;;"test0";23634;28881036
353;1846236303;true;0.003968893422265996;0;1;;"test0";15672;28881036
353;-325888919;true;0.003973847938529931;0;1;;"test0";14285;28881036
353;-325888919;true;0.003973847938529931;0;1;;"test0";20462;28881036
353;-982925567;true;0.003973847938529931;0;1;;"test0";17654;28881036
353;1572410322;true;0.003982192958085199;0;1;;"test0";21468;28881036
353;-1317514190;true;0.003988394510529679;0;1;;"test0";21149;28881036
353;-398387675;true;0.003988394510529679;0;1;;"test0";19175;28881036
353;776586800;true;0.003997882765149081;0;1;;"test0";17358;28881036
353;-1238490331;true;0.003999554756147558;0;1;;"test0";21963;28881036
353;-34292137;true;0.00400334985946821;0;1;;"test0";21721;28881036
353;-34292137;true;0.00400334985946821;0;1;;"test0";22647;28881036
353;-857744755;true;0.00400334985946821;0;1;;"test0";16666;28881036
353;-2023845895;true;0.00400334985946821;0;1;;"test0";16606;28881036
353;-465080795;true;0.004004046605180653;0;1;;"test0";21233;28881036
353;-1919792507;true;0.004004046605180653;0;1;;"test0";15142;28881036
353;1306460067;true;0.004004046605180653;0;1;;"test0";17639;28881036
353;1306460067;true;0.004004046605180653;0;1;;"test0";14726;28881036
354;-528387657;true;0.003051106025934401;0;1;;"test0";17035;28997921
354;1948876273;true;0.003577573650027791;0;1;;"test0";20945;28997921
354;-1381757003;true;0.0035994427202612617;0;1;;"test0";21024;28997921
354;1575717744;true;0.0035994427202612617;0;1;;"test0";16374;28997921
354;616103643;true;0.0035994427202612617;0;1;;"test0";16423;28997921
354;1600713702;true;0.0036100939764585663;0;1;;"test0";18637;28997921
354;1046720127;true;0.0036100939764585663;0;1;;"test0";18205;28997921
354;-2016494453;true;0.0036232473735177155;0;1;;"test0";20367;28997921
354;1833920515;true;0.0038099270167691874;0;1;;"test0";13183;28997921
354;-1329774481;true;0.0038725099622675943;0;1;;"test0";20595;28997921
354;1319448627;true;0.0038725099622675943;0;1;;"test0";19212;28997921
354;-1586252695;true;0.0038725099622675943;0;1;;"test0";19119;28997921
354;-1586252695;true;0.0038725099622675943;0;1;;"test0";15680;28997921
354;1901291766;true;0.0038725099622675943;0;1;;"test0";16106;28997921
354;2064076161;true;0.0038725099622675943;0;1;;"test0";16196;28997921
354;929155377;true;0.0038940070454448034;0;1;;"test0";21622;28997921
354;2112076867;true;0.0038940070454448034;0;1;;"test0";19916;28997921
354;836113916;true;0.0038940070454448034;0;1;;"test0";14599;28997921
354;-1609034715;true;0.0038940070454448034;0;1;;"test0";14227;28997921
354;-582572936;true;0.0038940070454448034;0;1;;"test0";20448;28997921
354;1168003701;true;0.0038940070454448034;0;1;;"test0";17001;28997921
354;-1030378431;true;0.0038951459518587737;0;1;;"test0";18699;28997921
354;-436004810;true;0.00389648841445811;0;1;;"test0";18483;28997921
354;-247305935;true;0.00389648841445811;0;1;;"test0";20797;28997921
354;739330630;true;0.00389648841445811;0;1;;"test0";17788;28997921
354;-247305935;true;0.00389648841445811;0;1;;"test0";21860;28997921
354;1956648031;true;0.00389648841445811;0;1;;"test0";15808;28997921
354;-2097036242;true;0.00389648841445811;0;1;;"test0";18357;28997921
354;2111385631;true;0.003968893422265996;0;1;;"test0";14637;28997921
354;-861981042;true;0.003973847938529931;0;1;;"test0";17160;28997921
354;32599166;true;0.003988394510529679;0;1;;"test0";16367;28997921
354;-1319594463;true;0.003988394510529679;0;1;;"test0";12562;28997921
354;-398387675;true;0.003988394510529679;0;1;;"test0";21326;28997921
354;-1283675598;true;0.003988394510529679;0;1;;"test0";19820;28997921
354;-1199246692;true;0.003997882765149081;0;1;;"test0";22434;28997921
354;776586800;true;0.003997882765149081;0;1;;"test0";22440;28997921
354;-118992000;true;0.003999554756147558;0;1;;"test0";19059;28997921
354;946955478;true;0.003999554756147558;0;1;;"test0";20075;28997921
354;1524173712;true;0.00400334985946821;0;1;;"test0";21327;28997921
354;-150122394;true;0.00400334985946821;0;1;;"test0";13232;28997921
354;-34292137;true;0.00400334985946821;0;1;;"test0";12760;28997921
354;-1515808366;true;0.00400334985946821;0;1;;"test0";17078;28997921
354;-1691709427;true;0.00400334985946821;0;1;;"test0";21289;28997921
354;261828259;true;0.00400334985946821;0;1;;"test0";19310;28997921
354;-2075440281;true;0.00400334985946821;0;1;;"test0";19215;28997921
354;1996899651;true;0.004004046605180653;0;1;;"test0";21881;28997921
354;-1502518577;true;0.004004046605180653;0;1;;"test0";20607;28997921
354;1306460067;true;0.004004046605180653;0;1;;"test0";19246;28997921
355;-398387675;false;-1;0;1;;"test0";NaN;29124403
355;743145395;true;0.002917620137299771;0;1;;"test0";17134;29124403
355;929425049;true;0.003003432494279176;0;1;;"test0";12139;29124403
355;721667916;true;0.003003432494279176;0;1;;"test0";15579;29124403
355;1992672589;true;0.003051106025934401;0;1;;"test0";16860;29124403
355;188760681;true;0.0034680025127536425;0;1;;"test0";18141;29124403
355;186220694;true;0.003508612385444589;0;1;;"test0";17894;29124403
355;173846740;true;0.0035617287559843885;0;1;;"test0";17475;29124403
355;-154431637;true;0.0035744815684907367;0;1;;"test0";16744;29124403
355;805658310;true;0.0035744815684907367;0;1;;"test0";16283;29124403
355;1016681588;true;0.003575939452459612;0;1;;"test0";17032;29124403
355;-795324047;true;0.003585123744579444;0;1;;"test0";19244;29124403
355;1733736177;true;0.0035871170261953297;0;1;;"test0";17749;29124403
355;922880416;true;0.0035994427202612617;0;1;;"test0";14971;29124403
355;1046720127;true;0.0036100939764585663;0;1;;"test0";15499;29124403
355;-1670333064;true;0.0036232473735177155;0;1;;"test0";16928;29124403
355;-111272941;true;0.0036232473735177155;0;1;;"test0";17510;29124403
355;2003859544;true;0.00362751285593798;0;1;;"test0";13571;29124403
355;36481222;true;0.003796113882157877;0;1;;"test0";15748;29124403
355;1833920515;true;0.0038099270167691874;0;1;;"test0";15986;29124403
355;-868332340;true;0.0038670574494710473;0;1;;"test0";19518;29124403
355;1139037677;true;0.0038670574494710473;0;1;;"test0";17157;29124403
355;-1586252695;true;0.0038725099622675943;0;1;;"test0";13268;29124403
355;478091105;true;0.0038725099622675943;0;1;;"test0";16969;29124403
355;1168003701;true;0.0038940070454448034;0;1;;"test0";16503;29124403
355;591688831;true;0.0039009572955101147;0;1;;"test0";12238;29124403
355;2111385631;true;0.003968893422265996;0;1;;"test0";18187;29124403
355;1679191204;true;0.003968893422265996;0;1;;"test0";18112;29124403
355;1139865262;true;0.003968893422265996;0;1;;"test0";15732;29124403
355;2111385631;true;0.003968893422265996;0;1;;"test0";16074;29124403
355;-1591114697;true;0.003973847938529931;0;1;;"test0";17264;29124403
355;900326670;true;0.003973847938529931;0;1;;"test0";17107;29124403
355;1910003715;true;0.003973847938529931;0;1;;"test0";16690;29124403
355;226418093;true;0.003985735888220684;0;1;;"test0";16510;29124403
355;-413805061;true;0.003985735888220684;0;1;;"test0";15640;29124403
355;-398387675;true;0.003988394510529679;0;1;;"test0";19519;29124403
355;1841636910;true;0.003988394510529679;0;1;;"test0";15147;29124403
355;1445112802;true;0.003988394510529679;0;1;;"test0";18961;29124403
355;1713247748;true;0.003997882765149081;0;1;;"test0";16315;29124403
355;776586800;true;0.003997882765149081;0;1;;"test0";16613;29124403
355;946955478;true;0.003999554756147558;0;1;;"test0";20549;29124403
355;-747858483;true;0.003999554756147558;0;1;;"test0";20525;29124403
355;1042396932;true;0.003999554756147558;0;1;;"test0";16992;29124403
355;-118992000;true;0.003999554756147558;0;1;;"test0";15325;29124403
355;-49897139;true;0.003999554756147558;0;1;;"test0";20552;29124403
355;-1502518577;true;0.004004046605180653;0;1;;"test0";1;29124403
355;-1064624023;true;0.004004046605180653;0;1;;"test0";18066;29124403
355;1306460067;true;0.004004046605180653;0;1;;"test0";15847;29124403
355;1996899651;true;0.004004046605180653;0;1;;"test0";19588;29124403
356;-353658038;true;0.002917620137299771;0;1;;"test0";17472;29248503
356;-1811938616;true;0.002917620137299771;0;1;;"test0";17419;29248503
356;-2022717880;true;0.003003432494279176;0;1;;"test0";19933;29248503
356;-225885477;true;0.003146453089244851;0;1;;"test0";21722;29248503
356;1016681588;true;0.003575939452459612;0;1;;"test0";11620;29248503
356;-1888632819;true;0.003575939452459612;0;1;;"test0";22329;29248503
356;1016681588;true;0.003575939452459612;0;1;;"test0";13466;29248503
356;1016681588;true;0.003575939452459612;0;1;;"test0";12631;29248503
356;1016681588;true;0.003575939452459612;0;1;;"test0";10924;29248503
356;1220566040;true;0.003575939452459612;0;1;;"test0";17340;29248503
356;1933694601;true;0.0035846268885099146;0;1;;"test0";15078;29248503
356;-618842714;true;0.0035871170261953297;0;1;;"test0";19077;29248503
356;1733736177;true;0.0035871170261953297;0;1;;"test0";22057;29248503
356;-997290401;true;0.0035871170261953297;0;1;;"test0";17579;29248503
356;609822364;true;0.0035994427202612617;0;1;;"test0";14146;29248503
356;215497872;true;0.0035994427202612617;0;1;;"test0";17921;29248503
356;922880416;true;0.0035994427202612617;0;1;;"test0";18490;29248503
356;1901964454;true;0.003609568422335126;0;1;;"test0";18523;29248503
356;1819285958;true;0.0036100939764585663;0;1;;"test0";19378;29248503
356;1123530657;true;0.0036232473735177155;0;1;;"test0";16740;29248503
356;-1577339930;true;0.0036682391831417247;0;1;;"test0";20472;29248503
356;-1876639440;true;0.003796113882157877;0;1;;"test0";20262;29248503
356;1151070090;true;0.003796113882157877;0;1;;"test0";21310;29248503
356;1833920515;true;0.0038099270167691874;0;1;;"test0";19157;29248503
356;1833920515;true;0.0038099270167691874;0;1;;"test0";15976;29248503
356;193300491;true;0.003817980382559321;0;1;;"test0";20330;29248503
356;-868332340;true;0.0038670574494710473;0;1;;"test0";23107;29248503
356;-868332340;true;0.0038670574494710473;0;1;;"test0";19460;29248503
356;59029984;true;0.0038725099622675943;0;1;;"test0";20720;29248503
356;-1586252695;true;0.0038725099622675943;0;1;;"test0";20153;29248503
356;117666609;true;0.0038940070454448034;0;1;;"test0";20309;29248503
356;-44255116;true;0.0038940070454448034;0;1;;"test0";16905;29248503
356;591688831;true;0.0039009572955101147;0;1;;"test0";12929;29248503
356;-1114540532;true;0.0039009572955101147;0;1;;"test0";14379;29248503
356;591688831;true;0.0039009572955101147;0;1;;"test0";18465;29248503
356;-1058469789;true;0.0039009572955101147;0;1;;"test0";20707;29248503
356;591688831;true;0.0039009572955101147;0;1;;"test0";20081;29248503
356;591688831;true;0.0039009572955101147;0;1;;"test0";22558;29248503
356;1979245034;true;0.0039009572955101147;0;1;;"test0";19144;29248503
356;37997934;true;0.0039009572955101147;0;1;;"test0";15938;29248503
356;1130667902;true;0.003928281255038479;0;1;;"test0";18097;29248503
356;1679191204;true;0.003968893422265996;0;1;;"test0";20835;29248503
356;1679191204;true;0.003968893422265996;0;1;;"test0";20345;29248503
356;-1742071991;true;0.003968893422265996;0;1;;"test0";18626;29248503
356;-276762725;true;0.003968893422265996;0;1;;"test0";17719;29248503
356;1870153275;true;0.003982192958085199;0;1;;"test0";18432;29248503
356;533382302;true;0.003988394510529679;0;1;;"test0";17825;29248503
356;1713247748;true;0.003997882765149081;0;1;;"test0";21333;29248503
356;1306460067;true;0.004004046605180653;0;1;;"test0";0;29248503
356;1996899651;true;0.004004046605180653;0;1;;"test0";1;29248503
357;-974953134;true;0.002574370709382151;0;1;;"test0";13863;29370785
357;-135907238;true;0.002898550724637681;0;1;;"test0";20721;29370785
357;-61195811;true;0.003003432494279176;0;1;;"test0";21534;29370785
357;1265050656;true;0.003446841603318213;0;1;;"test0";18455;29370785
357;-1083021426;true;0.003584885267336272;0;1;;"test0";14663;29370785
357;350251154;true;0.0035994427202612617;0;1;;"test0";13714;29370785
357;1123530657;true;0.0036232473735177155;0;1;;"test0";20442;29370785
357;-860565311;true;0.0036232473735177155;0;1;;"test0";15170;29370785
357;1151070090;true;0.003796113882157877;0;1;;"test0";18432;29370785
357;1936026478;true;0.003796113882157877;0;1;;"test0";13625;29370785
357;891913381;true;0.003796113882157877;0;1;;"test0";17117;29370785
357;-1418324392;true;0.003796113882157877;0;1;;"test0";23959;29370785
357;-676237744;true;0.0038099270167691874;0;1;;"test0";15944;29370785
357;193300491;true;0.003817980382559321;0;1;;"test0";20279;29370785
357;-1716530262;true;0.003817980382559321;0;1;;"test0";20137;29370785
357;-1267592358;true;0.003817980382559321;0;1;;"test0";17278;29370785
357;-868332340;true;0.0038670574494710473;0;1;;"test0";20446;29370785
357;-252649685;true;0.0038670574494710473;0;1;;"test0";20204;29370785
357;1362596366;true;0.0038725099622675943;0;1;;"test0";21953;29370785
357;59029984;true;0.0038725099622675943;0;1;;"test0";23672;29370785
357;-1933197049;true;0.0038725099622675943;0;1;;"test0";20278;29370785
357;-821878179;true;0.0038725099622675943;0;1;;"test0";17429;29370785
357;312464153;true;0.0038916454000423113;0;1;;"test0";19439;29370785
357;-1737575747;true;0.0038940070454448034;0;1;;"test0";21534;29370785
357;-651385149;true;0.0038940070454448034;0;1;;"test0";21535;29370785
357;-44255116;true;0.0038940070454448034;0;1;;"test0";18489;29370785
357;1499805075;true;0.0038940070454448034;0;1;;"test0";21554;29370785
357;-564140814;true;0.0038940070454448034;0;1;;"test0";19260;29370785
357;714979060;true;0.0039009572955101147;0;1;;"test0";16405;29370785
357;594378028;true;0.0039009572955101147;0;1;;"test0";14117;29370785
357;-107796022;true;0.0039009572955101147;0;1;;"test0";18388;29370785
357;1979245034;true;0.0039009572955101147;0;1;;"test0";17893;29370785
357;117366529;true;0.0039009572955101147;0;1;;"test0";17413;29370785
357;1979245034;true;0.0039009572955101147;0;1;;"test0";15761;29370785
357;75517020;true;0.0039009572955101147;0;1;;"test0";16406;29370785
357;-1114540532;true;0.0039009572955101147;0;1;;"test0";18943;29370785
357;1979245034;true;0.0039009572955101147;0;1;;"test0";19673;29370785
357;1130667902;true;0.003928281255038479;0;1;;"test0";20165;29370785
357;1637430162;true;0.003928281255038479;0;1;;"test0";20316;29370785
357;1130667902;true;0.003928281255038479;0;1;;"test0";19287;29370785
357;-734242520;true;0.003931857926276448;0;1;;"test0";19296;29370785
357;2030439317;true;0.003968893422265996;0;1;;"test0";18533;29370785
357;1679191204;true;0.003968893422265996;0;1;;"test0";19451;29370785
357;533382302;true;0.003988394510529679;0;1;;"test0";22240;29370785
357;-734455450;true;0.003988394510529679;0;1;;"test0";17957;29370785
357;2064044946;true;0.003997882765149081;0;1;;"test0";18451;29370785
357;1713247748;true;0.003997882765149081;0;1;;"test0";19634;29370785
357;1996899651;true;0.004004046605180653;0;1;;"test0";2;29370785
357;1475998815;true;0.004004046605180653;0;1;;"test0";21369;29370785
357;1306460067;true;0.004004046605180653;0;1;;"test0";2;29370785
358;-136846309;true;0.0028643572950366922;0;1;;"test0";20387;29488019
358;1027162112;true;0.003003432494279176;0;1;;"test0";23450;29488019
358;2137494949;true;0.003003432494279176;0;1;;"test0";17485;29488019
358;-2048866920;true;0.003003432494279176;0;1;;"test0";17689;29488019
358;1265050656;true;0.003446841603318213;0;1;;"test0";22456;29488019
358;820551221;true;0.0035617287559843885;0;1;;"test0";15943;29488019
358;1252568060;true;0.0035994427202612617;0;1;;"test0";18055;29488019
358;1151070090;true;0.003796113882157877;0;1;;"test0";15688;29488019
358;-1843372013;true;0.003796113882157877;0;1;;"test0";16482;29488019
358;1936026478;true;0.003796113882157877;0;1;;"test0";21291;29488019
358;1899282960;true;0.003796113882157877;0;1;;"test0";20317;29488019
358;-986857924;true;0.003796113882157877;0;1;;"test0";19160;29488019
358;-281704814;true;0.003796113882157877;0;1;;"test0";18378;29488019
358;2078136550;true;0.003817980382559321;0;1;;"test0";19773;29488019
358;-1184606766;true;0.003817980382559321;0;1;;"test0";19779;29488019
358;-756626070;true;0.0038670574494710473;0;1;;"test0";20074;29488019
358;-252649685;true;0.0038670574494710473;0;1;;"test0";20581;29488019
358;146621814;true;0.003876096134523445;0;1;;"test0";19201;29488019
358;525263478;true;0.0038916454000423113;0;1;;"test0";14686;29488019
358;-1633326467;true;0.0038916454000423113;0;1;;"test0";12633;29488019
358;248546590;true;0.0038916454000423113;0;1;;"test0";19923;29488019
358;312464153;true;0.0038916454000423113;0;1;;"test0";11179;29488019
358;1499805075;true;0.0038940070454448034;0;1;;"test0";22581;29488019
358;107663150;true;0.0038940070454448034;0;1;;"test0";13316;29488019
358;-44255116;true;0.0038940070454448034;0;1;;"test0";13257;29488019
358;6663534;true;0.0038940070454448034;0;1;;"test0";16129;29488019
358;1979245034;true;0.0039009572955101147;0;1;;"test0";17428;29488019
358;-980253515;true;0.0039009572955101147;0;1;;"test0";15452;29488019
358;1130667902;true;0.003928281255038479;0;1;;"test0";14533;29488019
358;-81114630;true;0.003931857926276448;0;1;;"test0";14087;29488019
358;1305096516;true;0.003931857926276448;0;1;;"test0";23477;29488019
358;1022644330;true;0.003931857926276448;0;1;;"test0";18398;29488019
358;-734242520;true;0.003931857926276448;0;1;;"test0";15440;29488019
358;384832573;true;0.003951366715385217;0;1;;"test0";17127;29488019
358;1679191204;true;0.003968893422265996;0;1;;"test0";17613;29488019
358;-1911479026;true;0.003968893422265996;0;1;;"test0";17380;29488019
358;-1131564599;true;0.003968893422265996;0;1;;"test0";17229;29488019
358;-1702006771;true;0.003968893422265996;0;1;;"test0";19204;29488019
358;1975542820;true;0.003997882765149081;0;1;;"test0";12751;29488019
358;1138986367;true;0.003997882765149081;0;1;;"test0";20449;29488019
358;98272525;true;0.003997882765149081;0;1;;"test0";18191;29488019
358;-1282803810;true;0.003997882765149081;0;1;;"test0";15057;29488019
358;1529600014;true;0.003997882765149081;0;1;;"test0";20399;29488019
358;401868350;true;0.004004046605180653;0;1;;"test0";18179;29488019
358;1475998815;true;0.004004046605180653;0;1;;"test0";9;29488019
358;-2007332723;true;0.004004046605180653;0;1;;"test0";17830;29488019
358;1306460067;true;0.004004046605180653;0;1;;"test0";1;29488019
358;-171378363;true;0.004004046605180653;0;1;;"test0";19187;29488019
358;-1219786368;true;0.004004046605180653;0;1;;"test0";22592;29488019
358;-1336866516;true;0.004004046605180653;0;1;;"test0";16534;29488019
359;-138102617;true;0.002917620137299771;0;1;;"test0";21798;29616702
359;-530569056;true;0.002942137953579601;0;1;;"test0";22684;29616702
359;-508501571;true;0.003003432494279176;0;1;;"test0";22007;29616702
359;719240386;true;0.003051106025934401;0;1;;"test0";19229;29616702
359;-1443007590;true;0.003446841603318213;0;1;;"test0";21336;29616702
359;1265050656;true;0.003446841603318213;0;1;;"test0";18837;29616702
359;917296537;true;0.0034601447868320393;0;1;;"test0";22021;29616702
359;1409484088;true;0.003557586116000347;0;1;;"test0";16462;29616702
359;514280371;true;0.0035617287559843885;0;1;;"test0";22246;29616702
359;820551221;true;0.0035617287559843885;0;1;;"test0";16995;29616702
359;-2118464210;true;0.003587801791058659;0;1;;"test0";19376;29616702
359;-287602922;true;0.0035994427202612617;0;1;;"test0";18748;29616702
359;-1588172409;true;0.0035994427202612617;0;1;;"test0";21581;29616702
359;70481056;true;0.0035994427202612617;0;1;;"test0";16421;29616702
359;774374958;true;0.0036168853545111876;0;1;;"test0";17026;29616702
359;-214739327;true;0.003796113882157877;0;1;;"test0";9731;29616702
359;1151070090;true;0.003796113882157877;0;1;;"test0";17059;29616702
359;-1823108416;true;0.003796113882157877;0;1;;"test0";17132;29616702
359;-536008012;true;0.003822835179776776;0;1;;"test0";15726;29616702
359;-252649685;true;0.0038670574494710473;0;1;;"test0";19333;29616702
359;-756626070;true;0.0038670574494710473;0;1;;"test0";17290;29616702
359;-2112554395;true;0.003876096134523445;0;1;;"test0";18191;29616702
359;146621814;true;0.003876096134523445;0;1;;"test0";21125;29616702
359;-1401842861;true;0.003876096134523445;0;1;;"test0";22408;29616702
359;-2063217431;true;0.003876096134523445;0;1;;"test0";19224;29616702
359;1499805075;true;0.0038940070454448034;0;1;;"test0";22229;29616702
359;-136802318;true;0.0038940070454448034;0;1;;"test0";21992;29616702
359;-1141986770;true;0.003928281255038479;0;1;;"test0";16200;29616702
359;-1862492323;true;0.003928281255038479;0;1;;"test0";23109;29616702
359;1130667902;true;0.003928281255038479;0;1;;"test0";14577;29616702
359;-1122521818;true;0.003951366715385217;0;1;;"test0";18072;29616702
359;1113652662;true;0.003964743622023465;0;1;;"test0";17601;29616702
359;690013789;true;0.003968893422265996;0;1;;"test0";22421;29616702
359;1679191204;true;0.003968893422265996;0;1;;"test0";18571;29616702
359;1757257693;true;0.003972379091502891;0;1;;"test0";10412;29616702
359;-73178989;true;0.003972379091502891;0;1;;"test0";16440;29616702
359;-1992164673;true;0.003997882765149081;0;1;;"test0";22938;29616702
359;-98256855;true;0.004004046605180653;0;1;;"test0";17321;29616702
359;-1575601594;true;0.004004046605180653;0;1;;"test0";18683;29616702
359;-1400558769;true;0.004004046605180653;0;1;;"test0";19659;29616702
359;-1219786368;true;0.004004046605180653;0;1;;"test0";1;29616702
359;-2007332723;true;0.004004046605180653;0;1;;"test0";21576;29616702
359;-1332692928;true;0.004004046605180653;0;1;;"test0";22918;29616702
359;1727967843;true;0.004004046605180653;0;1;;"test0";14498;29616702
359;-330926834;true;0.004004046605180653;0;1;;"test0";18511;29616702
359;-1601777530;true;0.004004046605180653;0;1;;"test0";18651;29616702
359;-66084335;true;0.004004046605180653;0;1;;"test0";22976;29616702
359;-1495484993;true;0.004004046605180653;0;1;;"test0";17168;29616702
359;-1336866516;true;0.004004046605180653;0;1;;"test0";22466;29616702
360;-943534096;true;0.0028643572950366922;0;1;;"test0";19701;29740811
360;-2028332420;true;0.002942137953579601;0;1;;"test0";20449;29740811
360;531729441;true;0.003003432494279176;0;1;;"test0";18674;29740811
360;1194275217;true;0.003003432494279176;0;1;;"test0";21808;29740811
360;341627251;true;0.003003432494279176;0;1;;"test0";21836;29740811
360;-1965269162;true;0.003003432494279176;0;1;;"test0";19805;29740811
360;-690541603;true;0.003442222206620492;0;1;;"test0";18831;29740811
360;1673936544;true;0.003446841603318213;0;1;;"test0";20833;29740811
360;-1443007590;true;0.003446841603318213;0;1;;"test0";20587;29740811
360;834301445;true;0.003557586116000347;0;1;;"test0";20841;29740811
360;553334391;true;0.0035617287559843885;0;1;;"test0";18831;29740811
360;1241057471;true;0.0035866790158134215;0;1;;"test0";16993;29740811
360;538532281;true;0.003587801791058659;0;1;;"test0";20681;29740811
360;-2001114246;true;0.003587801791058659;0;1;;"test0";19790;29740811
360;-1532297213;true;0.003587801791058659;0;1;;"test0";19758;29740811
360;-1522540481;true;0.0035994427202612617;0;1;;"test0";18815;29740811
360;-72416819;true;0.0035994427202612617;0;1;;"test0";14939;29740811
360;-1128142647;true;0.0035994427202612617;0;1;;"test0";11269;29740811
360;-1588172409;true;0.0035994427202612617;0;1;;"test0";14313;29740811
360;1394010291;true;0.0035994427202612617;0;1;;"test0";21810;29740811
360;962864074;true;0.0038222794307045454;0;1;;"test0";15392;29740811
360;665497363;true;0.003822835179776776;0;1;;"test0";20260;29740811
360;-879306436;true;0.003822835179776776;0;1;;"test0";17938;29740811
360;-268520106;true;0.0038670574494710473;0;1;;"test0";19816;29740811
360;-729981373;true;0.0038670574494710473;0;1;;"test0";17946;29740811
360;-1756103003;true;0.003876096134523445;0;1;;"test0";16397;29740811
360;-2112554395;true;0.003876096134523445;0;1;;"test0";16807;29740811
360;318010041;true;0.003876096134523445;0;1;;"test0";16590;29740811
360;146621814;true;0.003876096134523445;0;1;;"test0";20044;29740811
360;1263088176;true;0.0038780211351182588;0;1;;"test0";20094;29740811
360;-1141986770;true;0.003928281255038479;0;1;;"test0";20418;29740811
360;-245145705;true;0.003928281255038479;0;1;;"test0";14987;29740811
360;-1258768483;true;0.003928281255038479;0;1;;"test0";18714;29740811
360;422824180;true;0.003928281255038479;0;1;;"test0";18753;29740811
360;975723441;true;0.003951366715385217;0;1;;"test0";14762;29740811
360;1113652662;true;0.003964743622023465;0;1;;"test0";19533;29740811
360;1113652662;true;0.003964743622023465;0;1;;"test0";21165;29740811
360;-764101510;true;0.003971264222600891;0;1;;"test0";19960;29740811
360;-1415644905;true;0.003972379091502891;0;1;;"test0";19795;29740811
360;1757257693;true;0.003972379091502891;0;1;;"test0";18041;29740811
360;1757257693;true;0.003972379091502891;0;1;;"test0";19778;29740811
360;-2114763085;true;0.003972379091502891;0;1;;"test0";18182;29740811
360;317314458;true;0.0039875200996365;0;1;;"test0";14544;29740811
360;-1992164673;true;0.003997882765149081;0;1;;"test0";16609;29740811
360;1605219093;true;0.003997882765149081;0;1;;"test0";20008;29740811
360;1009190472;true;0.003997882765149081;0;1;;"test0";18112;29740811
360;-1495484993;true;0.004004046605180653;0;1;;"test0";19289;29740811
360;-1336866516;true;0.004004046605180653;0;1;;"test0";1;29740811
360;-134901061;true;0.004004046605180653;0;1;;"test0";19611;29740811
361;-1549495565;true;0.002917620137299771;0;1;;"test0";18008;29854619
361;-102202436;true;0.003003432494279176;0;1;;"test0";21435;29854619
361;701871680;true;0.003003432494279176;0;1;;"test0";18125;29854619
361;-419268017;true;0.003442222206620492;0;1;;"test0";15866;29854619
361;1673936544;true;0.003446841603318213;0;1;;"test0";15806;29854619
361;-2076918912;true;0.003446841603318213;0;1;;"test0";21341;29854619
361;-1378175013;true;0.00344693226495443;0;1;;"test0";18595;29854619
361;-1579039267;true;0.0035617287559843885;0;1;;"test0";13265;29854619
361;-2141143627;true;0.0035782417753049416;0;1;;"test0";20768;29854619
361;117042320;true;0.003595169826669574;0;1;;"test0";19866;29854619
361;103134668;true;0.0035994427202612617;0;1;;"test0";17884;29854619
361;-326956005;true;0.0035994427202612617;0;1;;"test0";16873;29854619
361;1726876105;true;0.0035994427202612617;0;1;;"test0";19329;29854619
361;1599920382;true;0.0035994427202612617;0;1;;"test0";20922;29854619
361;-65987986;true;0.003818178509819978;0;1;;"test0";20743;29854619
361;-206747726;true;0.0038222794307045454;0;1;;"test0";13623;29854619
361;-45097827;true;0.0038222794307045454;0;1;;"test0";12763;29854619
361;443550586;true;0.003876096134523445;0;1;;"test0";13409;29854619
361;146621814;true;0.003876096134523445;0;1;;"test0";17459;29854619
361;1263088176;true;0.0038780211351182588;0;1;;"test0";17460;29854619
361;-1155343736;true;0.0038870282335081445;0;1;;"test0";11496;29854619
361;1919785054;true;0.0038916454000423113;0;1;;"test0";20936;29854619
361;1989907853;true;0.0038940070454448034;0;1;;"test0";15856;29854619
361;-1849603291;true;0.003928281255038479;0;1;;"test0";21490;29854619
361;185363153;true;0.003928281255038479;0;1;;"test0";20174;29854619
361;-1141986770;true;0.003928281255038479;0;1;;"test0";17022;29854619
361;2001269085;true;0.003951366715385217;0;1;;"test0";15761;29854619
361;975723441;true;0.003951366715385217;0;1;;"test0";21404;29854619
361;975723441;true;0.003951366715385217;0;1;;"test0";16489;29854619
361;975723441;true;0.003951366715385217;0;1;;"test0";19046;29854619
361;879500909;true;0.003951366715385217;0;1;;"test0";14963;29854619
361;1449593610;true;0.003957481239757364;0;1;;"test0";15769;29854619
361;267612311;true;0.003964743622023465;0;1;;"test0";21630;29854619
361;1113652662;true;0.003964743622023465;0;1;;"test0";14535;29854619
361;1113652662;true;0.003964743622023465;0;1;;"test0";20754;29854619
361;-1036043671;true;0.003969582139021273;0;1;;"test0";16248;29854619
361;-1793253723;true;0.003971264222600891;0;1;;"test0";18447;29854619
361;-764101510;true;0.003971264222600891;0;1;;"test0";14691;29854619
361;-1415644905;true;0.003972379091502891;0;1;;"test0";13608;29854619
361;1456696946;true;0.003972379091502891;0;1;;"test0";21139;29854619
361;502666329;true;0.003997882765149081;0;1;;"test0";15694;29854619
361;-633030176;true;0.003997882765149081;0;1;;"test0";20705;29854619
361;-1380593898;true;0.003997882765149081;0;1;;"test0";17433;29854619
361;-1152489479;true;0.003997882765149081;0;1;;"test0";16716;29854619
361;-380141681;true;0.003997882765149081;0;1;;"test0";17406;29854619
361;1009190472;true;0.003997882765149081;0;1;;"test0";16667;29854619
361;-1495484993;true;0.004004046605180653;0;1;;"test0";16374;29854619
361;-134901061;true;0.004004046605180653;0;1;;"test0";2;29854619
361;-1495484993;true;0.004004046605180653;0;1;;"test0";15400;29854619
361;-1336866516;true;0.004004046605180653;0;1;;"test0";3;29854619
362;1205698980;true;0.002574370709382151;0;1;;"test0";19244;29979114
362;-1216501847;true;0.0028643572950366922;0;1;;"test0";15348;29979114
362;1800040394;true;0.00343831936083927;0;1;;"test0";22388;29979114
362;827701109;true;0.003442222206620492;0;1;;"test0";23021;29979114
362;1299776890;true;0.003442222206620492;0;1;;"test0";21035;29979114
362;1507754284;true;0.003443259467876058;0;1;;"test0";22406;29979114
362;-506646550;true;0.00344674433888233;0;1;;"test0";15857;29979114
362;-1378175013;true;0.00344693226495443;0;1;;"test0";16239;29979114
362;1849424337;true;0.003573413839368878;0;1;;"test0";20021;29979114
362;-1246968481;true;0.0035994427202612617;0;1;;"test0";22710;29979114
362;72301313;true;0.0035994427202612617;0;1;;"test0";19679;29979114
362;1181165063;true;0.0035994427202612617;0;1;;"test0";19304;29979114
362;-41679669;true;0.003796113882157877;0;1;;"test0";21037;29979114
362;-65987986;true;0.003818178509819978;0;1;;"test0";16554;29979114
362;144931494;true;0.003818178509819978;0;1;;"test0";22049;29979114
362;1189164253;true;0.003818178509819978;0;1;;"test0";15634;29979114
362;-988649964;true;0.003818178509819978;0;1;;"test0";22709;29979114
362;-1197032135;true;0.0038222794307045454;0;1;;"test0";22055;29979114
362;-206747726;true;0.0038222794307045454;0;1;;"test0";17768;29979114
362;443550586;true;0.003876096134523445;0;1;;"test0";22373;29979114
362;443550586;true;0.003876096134523445;0;1;;"test0";19379;29979114
362;1270742919;true;0.0038870282335081445;0;1;;"test0";18753;29979114
362;1353798180;true;0.0038870282335081445;0;1;;"test0";19966;29979114
362;1294889360;true;0.0038870282335081445;0;1;;"test0";19008;29979114
362;871924573;true;0.0038940070454448034;0;1;;"test0";19712;29979114
362;598634219;true;0.0038940070454448034;0;1;;"test0";19762;29979114
362;1504946045;true;0.0038940070454448034;0;1;;"test0";18534;29979114
362;-1849603291;true;0.003928281255038479;0;1;;"test0";15917;29979114
362;415587027;true;0.003951366715385217;0;1;;"test0";21565;29979114
362;-1581718589;true;0.003951366715385217;0;1;;"test0";19346;29979114
362;879500909;true;0.003951366715385217;0;1;;"test0";19380;29979114
362;1449593610;true;0.003957481239757364;0;1;;"test0";21587;29979114
362;953658601;true;0.003964743622023465;0;1;;"test0";20088;29979114
362;1113652662;true;0.003964743622023465;0;1;;"test0";18747;29979114
362;847637910;true;0.003964948277336747;0;1;;"test0";21506;29979114
362;-995096488;true;0.003969582139021273;0;1;;"test0";18551;29979114
362;-126777043;true;0.003969582139021273;0;1;;"test0";19339;29979114
362;-571196034;true;0.003969582139021273;0;1;;"test0";19384;29979114
362;1456696946;true;0.003972379091502891;0;1;;"test0";19484;29979114
362;-1392697775;true;0.003972379091502891;0;1;;"test0";14898;29979114
362;1456696946;true;0.003972379091502891;0;1;;"test0";18998;29979114
362;-1725742835;true;0.003977482233872973;0;1;;"test0";21681;29979114
362;-391584251;true;0.00398080901075821;0;1;;"test0";20110;29979114
362;-1495484993;true;0.004004046605180653;0;1;;"test0";1;29979114
362;-1336866516;true;0.004004046605180653;0;1;;"test0";19835;29979114
362;382922419;true;0.004004046605180653;0;1;;"test0";19278;29979114
362;-134901061;true;0.004004046605180653;0;1;;"test0";19326;29979114
362;-505487246;true;0.004004046605180653;0;1;;"test0";18752;29979114
362;-1038511777;true;0.004004046605180653;0;1;;"test0";16861;29979114
363;390801105;false;-1;0;1;;"test0";NaN;30116722
363;-1992680072;false;-1;0;1;;"test0";NaN;30116722
363;337055149;true;0.002942137953579601;0;1;;"test0";19119;30116722
363;1376741638;true;0.00343831936083927;0;1;;"test0";20410;30116722
363;-790323084;true;0.00343831936083927;0;1;;"test0";18431;30116722
363;1800040394;true;0.00343831936083927;0;1;;"test0";17950;30116722
363;1507754284;true;0.003443259467876058;0;1;;"test0";13444;30116722
363;1507754284;true;0.003443259467876058;0;1;;"test0";15980;30116722
363;-529015037;true;0.0034433511416216036;0;1;;"test0";18563;30116722
363;-1378175013;true;0.00344693226495443;0;1;;"test0";20519;30116722
363;972147855;true;0.00344693226495443;0;1;;"test0";20523;30116722
363;-694734640;true;0.0035770817222008826;0;1;;"test0";19401;30116722
363;914652971;true;0.003594451129694073;0;1;;"test0";19627;30116722
363;1556056474;true;0.0035994427202612617;0;1;;"test0";16543;30116722
363;178237410;true;0.0035994427202612617;0;1;;"test0";18399;30116722
363;932272792;true;0.003796113882157877;0;1;;"test0";18159;30116722
363;-206747726;true;0.0038222794307045454;0;1;;"test0";19138;30116722
363;-112770946;true;0.003876096134523445;0;1;;"test0";17623;30116722
363;443550586;true;0.003876096134523445;0;1;;"test0";17637;30116722
363;443550586;true;0.003876096134523445;0;1;;"test0";17808;30116722
363;-1250924109;true;0.0038780211351182588;0;1;;"test0";13008;30116722
363;1298245594;true;0.0038916454000423113;0;1;;"test0";19536;30116722
363;-212423214;true;0.003917927280630856;0;1;;"test0";14126;30116722
363;-2074759308;true;0.003951366715385217;0;1;;"test0";17825;30116722
363;415587027;true;0.003951366715385217;0;1;;"test0";16938;30116722
363;415587027;true;0.003951366715385217;0;1;;"test0";19478;30116722
363;314661039;true;0.003951366715385217;0;1;;"test0";17548;30116722
363;879500909;true;0.003951366715385217;0;1;;"test0";17600;30116722
363;415587027;true;0.003951366715385217;0;1;;"test0";19684;30116722
363;1449593610;true;0.003957481239757364;0;1;;"test0";16075;30116722
363;-2144324315;true;0.003957481239757364;0;1;;"test0";22220;30116722
363;-177127068;true;0.003957481239757364;0;1;;"test0";16360;30116722
363;1449593610;true;0.003957481239757364;0;1;;"test0";18707;30116722
363;-283491373;true;0.003964948277336747;0;1;;"test0";18447;30116722
363;847637910;true;0.003964948277336747;0;1;;"test0";17224;30116722
363;-551701178;true;0.003965689611087516;0;1;;"test0";20525;30116722
363;1907304729;true;0.003968893422265996;0;1;;"test0";19103;30116722
363;-126777043;true;0.003969582139021273;0;1;;"test0";18942;30116722
363;-211609758;true;0.003969582139021273;0;1;;"test0";20527;30116722
363;2050560564;true;0.003972379091502891;0;1;;"test0";21136;30116722
363;369269000;true;0.003977482233872973;0;1;;"test0";16849;30116722
363;-1069454222;true;0.003977482233872973;0;1;;"test0";16275;30116722
363;561462084;true;0.00398080901075821;0;1;;"test0";13895;30116722
363;-391584251;true;0.00398080901075821;0;1;;"test0";16563;30116722
363;-391584251;true;0.00398080901075821;0;1;;"test0";15924;30116722
363;-391584251;true;0.00398080901075821;0;1;;"test0";16024;30116722
363;-1591446984;true;0.003986274511234315;0;1;;"test0";16555;30116722
363;1627057997;true;0.003986274511234315;0;1;;"test0";19133;30116722
363;-1038511777;true;0.004004046605180653;0;1;;"test0";1;30116722
363;-505487246;true;0.004004046605180653;0;1;;"test0";1;30116722
364;1291935632;false;-1;0;1;;"test0";NaN;30244408
364;-809260385;true;0.002863618127776308;0;1;;"test0";16545;30244408
364;-1420125895;true;0.0029044182362260164;0;1;;"test0";15700;30244408
364;1648424119;true;0.003003432494279176;0;1;;"test0";21237;30244408
364;1049809249;true;0.003003432494279176;0;1;;"test0";13584;30244408
364;21448948;true;0.003003432494279176;0;1;;"test0";22780;30244408
364;-1395898860;true;0.003003432494279176;0;1;;"test0";18178;30244408
364;-1208777965;true;0.003051106025934401;0;1;;"test0";15903;30244408
364;307021567;true;0.003051106025934401;0;1;;"test0";19642;30244408
364;-1855759621;true;0.003051106025934401;0;1;;"test0";16572;30244408
364;2043149661;true;0.003051106025934401;0;1;;"test0";15600;30244408
364;1800040394;true;0.00343831936083927;0;1;;"test0";20363;30244408
364;-189104606;true;0.00343831936083927;0;1;;"test0";17619;30244408
364;311625331;true;0.0035767064080505823;0;1;;"test0";19264;30244408
364;-694734640;true;0.0035770817222008826;0;1;;"test0";16118;30244408
364;1765700160;true;0.003586447812172384;0;1;;"test0";18591;30244408
364;658752664;true;0.0036194714341774826;0;1;;"test0";18574;30244408
364;932272792;true;0.003796113882157877;0;1;;"test0";18026;30244408
364;-1367551274;true;0.003796113882157877;0;1;;"test0";15383;30244408
364;-228219447;true;0.003796113882157877;0;1;;"test0";13746;30244408
364;-206747726;true;0.0038222794307045454;0;1;;"test0";20774;30244408
364;789905328;true;0.003876096134523445;0;1;;"test0";13360;30244408
364;-2088830452;true;0.0038780211351182588;0;1;;"test0";21523;30244408
364;-408852638;true;0.0038828059232295688;0;1;;"test0";16076;30244408
364;-212423214;true;0.003917927280630856;0;1;;"test0";18711;30244408
364;-212423214;true;0.003917927280630856;0;1;;"test0";16408;30244408
364;879500909;true;0.003951366715385217;0;1;;"test0";19446;30244408
364;-195077289;true;0.003951366715385217;0;1;;"test0";16337;30244408
364;91968985;true;0.003957481239757364;0;1;;"test0";18377;30244408
364;-177127068;true;0.003957481239757364;0;1;;"test0";15456;30244408
364;-492095881;true;0.003964948277336747;0;1;;"test0";21512;30244408
364;266067618;true;0.003964948277336747;0;1;;"test0";21225;30244408
364;-1916080622;true;0.003972379091502891;0;1;;"test0";18209;30244408
364;2050560564;true;0.003972379091502891;0;1;;"test0";18324;30244408
364;2050560564;true;0.003972379091502891;0;1;;"test0";19490;30244408
364;-647321353;true;0.003977482233872973;0;1;;"test0";17431;30244408
364;-928285659;true;0.00398080901075821;0;1;;"test0";16847;30244408
364;-114034794;true;0.00398080901075821;0;1;;"test0";18076;30244408
364;487502978;true;0.003986274511234315;0;1;;"test0";17754;30244408
364;144273617;true;0.003986274511234315;0;1;;"test0";20852;30244408
364;-2027482592;true;0.003997882765149081;0;1;;"test0";21237;30244408
364;-1038511777;true;0.004004046605180653;0;1;;"test0";23744;30244408
364;-1038511777;true;0.004004046605180653;0;1;;"test0";16849;30244408
364;1882562899;true;0.004004046605180653;0;1;;"test0";20257;30244408
364;-505487246;true;0.004004046605180653;0;1;;"test0";18048;30244408
364;-751357233;true;0.004004046605180653;0;1;;"test0";21746;30244408
364;-1186782085;true;0.004004046605180653;0;1;;"test0";21544;30244408
364;-505487246;true;0.004004046605180653;0;1;;"test0";19895;30244408
365;602579087;true;0.003003432494279176;0;1;;"test0";16340;30368415
365;-1412590933;true;0.003003432494279176;0;1;;"test0";22352;30368415
365;-257720725;true;0.003051106025934401;0;1;;"test0";19209;30368415
365;-1492567600;true;0.003051106025934401;0;1;;"test0";14286;30368415
365;-1215556483;true;0.003051106025934401;0;1;;"test0";18188;30368415
365;-555112751;true;0.003051106025934401;0;1;;"test0";23511;30368415
365;1806935829;true;0.003051106025934401;0;1;;"test0";19331;30368415
365;-189104606;true;0.00343831936083927;0;1;;"test0";18208;30368415
365;-694734640;true;0.0035770817222008826;0;1;;"test0";21511;30368415
365;-2111493103;true;0.003586447812172384;0;1;;"test0";19140;30368415
365;1765700160;true;0.003586447812172384;0;1;;"test0";16094;30368415
365;658752664;true;0.0036194714341774826;0;1;;"test0";19021;30368415
365;1207639236;true;0.0036194714341774826;0;1;;"test0";19644;30368415
365;1580996819;true;0.003796113882157877;0;1;;"test0";20740;30368415
365;932272792;true;0.003796113882157877;0;1;;"test0";21830;30368415
365;-2127284587;true;0.0038471116626690506;0;1;;"test0";21834;30368415
365;-2088830452;true;0.0038780211351182588;0;1;;"test0";19576;30368415
365;-988161297;true;0.0038780211351182588;0;1;;"test0";10977;30368415
365;1732629243;true;0.0038780211351182588;0;1;;"test0";17998;30368415
365;-2088830452;true;0.0038780211351182588;0;1;;"test0";14691;30368415
365;-1735797716;true;0.0038828059232295688;0;1;;"test0";22537;30368415
365;-408852638;true;0.0038828059232295688;0;1;;"test0";15170;30368415
365;1714326864;true;0.0038828059232295688;0;1;;"test0";21421;30368415
365;-1184293384;true;0.0038828059232295688;0;1;;"test0";11024;30368415
365;1384678068;true;0.0038940070454448034;0;1;;"test0";17038;30368415
365;-212423214;true;0.003917927280630856;0;1;;"test0";19480;30368415
365;-1683356974;true;0.003951366715385217;0;1;;"test0";15046;30368415
365;1761883098;true;0.003951366715385217;0;1;;"test0";24996;30368415
365;-1746416323;true;0.003951366715385217;0;1;;"test0";21940;30368415
365;2040604225;true;0.003957481239757364;0;1;;"test0";13371;30368415
365;-747270505;true;0.003964948277336747;0;1;;"test0";21824;30368415
365;266067618;true;0.003964948277336747;0;1;;"test0";14898;30368415
365;-1083786832;true;0.003964948277336747;0;1;;"test0";16643;30368415
365;-1671334051;true;0.003964948277336747;0;1;;"test0";21890;30368415
365;-647321353;true;0.003977482233872973;0;1;;"test0";18302;30368415
365;1134778195;true;0.003977482233872973;0;1;;"test0";19455;30368415
365;-647321353;true;0.003977482233872973;0;1;;"test0";23026;30368415
365;751364851;true;0.00398080901075821;0;1;;"test0";23813;30368415
365;1000386971;true;0.00398080901075821;0;1;;"test0";21222;30368415
365;-114034794;true;0.00398080901075821;0;1;;"test0";16591;30368415
365;-31937031;true;0.00398080901075821;0;1;;"test0";16616;30368415
365;-1148465238;true;0.003981300282453391;0;1;;"test0";17686;30368415
365;144273617;true;0.003986274511234315;0;1;;"test0";20858;30368415
365;144273617;true;0.003986274511234315;0;1;;"test0";21702;30368415
365;-2027482592;true;0.003997882765149081;0;1;;"test0";17864;30368415
365;110105072;true;0.003997882765149081;0;1;;"test0";23723;30368415
365;-131765084;true;0.004004046605180653;0;1;;"test0";15593;30368415
365;1360025915;true;0.004004046605180653;0;1;;"test0";24983;30368415
365;-505487246;true;0.004004046605180653;0;1;;"test0";1;30368415
365;-1186782085;true;0.004004046605180653;0;1;;"test0";1;30368415
366;-2144922026;true;0.002002288329519451;0;1;;"test0";20410;30488611
366;-970873394;true;0.003003432494279176;0;1;;"test0";20018;30488611
366;-1475403188;true;0.003003432494279176;0;1;;"test0";23433;30488611
366;-21463649;true;0.0035754817227388056;0;1;;"test0";16062;30488611
366;1765700160;true;0.003586447812172384;0;1;;"test0";21831;30488611
366;1017651468;true;0.003586447812172384;0;1;;"test0";22382;30488611
366;-1894015696;true;0.0035994427202612617;0;1;;"test0";17912;30488611
366;-2002548666;true;0.003796113882157877;0;1;;"test0";17695;30488611
366;-601647377;true;0.003876096134523445;0;1;;"test0";16185;30488611
366;-975629137;true;0.003876096134523445;0;1;;"test0";15166;30488611
366;1780024921;true;0.0038780211351182588;0;1;;"test0";20548;30488611
366;1733196823;true;0.0038780211351182588;0;1;;"test0";15528;30488611
366;-738374157;true;0.0038780211351182588;0;1;;"test0";14010;30488611
366;330838569;true;0.0038780211351182588;0;1;;"test0";14348;30488611
366;-1866719568;true;0.0038780211351182588;0;1;;"test0";23476;30488611
366;-1764352328;true;0.003889272220475405;0;1;;"test0";21769;30488611
366;569272668;true;0.0038916297839121103;0;1;;"test0";17272;30488611
366;1962249119;true;0.003954559719113485;0;1;;"test0";18482;30488611
366;-428648429;true;0.003957481239757364;0;1;;"test0";17029;30488611
366;1564015141;true;0.003957481239757364;0;1;;"test0";19843;30488611
366;2040604225;true;0.003957481239757364;0;1;;"test0";15161;30488611
366;-668160785;true;0.003957481239757364;0;1;;"test0";22811;30488611
366;2040604225;true;0.003957481239757364;0;1;;"test0";17795;30488611
366;-1671334051;true;0.003964948277336747;0;1;;"test0";17267;30488611
366;-1083786832;true;0.003964948277336747;0;1;;"test0";16960;30488611
366;-829025296;true;0.003964948277336747;0;1;;"test0";21269;30488611
366;-915523695;true;0.003971264222600891;0;1;;"test0";20916;30488611
366;-1330873086;true;0.003977482233872973;0;1;;"test0";18244;30488611
366;-946277310;true;0.003977482233872973;0;1;;"test0";18940;30488611
366;308875174;true;0.003977482233872973;0;1;;"test0";21157;30488611
366;1725193015;true;0.003977482233872973;0;1;;"test0";18932;30488611
366;-2054352580;true;0.003977482233872973;0;1;;"test0";20723;30488611
366;-193655842;true;0.003977482233872973;0;1;;"test0";18529;30488611
366;-647321353;true;0.003977482233872973;0;1;;"test0";17689;30488611
366;-647321353;true;0.003977482233872973;0;1;;"test0";19272;30488611
366;-482893775;true;0.003981300282453391;0;1;;"test0";16260;30488611
366;-466097589;true;0.003986274511234315;0;1;;"test0";20863;30488611
366;-1186639017;true;0.003993948371944293;0;1;;"test0";16700;30488611
366;110105072;true;0.003997882765149081;0;1;;"test0";19829;30488611
366;-2027482592;true;0.003997882765149081;0;1;;"test0";14333;30488611
366;-2027482592;true;0.003997882765149081;0;1;;"test0";16034;30488611
366;-2027482592;true;0.003997882765149081;0;1;;"test0";16744;30488611
366;907706706;true;0.003997882765149081;0;1;;"test0";16141;30488611
366;-2027482592;true;0.003997882765149081;0;1;;"test0";17590;30488611
366;-2027482592;true;0.003997882765149081;0;1;;"test0";18555;30488611
366;-564360343;true;0.003998678592409576;0;1;;"test0";14893;30488611
366;462502099;true;0.003998678592409576;0;1;;"test0";16484;30488611
366;1778591382;true;0.004004046605180653;0;1;;"test0";18910;30488611
366;-1186782085;true;0.004004046605180653;0;1;;"test0";2;30488611
366;-505487246;true;0.004004046605180653;0;1;;"test0";2;30488611
367;-482893775;false;-1;0;1;;"test0";NaN;30616529
367;-89280263;true;0.0028642005243457043;0;1;;"test0";13893;30616529
367;-1475403188;true;0.003003432494279176;0;1;;"test0";21954;30616529
367;1467626159;true;0.003003432494279176;0;1;;"test0";19727;30616529
367;828400587;true;0.003003432494279176;0;1;;"test0";21884;30616529
367;1077637149;true;0.003051106025934401;0;1;;"test0";21445;30616529
367;204832943;true;0.003051106025934401;0;1;;"test0";21452;30616529
367;-1454575977;true;0.003051106025934401;0;1;;"test0";17877;30616529
367;48315220;true;0.0035787959745318494;0;1;;"test0";18387;30616529
367;893199465;true;0.0035790244881180396;0;1;;"test0";21816;30616529
367;291201938;true;0.0035862080779732936;0;1;;"test0";16336;30616529
367;-891725080;true;0.003586447812172384;0;1;;"test0";18867;30616529
367;-1894015696;true;0.0035994427202612617;0;1;;"test0";17708;30616529
367;-1206183144;true;0.0035994427202612617;0;1;;"test0";18158;30616529
367;-975629137;true;0.003876096134523445;0;1;;"test0";15614;30616529
367;-975629137;true;0.003876096134523445;0;1;;"test0";14333;30616529
367;824946034;true;0.0038780211351182588;0;1;;"test0";19726;30616529
367;-1866719568;true;0.0038780211351182588;0;1;;"test0";17641;30616529
367;909374770;true;0.0038916297839121103;0;1;;"test0";20310;30616529
367;1962249119;true;0.003954559719113485;0;1;;"test0";21920;30616529
367;1872514584;true;0.003957481239757364;0;1;;"test0";21963;30616529
367;366683720;true;0.003957481239757364;0;1;;"test0";18299;30616529
367;-783071523;true;0.003957481239757364;0;1;;"test0";18935;30616529
367;-1867961004;true;0.003964948277336747;0;1;;"test0";18005;30616529
367;377761191;true;0.003971264222600891;0;1;;"test0";21438;30616529
367;707566348;true;0.003971264222600891;0;1;;"test0";21519;30616529
367;-2081829448;true;0.003977482233872973;0;1;;"test0";19042;30616529
367;-647321353;true;0.003977482233872973;0;1;;"test0";20317;30616529
367;2118221985;true;0.003977482233872973;0;1;;"test0";20279;30616529
367;-482893775;true;0.003981300282453391;0;1;;"test0";18932;30616529
367;-1565122315;true;0.003981300282453391;0;1;;"test0";16404;30616529
367;954786858;true;0.003981300282453391;0;1;;"test0";19454;30616529
367;-466097589;true;0.003986274511234315;0;1;;"test0";19254;30616529
367;1764246518;true;0.0039876752321978464;0;1;;"test0";17203;30616529
367;-588081708;true;0.0039876752321978464;0;1;;"test0";19748;30616529
367;4353605;true;0.003992073339171835;0;1;;"test0";19498;30616529
367;1026532680;true;0.003993948371944293;0;1;;"test0";11283;30616529
367;-1186639017;true;0.003993948371944293;0;1;;"test0";19788;30616529
367;1318867247;true;0.003993948371944293;0;1;;"test0";15303;30616529
367;-1186639017;true;0.003993948371944293;0;1;;"test0";18949;30616529
367;-1186639017;true;0.003993948371944293;0;1;;"test0";13513;30616529
367;-896802520;true;0.003993948371944293;0;1;;"test0";14563;30616529
367;110105072;true;0.003997882765149081;0;1;;"test0";18019;30616529
367;1268216363;true;0.003998678592409576;0;1;;"test0";20156;30616529
367;462502099;true;0.003998678592409576;0;1;;"test0";19728;30616529
367;462502099;true;0.003998678592409576;0;1;;"test0";19935;30616529
367;-564360343;true;0.003998678592409576;0;1;;"test0";19881;30616529
367;-1980375701;true;0.003998678592409576;0;1;;"test0";19647;30616529
367;-505487246;true;0.004004046605180653;0;1;;"test0";1;30616529
367;-1186782085;true;0.004004046605180653;0;1;;"test0";1;30616529
368;-1078564419;false;-1;0;1;;"test0";NaN;30759140
368;-832781050;false;-1;0;1;;"test0";NaN;30759140
368;-1475403188;true;0.003003432494279176;0;1;;"test0";18795;30759140
368;-125184171;true;0.003003432494279176;0;1;;"test0";16099;30759140
368;617842035;true;0.003051106025934401;0;1;;"test0";22034;30759140
368;-2136677443;true;0.003146453089244851;0;1;;"test0";22276;30759140
368;445773895;true;0.0035446112543409043;0;1;;"test0";20712;30759140
368;-1023266871;true;0.0035617287559843885;0;1;;"test0";11875;30759140
368;2103743045;true;0.0035770817222008826;0;1;;"test0";18654;30759140
368;583999413;true;0.0035787959745318494;0;1;;"test0";16465;30759140
368;-1575628364;true;0.0035866790158134215;0;1;;"test0";15736;30759140
368;-979151779;true;0.0035994427202612617;0;1;;"test0";16762;30759140
368;-295455661;true;0.0035994427202612617;0;1;;"test0";19893;30759140
368;-730277254;true;0.0035994427202612617;0;1;;"test0";16445;30759140
368;-2091142113;true;0.0035994427202612617;0;1;;"test0";18933;30759140
368;-749983991;true;0.0035994427202612617;0;1;;"test0";17876;30759140
368;-1206183144;true;0.0035994427202612617;0;1;;"test0";19916;30759140
368;-1716332154;true;0.0035994427202612617;0;1;;"test0";16737;30759140
368;936274812;true;0.003796113882157877;0;1;;"test0";23077;30759140
368;-834080583;true;0.003824275018051929;0;1;;"test0";18939;30759140
368;496782211;true;0.003889494001552823;0;1;;"test0";19652;30759140
368;1331618088;true;0.003941938523055678;0;1;;"test0";17307;30759140
368;253325101;true;0.003945999089159762;0;1;;"test0";21124;30759140
368;2025513223;true;0.003954559719113485;0;1;;"test0";19656;30759140
368;1962249119;true;0.003954559719113485;0;1;;"test0";14142;30759140
368;1962249119;true;0.003954559719113485;0;1;;"test0";21555;30759140
368;-930983341;true;0.003957481239757364;0;1;;"test0";22055;30759140
368;-1388592666;true;0.003957481239757364;0;1;;"test0";14660;30759140
368;-25357851;true;0.003957481239757364;0;1;;"test0";15329;30759140
368;-1922828036;true;0.003977482233872973;0;1;;"test0";19520;30759140
368;2118221985;true;0.003977482233872973;0;1;;"test0";21593;30759140
368;-560461874;true;0.003977482233872973;0;1;;"test0";17026;30759140
368;-2081829448;true;0.003977482233872973;0;1;;"test0";16733;30759140
368;-943000927;true;0.003977482233872973;0;1;;"test0";18745;30759140
368;200072881;true;0.003981300282453391;0;1;;"test0";20130;30759140
368;-8409480;true;0.003986274511234315;0;1;;"test0";14391;30759140
368;-466097589;true;0.003986274511234315;0;1;;"test0";16965;30759140
368;1496037063;true;0.003986274511234315;0;1;;"test0";19739;30759140
368;-944342219;true;0.003986274511234315;0;1;;"test0";19070;30759140
368;781213676;true;0.0039876752321978464;0;1;;"test0";19894;30759140
368;-1398611493;true;0.003992073339171835;0;1;;"test0";10783;30759140
368;4353605;true;0.003992073339171835;0;1;;"test0";20039;30759140
368;-1661614137;true;0.003993948371944293;0;1;;"test0";20656;30759140
368;-896802520;true;0.003993948371944293;0;1;;"test0";12666;30759140
368;-896802520;true;0.003993948371944293;0;1;;"test0";14586;30759140
368;110105072;true;0.003997882765149081;0;1;;"test0";19163;30759140
368;1772752441;true;0.003997882765149081;0;1;;"test0";19938;30759140
368;-505487246;true;0.004004046605180653;0;1;;"test0";2;30759140
368;-41948277;true;0.004004046605180653;0;1;;"test0";19892;30759140
368;-1186782085;true;0.004004046605180653;0;1;;"test0";3;30759140
369;-445495266;true;0.002942137953579601;0;1;;"test0";19798;30879644
369;-490114444;true;0.003003432494279176;0;1;;"test0";16522;30879644
369;-1114692665;true;0.003051106025934401;0;1;;"test0";17225;30879644
369;33399569;true;0.0034473383275807;0;1;;"test0";19779;30879644
369;-960576345;true;0.003552553640915424;0;1;;"test0";15124;30879644
369;2103743045;true;0.0035770817222008826;0;1;;"test0";13382;30879644
369;62160909;true;0.0035770817222008826;0;1;;"test0";17770;30879644
369;2103743045;true;0.0035770817222008826;0;1;;"test0";17454;30879644
369;-1575628364;true;0.0035866790158134215;0;1;;"test0";17425;30879644
369;-1575628364;true;0.0035866790158134215;0;1;;"test0";19111;30879644
369;190986214;true;0.0035994427202612617;0;1;;"test0";22096;30879644
369;-730277254;true;0.0035994427202612617;0;1;;"test0";21954;30879644
369;-730277254;true;0.0035994427202612617;0;1;;"test0";19425;30879644
369;-1217065937;true;0.003876096134523445;0;1;;"test0";17215;30879644
369;1313146191;true;0.003876096134523445;0;1;;"test0";19511;30879644
369;1009467539;true;0.0038800410814160483;0;1;;"test0";19642;30879644
369;1999547312;true;0.0038800410814160483;0;1;;"test0";16614;30879644
369;1721661350;true;0.003889494001552823;0;1;;"test0";20294;30879644
369;1529889095;true;0.003941938523055678;0;1;;"test0";21187;30879644
369;253325101;true;0.003945999089159762;0;1;;"test0";17113;30879644
369;505456174;true;0.003945999089159762;0;1;;"test0";20388;30879644
369;883230728;true;0.003950160565567839;0;1;;"test0";21277;30879644
369;-467952531;true;0.003951366715385217;0;1;;"test0";19781;30879644
369;-2089266343;true;0.003954559719113485;0;1;;"test0";18010;30879644
369;-25357851;true;0.003957481239757364;0;1;;"test0";19856;30879644
369;-278877105;true;0.003977482233872973;0;1;;"test0";19590;30879644
369;-943000927;true;0.003977482233872973;0;1;;"test0";21940;30879644
369;122397913;true;0.003977482233872973;0;1;;"test0";21917;30879644
369;-142640260;true;0.003977482233872973;0;1;;"test0";17934;30879644
369;-1624511268;true;0.003977482233872973;0;1;;"test0";18568;30879644
369;1810310059;true;0.003977482233872973;0;1;;"test0";20439;30879644
369;-1922828036;true;0.003977482233872973;0;1;;"test0";19715;30879644
369;104356880;true;0.003977482233872973;0;1;;"test0";19863;30879644
369;-1922828036;true;0.003977482233872973;0;1;;"test0";17429;30879644
369;-944342219;true;0.003986274511234315;0;1;;"test0";16114;30879644
369;-944342219;true;0.003986274511234315;0;1;;"test0";15817;30879644
369;1475563400;true;0.003986274511234315;0;1;;"test0";16877;30879644
369;1496037063;true;0.003986274511234315;0;1;;"test0";16778;30879644
369;163298179;true;0.0039876752321978464;0;1;;"test0";19292;30879644
369;191658714;true;0.0039876752321978464;0;1;;"test0";16997;30879644
369;582874263;true;0.0039876752321978464;0;1;;"test0";14554;30879644
369;-1874103776;true;0.0039876752321978464;0;1;;"test0";16975;30879644
369;4353605;true;0.003992073339171835;0;1;;"test0";19088;30879644
369;-485402494;true;0.003993948371944293;0;1;;"test0";17179;30879644
369;-1871075571;true;0.003997882765149081;0;1;;"test0";21249;30879644
369;110105072;true;0.003997882765149081;0;1;;"test0";17618;30879644
369;-1275796088;true;0.003998678592409576;0;1;;"test0";17197;30879644
369;-1186782085;true;0.004004046605180653;0;1;;"test0";2;30879644
369;-505487246;true;0.004004046605180653;0;1;;"test0";21218;30879644
369;-41948277;true;0.004004046605180653;0;1;;"test0";3;30879644
370;1247742389;true;0.003003432494279176;0;1;;"test0";19952;31006317
370;106017895;true;0.003003432494279176;0;1;;"test0";22106;31006317
370;343833756;true;0.003003432494279176;0;1;;"test0";12282;31006317
370;334722095;true;0.0035660236230208833;0;1;;"test0";18259;31006317
370;-230912481;true;0.003572377715703455;0;1;;"test0";20937;31006317
370;-1071846080;true;0.0035740143104082077;0;1;;"test0";18284;31006317
370;997504522;true;0.0035770817222008826;0;1;;"test0";21153;31006317
370;841904305;true;0.0035773148358202327;0;1;;"test0";15555;31006317
370;898097498;true;0.0035994427202612617;0;1;;"test0";22070;31006317
370;1385828924;true;0.0035994427202612617;0;1;;"test0";17010;31006317
370;-733659236;true;0.003805598161991991;0;1;;"test0";14037;31006317
370;1313146191;true;0.003876096134523445;0;1;;"test0";22116;31006317
370;-1763727346;true;0.0038780211351182588;0;1;;"test0";22283;31006317
370;-1383955294;true;0.0038800410814160483;0;1;;"test0";19991;31006317
370;-418665868;true;0.003883749796821244;0;1;;"test0";20507;31006317
370;1721661350;true;0.003889494001552823;0;1;;"test0";21316;31006317
370;-103956634;true;0.003941938523055678;0;1;;"test0";18310;31006317
370;1940928374;true;0.003941938523055678;0;1;;"test0";15261;31006317
370;721593163;true;0.003941938523055678;0;1;;"test0";13104;31006317
370;-2014767032;true;0.003945999089159762;0;1;;"test0";21982;31006317
370;-1049821739;true;0.003950160565567839;0;1;;"test0";13897;31006317
370;1698491938;true;0.003950160565567839;0;1;;"test0";19883;31006317
370;1577146712;true;0.003950160565567839;0;1;;"test0";17737;31006317
370;-182012984;true;0.003950160565567839;0;1;;"test0";16942;31006317
370;883230728;true;0.003950160565567839;0;1;;"test0";22114;31006317
370;-1277098741;true;0.003951366715385217;0;1;;"test0";19844;31006317
370;118649217;true;0.003951366715385217;0;1;;"test0";19530;31006317
370;-467952531;true;0.003951366715385217;0;1;;"test0";18529;31006317
370;-1279524993;true;0.003954559719113485;0;1;;"test0";22367;31006317
370;-2089266343;true;0.003954559719113485;0;1;;"test0";17577;31006317
370;-464752207;true;0.003954559719113485;0;1;;"test0";18638;31006317
370;-2089266343;true;0.003954559719113485;0;1;;"test0";16285;31006317
370;-911420410;true;0.003957481239757364;0;1;;"test0";18062;31006317
370;-943000927;true;0.003977482233872973;0;1;;"test0";16542;31006317
370;-943000927;true;0.003977482233872973;0;1;;"test0";22770;31006317
370;-1619154936;true;0.00398080901075821;0;1;;"test0";21651;31006317
370;-877980639;true;0.003986274511234315;0;1;;"test0";18472;31006317
370;1581931096;true;0.0039876752321978464;0;1;;"test0";22014;31006317
370;-1829926325;true;0.003993948371944293;0;1;;"test0";22356;31006317
370;-718967344;true;0.003993948371944293;0;1;;"test0";22284;31006317
370;-485402494;true;0.003993948371944293;0;1;;"test0";22054;31006317
370;-1359145334;true;0.003993948371944293;0;1;;"test0";14782;31006317
370;-887930698;true;0.003997882765149081;0;1;;"test0";18756;31006317
370;245032700;true;0.003997882765149081;0;1;;"test0";15848;31006317
370;-735219077;true;0.003997882765149081;0;1;;"test0";18983;31006317
370;110105072;true;0.003997882765149081;0;1;;"test0";22211;31006317
370;-737787189;true;0.003998678592409576;0;1;;"test0";15865;31006317
370;-1975799298;true;0.003998678592409576;0;1;;"test0";22813;31006317
370;-41948277;true;0.004004046605180653;0;1;;"test0";1;31006317
370;-505487246;true;0.004004046605180653;0;1;;"test0";1;31006317
371;-1383955294;false;-1;0;1;;"test0";NaN;31131923
371;-1164714537;true;0.003003432494279176;0;1;;"test0";18572;31131923
371;-125249037;true;0.003003432494279176;0;1;;"test0";18225;31131923
371;1670964633;true;0.003003432494279176;0;1;;"test0";13932;31131923
371;-529597280;true;0.003003432494279176;0;1;;"test0";16507;31131923
371;-1447913707;true;0.003051106025934401;0;1;;"test0";21137;31131923
371;-407417581;true;0.003146453089244851;0;1;;"test0";21776;31131923
371;1346824663;true;0.0035739816208931463;0;1;;"test0";24038;31131923
371;1244755696;true;0.00357443459846366;0;1;;"test0";14513;31131923
371;847509155;true;0.0035994427202612617;0;1;;"test0";21164;31131923
371;-251072197;true;0.0035994427202612617;0;1;;"test0";23204;31131923
371;-1275480014;true;0.0035994427202612617;0;1;;"test0";20537;31131923
371;2013663495;true;0.003796113882157877;0;1;;"test0";16981;31131923
371;63452386;true;0.003796113882157877;0;1;;"test0";20562;31131923
371;-733659236;true;0.003805598161991991;0;1;;"test0";14825;31131923
371;1313146191;true;0.003876096134523445;0;1;;"test0";19643;31131923
371;1302361456;true;0.003876096134523445;0;1;;"test0";18005;31131923
371;-1655216358;true;0.0038780211351182588;0;1;;"test0";18976;31131923
371;-1763727346;true;0.0038780211351182588;0;1;;"test0";18005;31131923
371;-2031271370;true;0.0038780211351182588;0;1;;"test0";15475;31131923
371;-728595208;true;0.0038780211351182588;0;1;;"test0";19578;31131923
371;-1982406474;true;0.0038800410814160483;0;1;;"test0";16773;31131923
371;-1373590131;true;0.003883749796821244;0;1;;"test0";20979;31131923
371;1230112695;true;0.0038870282335081445;0;1;;"test0";20566;31131923
371;-1346272578;true;0.003889494001552823;0;1;;"test0";18294;31131923
371;1098040137;true;0.003889494001552823;0;1;;"test0";19010;31131923
371;1721661350;true;0.003889494001552823;0;1;;"test0";15885;31131923
371;1910147670;true;0.003889494001552823;0;1;;"test0";18543;31131923
371;1721661350;true;0.003889494001552823;0;1;;"test0";19164;31131923
371;721593163;true;0.003941938523055678;0;1;;"test0";21001;31131923
371;-947753188;true;0.003950160565567839;0;1;;"test0";16111;31131923
371;1128458573;true;0.003950160565567839;0;1;;"test0";16332;31131923
371;-2089266343;true;0.003954559719113485;0;1;;"test0";14790;31131923
371;1433405228;true;0.003964948277336747;0;1;;"test0";10750;31131923
371;1324152723;true;0.003977482233872973;0;1;;"test0";18762;31131923
371;-913368150;true;0.00398080901075821;0;1;;"test0";20880;31131923
371;-1856263885;true;0.003986274511234315;0;1;;"test0";17054;31131923
371;-1455749263;true;0.003987036140891227;0;1;;"test0";13339;31131923
371;-266388203;true;0.0039876752321978464;0;1;;"test0";15876;31131923
371;-427234885;true;0.0039876752321978464;0;1;;"test0";18429;31131923
371;-1829926325;true;0.003993948371944293;0;1;;"test0";21091;31131923
371;-887930698;true;0.003997882765149081;0;1;;"test0";21853;31131923
371;-144071197;true;0.003997882765149081;0;1;;"test0";12925;31131923
371;-887930698;true;0.003997882765149081;0;1;;"test0";19546;31131923
371;-2045479078;true;0.003997882765149081;0;1;;"test0";13132;31131923
371;104074047;true;0.003997882765149081;0;1;;"test0";21165;31131923
371;-1083453894;true;0.003998678592409576;0;1;;"test0";16795;31131923
371;-1975799298;true;0.003998678592409576;0;1;;"test0";14142;31131923
371;-505487246;true;0.004004046605180653;0;1;;"test0";1;31131923
371;-41948277;true;0.004004046605180653;0;1;;"test0";1;31131923
372;-1621078061;true;0.003003432494279176;0;1;;"test0";15578;31250297
372;-2069589951;true;0.003003432494279176;0;1;;"test0";15644;31250297
372;606737108;true;0.003051106025934401;0;1;;"test0";19295;31250297
372;1982008979;true;0.003146453089244851;0;1;;"test0";22652;31250297
372;-1975351694;true;0.003146453089244851;0;1;;"test0";17439;31250297
372;-701292293;true;0.00357443459846366;0;1;;"test0";14331;31250297
372;1962774336;true;0.0035766548471689967;0;1;;"test0";21797;31250297
372;1275258288;true;0.0035793748249033416;0;1;;"test0";22449;31250297
372;-2143595244;true;0.003586447812172384;0;1;;"test0";21792;31250297
372;2057556974;true;0.0035994427202612617;0;1;;"test0";16327;31250297
372;-177776139;true;0.0035994427202612617;0;1;;"test0";21043;31250297
372;847509155;true;0.0035994427202612617;0;1;;"test0";18017;31250297
372;254265994;true;0.0035994427202612617;0;1;;"test0";15845;31250297
372;-1744210196;true;0.0037556268944582165;0;1;;"test0";19333;31250297
372;-603545201;true;0.003796113882157877;0;1;;"test0";22363;31250297
372;533938312;true;0.003805598161991991;0;1;;"test0";19473;31250297
372;-733659236;true;0.003805598161991991;0;1;;"test0";19271;31250297
372;-733659236;true;0.003805598161991991;0;1;;"test0";21041;31250297
372;-733659236;true;0.003805598161991991;0;1;;"test0";16983;31250297
372;-1655216358;true;0.0038780211351182588;0;1;;"test0";15509;31250297
372;2050522229;true;0.0038800410814160483;0;1;;"test0";17371;31250297
372;-1982406474;true;0.0038800410814160483;0;1;;"test0";17129;31250297
372;-1936086241;true;0.0038800410814160483;0;1;;"test0";17787;31250297
372;2126422998;true;0.003883749796821244;0;1;;"test0";22437;31250297
372;2128192136;true;0.0038870282335081445;0;1;;"test0";19066;31250297
372;721593163;true;0.003941938523055678;0;1;;"test0";13122;31250297
372;-149729752;true;0.003941938523055678;0;1;;"test0";16238;31250297
372;843715298;true;0.003950160565567839;0;1;;"test0";21898;31250297
372;-1800770044;true;0.003977482233872973;0;1;;"test0";19082;31250297
372;1324152723;true;0.003977482233872973;0;1;;"test0";20418;31250297
372;-1819337025;true;0.00398080901075821;0;1;;"test0";18022;31250297
372;-913368150;true;0.00398080901075821;0;1;;"test0";21811;31250297
372;-913368150;true;0.00398080901075821;0;1;;"test0";16866;31250297
372;665033666;true;0.003981412244461138;0;1;;"test0";17641;31250297
372;-1455749263;true;0.003987036140891227;0;1;;"test0";15462;31250297
372;-314399321;true;0.003987036140891227;0;1;;"test0";17170;31250297
372;643897602;true;0.0039876752321978464;0;1;;"test0";11065;31250297
372;-2033517683;true;0.0039876752321978464;0;1;;"test0";17413;31250297
372;-519858593;true;0.0039876752321978464;0;1;;"test0";15522;31250297
372;-266388203;true;0.0039876752321978464;0;1;;"test0";15836;31250297
372;-427234885;true;0.0039876752321978464;0;1;;"test0";17452;31250297
372;104074047;true;0.003997882765149081;0;1;;"test0";14351;31250297
372;-1357038842;true;0.003997882765149081;0;1;;"test0";12475;31250297
372;1375154713;true;0.003997882765149081;0;1;;"test0";22380;31250297
372;-144071197;true;0.003997882765149081;0;1;;"test0";16761;31250297
372;610274283;true;0.003997882765149081;0;1;;"test0";17053;31250297
372;-41948277;true;0.004004046605180653;0;1;;"test0";16553;31250297
372;-505487246;true;0.004004046605180653;0;1;;"test0";2;31250297
372;36160297;true;0.004004046605180653;0;1;;"test0";19054;31250297
373;1963898531;true;0.002942137953579601;0;1;;"test0";20235;31379195
373;-960860364;true;0.003003432494279176;0;1;;"test0";22642;31379195
373;1076395491;true;0.003003432494279176;0;1;;"test0";18157;31379195
373;-1946199712;true;0.003003432494279176;0;1;;"test0";18181;31379195
373;-239475668;true;0.003003432494279176;0;1;;"test0";17591;31379195
373;776167053;true;0.00356654182883811;0;1;;"test0";22505;31379195
373;-701292293;true;0.00357443459846366;0;1;;"test0";17321;31379195
373;-1151407332;true;0.0035766548471689967;0;1;;"test0";23218;31379195
373;635265566;true;0.0035766548471689967;0;1;;"test0";20471;31379195
373;996116937;true;0.0035766548471689967;0;1;;"test0";23230;31379195
373;-1429642596;true;0.0035766548471689967;0;1;;"test0";20939;31379195
373;1275258288;true;0.0035793748249033416;0;1;;"test0";22311;31379195
373;96879556;true;0.0035909812832626018;0;1;;"test0";22198;31379195
373;-1892534611;true;0.0035994427202612617;0;1;;"test0";18488;31379195
373;-1293245007;true;0.0035994427202612617;0;1;;"test0";16388;31379195
373;641463175;true;0.0037556268944582165;0;1;;"test0";18550;31379195
373;-603545201;true;0.003796113882157877;0;1;;"test0";22985;31379195
373;-603545201;true;0.003796113882157877;0;1;;"test0";21184;31379195
373;-603545201;true;0.003796113882157877;0;1;;"test0";20696;31379195
373;-603545201;true;0.003796113882157877;0;1;;"test0";21826;31379195
373;942401346;true;0.003796113882157877;0;1;;"test0";20270;31379195
373;674038201;true;0.003805598161991991;0;1;;"test0";19621;31379195
373;-1314601933;true;0.003805598161991991;0;1;;"test0";21366;31379195
373;107221456;true;0.0038780211351182588;0;1;;"test0";22161;31379195
373;-541949388;true;0.0038780211351182588;0;1;;"test0";22566;31379195
373;1737228549;true;0.0038780211351182588;0;1;;"test0";17304;31379195
373;2126422998;true;0.003883749796821244;0;1;;"test0";20803;31379195
373;1049561230;true;0.003883749796821244;0;1;;"test0";14240;31379195
373;1152526083;true;0.003883749796821244;0;1;;"test0";18628;31379195
373;2126422998;true;0.003883749796821244;0;1;;"test0";22603;31379195
373;1456773948;true;0.003883749796821244;0;1;;"test0";22348;31379195
373;-1167013766;true;0.003889272220475405;0;1;;"test0";20803;31379195
373;561161364;true;0.003950160565567839;0;1;;"test0";14813;31379195
373;843715298;true;0.003950160565567839;0;1;;"test0";15834;31379195
373;843715298;true;0.003950160565567839;0;1;;"test0";21783;31379195
373;-1299998720;true;0.003977482233872973;0;1;;"test0";18722;31379195
373;105520650;true;0.003977482233872973;0;1;;"test0";21202;31379195
373;-1232869363;true;0.003981412244461138;0;1;;"test0";21337;31379195
373;665033666;true;0.003981412244461138;0;1;;"test0";21832;31379195
373;-1455749263;true;0.003987036140891227;0;1;;"test0";22246;31379195
373;1978304365;true;0.003987036140891227;0;1;;"test0";21449;31379195
373;502575913;true;0.003987036140891227;0;1;;"test0";23809;31379195
373;1575558090;true;0.003987036140891227;0;1;;"test0";15986;31379195
373;-1702475318;true;0.0039875200996365;0;1;;"test0";18185;31379195
373;1800771999;true;0.0039876752321978464;0;1;;"test0";11691;31379195
373;-2033517683;true;0.0039876752321978464;0;1;;"test0";23622;31379195
373;-2033517683;true;0.0039876752321978464;0;1;;"test0";20232;31379195
373;-505487246;true;0.004004046605180653;0;1;;"test0";17037;31379195
373;36160297;true;0.004004046605180653;0;1;;"test0";3;31379195
374;1152526083;false;-1;0;1;;"test0";NaN;31510299
374;1831559206;true;0.002574370709382151;0;1;;"test0";19709;31510299
374;-1152664738;true;0.003003432494279176;0;1;;"test0";23557;31510299
374;-1767006802;true;0.003003432494279176;0;1;;"test0";15753;31510299
374;1076616126;true;0.003003432494279176;0;1;;"test0";23339;31510299
374;1441420567;true;0.0034479590574637226;0;1;;"test0";20952;31510299
374;-1403868976;true;0.00357443459846366;0;1;;"test0";19099;31510299
374;-1151407332;true;0.0035766548471689967;0;1;;"test0";19739;31510299
374;-1151407332;true;0.0035766548471689967;0;1;;"test0";19696;31510299
374;-986699647;true;0.0035767064080505823;0;1;;"test0";17802;31510299
374;1082689380;true;0.0035994427202612617;0;1;;"test0";20439;31510299
374;-740700297;true;0.0037556268944582165;0;1;;"test0";23530;31510299
374;-643882316;true;0.003796113882157877;0;1;;"test0";21199;31510299
374;1932156296;true;0.003796113882157877;0;1;;"test0";23291;31510299
374;942401346;true;0.003796113882157877;0;1;;"test0";20879;31510299
374;-1867200565;true;0.003796113882157877;0;1;;"test0";19694;31510299
374;1737228549;true;0.0038780211351182588;0;1;;"test0";13517;31510299
374;366306599;true;0.0038780211351182588;0;1;;"test0";20509;31510299
374;1737228549;true;0.0038780211351182588;0;1;;"test0";20530;31510299
374;1737228549;true;0.0038780211351182588;0;1;;"test0";16186;31510299
374;-1186741689;true;0.003883749796821244;0;1;;"test0";20226;31510299
374;1160440822;true;0.003977482233872973;0;1;;"test0";16706;31510299
374;105520650;true;0.003977482233872973;0;1;;"test0";16602;31510299
374;-913374196;true;0.003977482233872973;0;1;;"test0";19798;31510299
374;105520650;true;0.003977482233872973;0;1;;"test0";15564;31510299
374;-1952153420;true;0.003987036140891227;0;1;;"test0";23106;31510299
374;155207885;true;0.003987036140891227;0;1;;"test0";15931;31510299
374;-271807841;true;0.003987036140891227;0;1;;"test0";20584;31510299
374;-1702475318;true;0.0039875200996365;0;1;;"test0";16309;31510299
374;-1702475318;true;0.0039875200996365;0;1;;"test0";19546;31510299
374;194334510;true;0.0039876752321978464;0;1;;"test0";20745;31510299
374;-1290549451;true;0.0039876752321978464;0;1;;"test0";19171;31510299
374;566479501;true;0.0039876752321978464;0;1;;"test0";22403;31510299
374;-1080022133;true;0.0039876752321978464;0;1;;"test0";17014;31510299
374;-2033517683;true;0.0039876752321978464;0;1;;"test0";17925;31510299
374;1612886803;true;0.0039876752321978464;0;1;;"test0";21560;31510299
374;-2033277624;true;0.0039876752321978464;0;1;;"test0";17213;31510299
374;-2033517683;true;0.0039876752321978464;0;1;;"test0";15985;31510299
374;37408851;true;0.0039876752321978464;0;1;;"test0";20968;31510299
374;-2033517683;true;0.0039876752321978464;0;1;;"test0";18851;31510299
374;-1526323051;true;0.0039876752321978464;0;1;;"test0";20170;31510299
374;-511881076;true;0.0039876752321978464;0;1;;"test0";16967;31510299
374;-505487246;true;0.004004046605180653;0;1;;"test0";16133;31510299
374;-505487246;true;0.004004046605180653;0;1;;"test0";16838;31510299
374;-1483855945;true;0.004004046605180653;0;1;;"test0";18903;31510299
374;-1479297934;true;0.004004046605180653;0;1;;"test0";17417;31510299
374;-505487246;true;0.004004046605180653;0;1;;"test0";20414;31510299
374;1406515176;true;0.004004046605180653;0;1;;"test0";19818;31510299
374;36160297;true;0.004004046605180653;0;1;;"test0";1;31510299
375;105520650;false;-1;0;1;;"test0";NaN;31639324
375;-876901094;true;0.003003432494279176;0;1;;"test0";15244;31639324
375;-1036112866;true;0.003003432494279176;0;1;;"test0";17380;31639324
375;-85670688;true;0.0035617287559843885;0;1;;"test0";19522;31639324
375;1096255718;true;0.0035740143104082077;0;1;;"test0";19800;31639324
375;-1403868976;true;0.00357443459846366;0;1;;"test0";17320;31639324
375;-1403868976;true;0.00357443459846366;0;1;;"test0";16813;31639324
375;937418890;true;0.0035766548471689967;0;1;;"test0";20090;31639324
375;1718223213;true;0.0035766548471689967;0;1;;"test0";16971;31639324
375;-1131288009;true;0.0035766548471689967;0;1;;"test0";15638;31639324
375;-767340014;true;0.0035767064080505823;0;1;;"test0";16166;31639324
375;-986699647;true;0.0035767064080505823;0;1;;"test0";15899;31639324
375;422859419;true;0.0035994427202612617;0;1;;"test0";18367;31639324
375;838522770;true;0.0035994427202612617;0;1;;"test0";22676;31639324
375;512701609;true;0.0035994427202612617;0;1;;"test0";19617;31639324
375;-1389145377;true;0.0035994427202612617;0;1;;"test0";16841;31639324
375;512754610;true;0.0035994427202612617;0;1;;"test0";16181;31639324
375;280942404;true;0.0035994427202612617;0;1;;"test0";17179;31639324
375;-919931068;true;0.0036050141056121966;0;1;;"test0";20875;31639324
375;1351320827;true;0.003796113882157877;0;1;;"test0";19674;31639324
375;703798288;true;0.003796113882157877;0;1;;"test0";17608;31639324
375;-554394702;true;0.0038780211351182588;0;1;;"test0";12841;31639324
375;419322468;true;0.0038780211351182588;0;1;;"test0";16171;31639324
375;-1186741689;true;0.003883749796821244;0;1;;"test0";16444;31639324
375;-1186741689;true;0.003883749796821244;0;1;;"test0";20833;31639324
375;2103387630;true;0.003883749796821244;0;1;;"test0";17650;31639324
375;-983274343;true;0.003883749796821244;0;1;;"test0";20084;31639324
375;790273687;true;0.003883749796821244;0;1;;"test0";23702;31639324
375;-1827860221;true;0.003971264222600891;0;1;;"test0";17557;31639324
375;105520650;true;0.003977482233872973;0;1;;"test0";18504;31639324
375;727403340;true;0.003977482233872973;0;1;;"test0";23702;31639324
375;1339511395;true;0.003977482233872973;0;1;;"test0";24419;31639324
375;-1021757003;true;0.003981412244461138;0;1;;"test0";22906;31639324
375;-457416690;true;0.003981412244461138;0;1;;"test0";21635;31639324
375;-1952153420;true;0.003987036140891227;0;1;;"test0";21633;31639324
375;155207885;true;0.003987036140891227;0;1;;"test0";17850;31639324
375;155207885;true;0.003987036140891227;0;1;;"test0";21652;31639324
375;-700231799;true;0.003987036140891227;0;1;;"test0";21181;31639324
375;-1621798558;true;0.0039875200996365;0;1;;"test0";17040;31639324
375;1171395922;true;0.0039876752321978464;0;1;;"test0";19480;31639324
375;-804654285;true;0.0039876752321978464;0;1;;"test0";18593;31639324
375;-2033517683;true;0.0039876752321978464;0;1;;"test0";18626;31639324
375;-2033517683;true;0.0039876752321978464;0;1;;"test0";18787;31639324
375;1406515176;true;0.004004046605180653;0;1;;"test0";2;31639324
375;36160297;true;0.004004046605180653;0;1;;"test0";2;31639324
375;-1316535382;true;0.004004046605180653;0;1;;"test0";13777;31639324
375;458356857;true;0.004004046605180653;0;1;;"test0";21229;31639324
375;-389933094;true;0.004004046605180653;0;1;;"test0";15227;31639324
375;-505487246;true;0.004004046605180653;0;1;;"test0";18600;31639324
375;-1122165183;true;0.004004046605180653;0;1;;"test0";19245;31639324
376;-554394702;false;-1;0;1;;"test0";NaN;31772440
376;-2070381968;true;0.002002288329519451;0;1;;"test0";22034;31772440
376;-56077534;true;0.003442222206620492;0;1;;"test0";21252;31772440
376;-2081099678;true;0.0035617287559843885;0;1;;"test0";18978;31772440
376;-1141422837;true;0.0035617287559843885;0;1;;"test0";20350;31772440
376;-1147235755;true;0.0035617287559843885;0;1;;"test0";15970;31772440
376;-1322419258;true;0.003572902373542371;0;1;;"test0";20639;31772440
376;1751638611;true;0.00357443459846366;0;1;;"test0";21337;31772440
376;-1403868976;true;0.00357443459846366;0;1;;"test0";16090;31772440
376;-1403868976;true;0.00357443459846366;0;1;;"test0";18764;31772440
376;2040575227;true;0.0035994427202612617;0;1;;"test0";22193;31772440
376;-1372603606;true;0.0036050141056121966;0;1;;"test0";20622;31772440
376;1147759471;true;0.0036050141056121966;0;1;;"test0";17036;31772440
376;1416200200;true;0.0036050141056121966;0;1;;"test0";15316;31772440
376;-919931068;true;0.0036050141056121966;0;1;;"test0";18837;31772440
376;-873450660;true;0.003796113882157877;0;1;;"test0";22041;31772440
376;1351320827;true;0.003796113882157877;0;1;;"test0";16940;31772440
376;1539014485;true;0.0038535632928195594;0;1;;"test0";20419;31772440
376;419322468;true;0.0038780211351182588;0;1;;"test0";20468;31772440
376;-1424520692;true;0.0038780211351182588;0;1;;"test0";21271;31772440
376;871555711;true;0.0038780211351182588;0;1;;"test0";20035;31772440
376;290944033;true;0.003883749796821244;0;1;;"test0";21182;31772440
376;-225655008;true;0.003883749796821244;0;1;;"test0";17699;31772440
376;1635911370;true;0.003883749796821244;0;1;;"test0";20231;31772440
376;-1186741689;true;0.003883749796821244;0;1;;"test0";20309;31772440
376;1484072610;true;0.003883749796821244;0;1;;"test0";18782;31772440
376;-1053057339;true;0.003883749796821244;0;1;;"test0";17450;31772440
376;2103387630;true;0.003883749796821244;0;1;;"test0";18866;31772440
376;699320374;true;0.003889272220475405;0;1;;"test0";21394;31772440
376;-1326780393;true;0.003971264222600891;0;1;;"test0";19910;31772440
376;1897967415;true;0.003971264222600891;0;1;;"test0";18327;31772440
376;-1827860221;true;0.003971264222600891;0;1;;"test0";20787;31772440
376;-207403437;true;0.003976110182310492;0;1;;"test0";22007;31772440
376;227998020;true;0.003981300282453391;0;1;;"test0";19562;31772440
376;1701100129;true;0.003981412244461138;0;1;;"test0";21692;31772440
376;54717529;true;0.003981412244461138;0;1;;"test0";21026;31772440
376;1539829524;true;0.003981412244461138;0;1;;"test0";19198;31772440
376;-457416690;true;0.003981412244461138;0;1;;"test0";20739;31772440
376;-346093559;true;0.003981412244461138;0;1;;"test0";14307;31772440
376;-573199207;true;0.003987036140891227;0;1;;"test0";19793;31772440
376;1495806285;true;0.003987036140891227;0;1;;"test0";14453;31772440
376;-1952153420;true;0.003987036140891227;0;1;;"test0";17914;31772440
376;155207885;true;0.003987036140891227;0;1;;"test0";21284;31772440
376;1171395922;true;0.0039876752321978464;0;1;;"test0";18875;31772440
376;695208054;true;0.0039876752321978464;0;1;;"test0";19841;31772440
376;-1660396682;true;0.003993948371944293;0;1;;"test0";17715;31772440
376;-388364966;true;0.004004046605180653;0;1;;"test0";20071;31772440
376;-1122165183;true;0.004004046605180653;0;1;;"test0";1;31772440
376;-505487246;true;0.004004046605180653;0;1;;"test0";1;31772440
376;458356857;true;0.004004046605180653;0;1;;"test0";17225;31772440
377;-783594322;true;0.002942137953579601;0;1;;"test0";15719;31899818
377;-1713400607;true;0.003003432494279176;0;1;;"test0";22996;31899818
377;-1612790167;true;0.0034523666030999104;0;1;;"test0";18180;31899818
377;-1559868881;true;0.0034546784230894746;0;1;;"test0";18747;31899818
377;1070268851;true;0.0035215107722845126;0;1;;"test0";14318;31899818
377;-1322419258;true;0.003572902373542371;0;1;;"test0";21596;31899818
377;1467331573;true;0.003572902373542371;0;1;;"test0";21779;31899818
377;99290514;true;0.0035734939223767545;0;1;;"test0";16209;31899818
377;735899978;true;0.0035755480409207082;0;1;;"test0";20001;31899818
377;497315216;true;0.0035755480409207082;0;1;;"test0";14756;31899818
377;-1613891906;true;0.0035994427202612617;0;1;;"test0";22757;31899818
377;1914908389;true;0.0035994427202612617;0;1;;"test0";20875;31899818
377;-685452008;true;0.0035994427202612617;0;1;;"test0";21765;31899818
377;1129542374;true;0.0035994427202612617;0;1;;"test0";22001;31899818
377;2040575227;true;0.0035994427202612617;0;1;;"test0";14507;31899818
377;-832974973;true;0.0035994427202612617;0;1;;"test0";15931;31899818
377;1718355784;true;0.0035994427202612617;0;1;;"test0";13992;31899818
377;-582646311;true;0.0038186493100642116;0;1;;"test0";19472;31899818
377;251504165;true;0.0038780211351182588;0;1;;"test0";17030;31899818
377;126668576;true;0.003883749796821244;0;1;;"test0";16756;31899818
377;-225655008;true;0.003883749796821244;0;1;;"test0";21127;31899818
377;-225655008;true;0.003883749796821244;0;1;;"test0";17576;31899818
377;-1380267455;true;0.003883749796821244;0;1;;"test0";21810;31899818
377;-2112861774;true;0.003883749796821244;0;1;;"test0";21390;31899818
377;-548076893;true;0.003889494001552823;0;1;;"test0";14814;31899818
377;187256674;true;0.003971264222600891;0;1;;"test0";16195;31899818
377;-772405589;true;0.003976110182310492;0;1;;"test0";16868;31899818
377;364116730;true;0.003976110182310492;0;1;;"test0";19792;31899818
377;-207403437;true;0.003976110182310492;0;1;;"test0";16868;31899818
377;-207403437;true;0.003976110182310492;0;1;;"test0";18741;31899818
377;-1519664464;true;0.003981412244461138;0;1;;"test0";22704;31899818
377;210425201;true;0.003981412244461138;0;1;;"test0";21101;31899818
377;-1096866140;true;0.003981412244461138;0;1;;"test0";22980;31899818
377;-468299814;true;0.003981412244461138;0;1;;"test0";17253;31899818
377;-1036357793;true;0.003981412244461138;0;1;;"test0";21364;31899818
377;865448159;true;0.003987036140891227;0;1;;"test0";21290;31899818
377;1929610023;true;0.003987036140891227;0;1;;"test0";18085;31899818
377;1301905511;true;0.003987036140891227;0;1;;"test0";22253;31899818
377;155207885;true;0.003987036140891227;0;1;;"test0";21884;31899818
377;-119587706;true;0.003987036140891227;0;1;;"test0";20460;31899818
377;519543550;true;0.003987036140891227;0;1;;"test0";19813;31899818
377;1543579685;true;0.003987036140891227;0;1;;"test0";21089;31899818
377;-1836288887;true;0.0039876752321978464;0;1;;"test0";21598;31899818
377;1596217378;true;0.003993948371944293;0;1;;"test0";14188;31899818
377;-1660396682;true;0.003993948371944293;0;1;;"test0";18709;31899818
377;1008579325;true;0.003993948371944293;0;1;;"test0";23032;31899818
377;2036030522;true;0.004004046605180653;0;1;;"test0";13776;31899818
377;744706114;true;0.004004046605180653;0;1;;"test0";14227;31899818
377;-505487246;true;0.004004046605180653;0;1;;"test0";1;31899818
377;458356857;true;0.004004046605180653;0;1;;"test0";2;31899818
378;-258061601;false;-1;0;1;;"test0";NaN;32025429
378;1639496367;true;0.002942137953579601;0;1;;"test0";13016;32025429
378;-1139018912;true;0.003003432494279176;0;1;;"test0";12274;32025429
378;429260500;true;0.003051106025934401;0;1;;"test0";17668;32025429
378;-288599618;true;0.0034523666030999104;0;1;;"test0";18201;32025429
378;-1612790167;true;0.0034523666030999104;0;1;;"test0";14256;32025429
378;-1086087366;true;0.0034523666030999104;0;1;;"test0";14240;32025429
378;-1612790167;true;0.0034523666030999104;0;1;;"test0";17980;32025429
378;1852334504;true;0.0035617287559843885;0;1;;"test0";16218;32025429
378;1467331573;true;0.003572902373542371;0;1;;"test0";15374;32025429
378;1691232149;true;0.003576611719395269;0;1;;"test0";20774;32025429
378;1166074515;true;0.0035766548471689967;0;1;;"test0";20490;32025429
378;115671566;true;0.0035994427202612617;0;1;;"test0";20482;32025429
378;-254554613;true;0.0035994427202612617;0;1;;"test0";20487;32025429
378;-190577986;true;0.0037726638165930795;0;1;;"test0";16518;32025429
378;-833990859;true;0.003796113882157877;0;1;;"test0";21688;32025429
378;251504165;true;0.0038780211351182588;0;1;;"test0";22690;32025429
378;-1022133938;true;0.0038780211351182588;0;1;;"test0";16567;32025429
378;251504165;true;0.0038780211351182588;0;1;;"test0";18391;32025429
378;-1391733156;true;0.0038780211351182588;0;1;;"test0";18839;32025429
378;-96038395;true;0.0038780211351182588;0;1;;"test0";16041;32025429
378;1322087963;true;0.0038780211351182588;0;1;;"test0";18616;32025429
378;1044572116;true;0.003964948277336747;0;1;;"test0";20481;32025429
378;187256674;true;0.003971264222600891;0;1;;"test0";18828;32025429
378;1143210229;true;0.003971264222600891;0;1;;"test0";18372;32025429
378;1848688220;true;0.003971264222600891;0;1;;"test0";18501;32025429
378;-207403437;true;0.003976110182310492;0;1;;"test0";21404;32025429
378;364116730;true;0.003976110182310492;0;1;;"test0";18641;32025429
378;-207403437;true;0.003976110182310492;0;1;;"test0";12921;32025429
378;364116730;true;0.003976110182310492;0;1;;"test0";20774;32025429
378;-207403437;true;0.003976110182310492;0;1;;"test0";21711;32025429
378;-1686145044;true;0.003976110182310492;0;1;;"test0";17656;32025429
378;-1519664464;true;0.003981412244461138;0;1;;"test0";23975;32025429
378;-2058139025;true;0.003981412244461138;0;1;;"test0";12891;32025429
378;1141677927;true;0.003981412244461138;0;1;;"test0";21964;32025429
378;-71089027;true;0.003981412244461138;0;1;;"test0";17518;32025429
378;1970522710;true;0.003981412244461138;0;1;;"test0";16201;32025429
378;950626437;true;0.003987036140891227;0;1;;"test0";21271;32025429
378;865448159;true;0.003987036140891227;0;1;;"test0";17532;32025429
378;1301905511;true;0.003987036140891227;0;1;;"test0";16101;32025429
378;-1836288887;true;0.0039876752321978464;0;1;;"test0";21278;32025429
378;-1608612057;true;0.003993948371944293;0;1;;"test0";14228;32025429
378;1008579325;true;0.003993948371944293;0;1;;"test0";14831;32025429
378;1809286152;true;0.004004046605180653;0;1;;"test0";20774;32025429
378;-1686192501;true;0.004004046605180653;0;1;;"test0";21528;32025429
378;458356857;true;0.004004046605180653;0;1;;"test0";3;32025429
378;-674867437;true;0.004004046605180653;0;1;;"test0";14855;32025429
378;-505487246;true;0.004004046605180653;0;1;;"test0";24002;32025429
378;-921860066;true;0.004004046605180653;0;1;;"test0";19614;32025429
379;-1451906698;true;0.003146453089244851;0;1;;"test0";22106;32157356
379;-1976604201;true;0.0034467854717855737;0;1;;"test0";22004;32157356
379;390616275;true;0.0035617287559843885;0;1;;"test0";20389;32157356
379;490520873;true;0.0035617287559843885;0;1;;"test0";11799;32157356
379;2037058430;true;0.003572902373542371;0;1;;"test0";19783;32157356
379;-1262997492;true;0.003572902373542371;0;1;;"test0";19306;32157356
379;1804178516;true;0.0035766548471689967;0;1;;"test0";21618;32157356
379;1512285546;true;0.0035766548471689967;0;1;;"test0";21684;32157356
379;1166074515;true;0.0035766548471689967;0;1;;"test0";19436;32157356
379;1399835970;true;0.0035766548471689967;0;1;;"test0";22028;32157356
379;580822178;true;0.0035766548471689967;0;1;;"test0";20374;32157356
379;-1243836011;true;0.0035994427202612617;0;1;;"test0";20390;32157356
379;-1507150445;true;0.0035994427202612617;0;1;;"test0";19425;32157356
379;-92440959;true;0.0035994427202612617;0;1;;"test0";24707;32157356
379;1545390180;true;0.0035994427202612617;0;1;;"test0";11971;32157356
379;-2124036903;true;0.0035994427202612617;0;1;;"test0";20366;32157356
379;1468516113;true;0.0035994427202612617;0;1;;"test0";19686;32157356
379;-1655122596;true;0.0037726638165930795;0;1;;"test0";22978;32157356
379;1225105527;true;0.003796113882157877;0;1;;"test0";21713;32157356
379;-1945698227;true;0.003852280883435768;0;1;;"test0";24727;32157356
379;361235304;true;0.003852280883435768;0;1;;"test0";12526;32157356
379;198504624;true;0.0038780211351182588;0;1;;"test0";15570;32157356
379;1322087963;true;0.0038780211351182588;0;1;;"test0";18850;32157356
379;251504165;true;0.0038780211351182588;0;1;;"test0";17744;32157356
379;-1965332643;true;0.0038780211351182588;0;1;;"test0";23194;32157356
379;591405475;true;0.003964948277336747;0;1;;"test0";23574;32157356
379;1143210229;true;0.003971264222600891;0;1;;"test0";25457;32157356
379;-620413318;true;0.003971264222600891;0;1;;"test0";18649;32157356
379;1744244682;true;0.003976110182310492;0;1;;"test0";23630;32157356
379;911145983;true;0.003976110182310492;0;1;;"test0";22131;32157356
379;364116730;true;0.003976110182310492;0;1;;"test0";16122;32157356
379;-139794589;true;0.003977482233872973;0;1;;"test0";23524;32157356
379;1141677927;true;0.003981412244461138;0;1;;"test0";23600;32157356
379;1097162463;true;0.003981412244461138;0;1;;"test0";19713;32157356
379;-432136321;true;0.003981412244461138;0;1;;"test0";20083;32157356
379;351807972;true;0.003981412244461138;0;1;;"test0";19236;32157356
379;1141677927;true;0.003981412244461138;0;1;;"test0";20969;32157356
379;977652900;true;0.003981412244461138;0;1;;"test0";18690;32157356
379;-2019514579;true;0.003987036140891227;0;1;;"test0";17254;32157356
379;-804381678;true;0.003987036140891227;0;1;;"test0";24159;32157356
379;208753393;true;0.0039876752321978464;0;1;;"test0";18440;32157356
379;-927843342;true;0.0039876752321978464;0;1;;"test0";18831;32157356
379;320866506;true;0.003993948371944293;0;1;;"test0";23373;32157356
379;-757312770;true;0.003993948371944293;0;1;;"test0";18926;32157356
379;1334018223;true;0.003993948371944293;0;1;;"test0";21937;32157356
379;1008579325;true;0.003993948371944293;0;1;;"test0";20172;32157356
379;-505487246;true;0.004004046605180653;0;1;;"test0";15805;32157356
379;-921860066;true;0.004004046605180653;0;1;;"test0";3;32157356
379;-505487246;true;0.004004046605180653;0;1;;"test0";19129;32157356
380;838936752;false;-1;0;1;;"test0";NaN;32292315
380;-1976604201;true;0.0034467854717855737;0;1;;"test0";19809;32292315
380;-1487641317;true;0.0034467854717855737;0;1;;"test0";20228;32292315
380;1233498930;true;0.0034523666030999104;0;1;;"test0";14764;32292315
380;1592222135;true;0.00356654182883811;0;1;;"test0";15976;32292315
380;-676288776;true;0.0035733377669226805;0;1;;"test0";14724;32292315
380;1912389683;true;0.003573759106305973;0;1;;"test0";21847;32292315
380;1708158096;true;0.0035994427202612617;0;1;;"test0";17208;32292315
380;945230208;true;0.0035994427202612617;0;1;;"test0";17212;32292315
380;-345542221;true;0.0035994427202612617;0;1;;"test0";12570;32292315
380;-427793935;true;0.0035994427202612617;0;1;;"test0";19395;32292315
380;-1248784474;true;0.0037726638165930795;0;1;;"test0";14776;32292315
380;-1655122596;true;0.0037726638165930795;0;1;;"test0";13752;32292315
380;1959727282;true;0.003796113882157877;0;1;;"test0";20478;32292315
380;71907140;true;0.003852280883435768;0;1;;"test0";18971;32292315
380;-1945698227;true;0.003852280883435768;0;1;;"test0";17904;32292315
380;1946755111;true;0.003964948277336747;0;1;;"test0";20287;32292315
380;591405475;true;0.003964948277336747;0;1;;"test0";18257;32292315
380;-1070361644;true;0.003971264222600891;0;1;;"test0";21487;32292315
380;-1221257260;true;0.003971264222600891;0;1;;"test0";20424;32292315
380;-435511493;true;0.003971264222600891;0;1;;"test0";23771;32292315
380;813927915;true;0.003976110182310492;0;1;;"test0";17797;32292315
380;-139794589;true;0.003977482233872973;0;1;;"test0";18896;32292315
380;-1871549522;true;0.003977482233872973;0;1;;"test0";23113;32292315
380;2123154385;true;0.003977482233872973;0;1;;"test0";21503;32292315
380;-1607380234;true;0.003981300282453391;0;1;;"test0";20666;32292315
380;-235031566;true;0.003981412244461138;0;1;;"test0";17576;32292315
380;-421971933;true;0.003981412244461138;0;1;;"test0";16508;32292315
380;1977940986;true;0.003981412244461138;0;1;;"test0";14980;32292315
380;-1691367582;true;0.003981412244461138;0;1;;"test0";20504;32292315
380;302025396;true;0.003987036140891227;0;1;;"test0";21280;32292315
380;-2019514579;true;0.003987036140891227;0;1;;"test0";18482;32292315
380;-2019514579;true;0.003987036140891227;0;1;;"test0";21435;32292315
380;-804381678;true;0.003987036140891227;0;1;;"test0";16139;32292315
380;328844993;true;0.0039876752321978464;0;1;;"test0";15855;32292315
380;944862474;true;0.0039876752321978464;0;1;;"test0";17613;32292315
380;927982529;true;0.0039876752321978464;0;1;;"test0";19708;32292315
380;208753393;true;0.0039876752321978464;0;1;;"test0";20475;32292315
380;-927843342;true;0.0039876752321978464;0;1;;"test0";15954;32292315
380;-927843342;true;0.0039876752321978464;0;1;;"test0";20265;32292315
380;1168135892;true;0.0039876752321978464;0;1;;"test0";18908;32292315
380;1635126860;true;0.003993948371944293;0;1;;"test0";19410;32292315
380;99050731;true;0.003993948371944293;0;1;;"test0";15196;32292315
380;320866506;true;0.003993948371944293;0;1;;"test0";17510;32292315
380;-1406325590;true;0.003993948371944293;0;1;;"test0";19615;32292315
380;1334018223;true;0.003993948371944293;0;1;;"test0";18043;32292315
380;1384648363;true;0.003993948371944293;0;1;;"test0";16158;32292315
380;-921860066;true;0.004004046605180653;0;1;;"test0";1;32292315
380;-505487246;true;0.004004046605180653;0;1;;"test0";16964;32292315
381;-1059560518;true;0.0035617287559843885;0;1;;"test0";20832;32418605
381;2034293941;true;0.0035660236230208833;0;1;;"test0";18436;32418605
381;1592222135;true;0.00356654182883811;0;1;;"test0";15720;32418605
381;2002002598;true;0.0035733377669226805;0;1;;"test0";21821;32418605
381;-1567345946;true;0.0035774120306526374;0;1;;"test0";19820;32418605
381;-1054615937;true;0.0035774120306526374;0;1;;"test0";16228;32418605
381;1703135820;true;0.003589780468854563;0;1;;"test0";21752;32418605
381;-1146420709;true;0.0035994427202612617;0;1;;"test0";20613;32418605
381;481762989;true;0.0035994427202612617;0;1;;"test0";22137;32418605
381;-744540553;true;0.0035994427202612617;0;1;;"test0";21939;32418605
381;-2086967968;true;0.0035994427202612617;0;1;;"test0";21367;32418605
381;-989172428;true;0.0035994427202612617;0;1;;"test0";18748;32418605
381;1959727282;true;0.003796113882157877;0;1;;"test0";22398;32418605
381;1959727282;true;0.003796113882157877;0;1;;"test0";24617;32418605
381;-1689082440;true;0.003852280883435768;0;1;;"test0";18122;32418605
381;-1035138357;true;0.0038535632928195594;0;1;;"test0";21380;32418605
381;1502391514;true;0.003964948277336747;0;1;;"test0";15556;32418605
381;36424939;true;0.003971264222600891;0;1;;"test0";12889;32418605
381;-282546825;true;0.003971264222600891;0;1;;"test0";15962;32418605
381;-508352424;true;0.003971264222600891;0;1;;"test0";22113;32418605
381;813927915;true;0.003976110182310492;0;1;;"test0";21390;32418605
381;813927915;true;0.003976110182310492;0;1;;"test0";18003;32418605
381;-1566218288;true;0.003976110182310492;0;1;;"test0";21202;32418605
381;813927915;true;0.003976110182310492;0;1;;"test0";20244;32418605
381;-261302129;true;0.003977482233872973;0;1;;"test0";19158;32418605
381;-1795413189;true;0.003977482233872973;0;1;;"test0";16314;32418605
381;-1182920450;true;0.003977482233872973;0;1;;"test0";21962;32418605
381;-1951231728;true;0.003977482233872973;0;1;;"test0";21912;32418605
381;-34864084;true;0.003977482233872973;0;1;;"test0";20333;32418605
381;1116702411;true;0.003981300282453391;0;1;;"test0";15635;32418605
381;-1607380234;true;0.003981300282453391;0;1;;"test0";15407;32418605
381;1140205659;true;0.003981300282453391;0;1;;"test0";16397;32418605
381;1977940986;true;0.003981412244461138;0;1;;"test0";21953;32418605
381;-1141544833;true;0.003981412244461138;0;1;;"test0";20324;32418605
381;-1973498724;true;0.003981412244461138;0;1;;"test0";19797;32418605
381;32403270;true;0.003981412244461138;0;1;;"test0";20322;32418605
381;1977940986;true;0.003981412244461138;0;1;;"test0";23098;32418605
381;-804381678;true;0.003987036140891227;0;1;;"test0";17987;32418605
381;-29312193;true;0.003987036140891227;0;1;;"test0";15522;32418605
381;-1549974464;true;0.0039876752321978464;0;1;;"test0";18948;32418605
381;-1229556780;true;0.0039876752321978464;0;1;;"test0";19944;32418605
381;21134762;true;0.0039876752321978464;0;1;;"test0";18697;32418605
381;-489566817;true;0.0039876752321978464;0;1;;"test0";18149;32418605
381;1334018223;true;0.003993948371944293;0;1;;"test0";21284;32418605
381;-409909017;true;0.003993948371944293;0;1;;"test0";19216;32418605
381;-1169934887;true;0.003993948371944293;0;1;;"test0";16471;32418605
381;-2059202779;true;0.003997882765149081;0;1;;"test0";21135;32418605
381;-505487246;true;0.004004046605180653;0;1;;"test0";17544;32418605
381;-921860066;true;0.004004046605180653;0;1;;"test0";3;32418605
382;-920054432;true;0.003003432494279176;0;1;;"test0";19889;32544230
382;-728663505;true;0.003442413230753745;0;1;;"test0";21403;32544230
382;-303873400;true;0.00345049114166193;0;1;;"test0";18248;32544230
382;1703135820;true;0.003589780468854563;0;1;;"test0";18074;32544230
382;1703135820;true;0.003589780468854563;0;1;;"test0";19533;32544230
382;-666145097;true;0.0035994427202612617;0;1;;"test0";16887;32544230
382;1778662583;true;0.0035994427202612617;0;1;;"test0";19184;32544230
382;-730907111;true;0.0035994427202612617;0;1;;"test0";21303;32544230
382;258989327;true;0.003796113882157877;0;1;;"test0";21251;32544230
382;-226810935;true;0.003796113882157877;0;1;;"test0";19254;32544230
382;-677148313;true;0.003824275018051929;0;1;;"test0";24272;32544230
382;-921813876;true;0.0038334474459732447;0;1;;"test0";21395;32544230
382;-1862197588;true;0.0038342863803856554;0;1;;"test0";18860;32544230
382;-1098659714;true;0.003852280883435768;0;1;;"test0";12903;32544230
382;-1689082440;true;0.003852280883435768;0;1;;"test0";14135;32544230
382;-496804151;true;0.003852280883435768;0;1;;"test0";17645;32544230
382;-1035138357;true;0.0038535632928195594;0;1;;"test0";14780;32544230
382;1101364810;true;0.0038535632928195594;0;1;;"test0";13552;32544230
382;884046853;true;0.0038549056303840293;0;1;;"test0";17784;32544230
382;-2094005338;true;0.0038549056303840293;0;1;;"test0";19437;32544230
382;-282546825;true;0.003971264222600891;0;1;;"test0";18664;32544230
382;-282546825;true;0.003971264222600891;0;1;;"test0";20981;32544230
382;-282546825;true;0.003971264222600891;0;1;;"test0";20244;32544230
382;901471823;true;0.003977482233872973;0;1;;"test0";18069;32544230
382;597447507;true;0.003977482233872973;0;1;;"test0";18034;32544230
382;-1374186726;true;0.003977482233872973;0;1;;"test0";23027;32544230
382;1319632863;true;0.003977482233872973;0;1;;"test0";23003;32544230
382;1858027296;true;0.003977482233872973;0;1;;"test0";18071;32544230
382;-15322771;true;0.003981300282453391;0;1;;"test0";21627;32544230
382;878854801;true;0.003981412244461138;0;1;;"test0";21489;32544230
382;1977940986;true;0.003981412244461138;0;1;;"test0";19776;32544230
382;-795307912;true;0.003981412244461138;0;1;;"test0";22656;32544230
382;1751215095;true;0.003981412244461138;0;1;;"test0";18906;32544230
382;32403270;true;0.003981412244461138;0;1;;"test0";19622;32544230
382;-1956681713;true;0.003987036140891227;0;1;;"test0";19912;32544230
382;-824929256;true;0.003987036140891227;0;1;;"test0";19660;32544230
382;-804381678;true;0.003987036140891227;0;1;;"test0";18321;32544230
382;-489566817;true;0.0039876752321978464;0;1;;"test0";19228;32544230
382;21134762;true;0.0039876752321978464;0;1;;"test0";23042;32544230
382;-1328948835;true;0.0039876752321978464;0;1;;"test0";18043;32544230
382;-489566817;true;0.0039876752321978464;0;1;;"test0";18038;32544230
382;-1229556780;true;0.0039876752321978464;0;1;;"test0";20288;32544230
382;1481120125;true;0.0039876752321978464;0;1;;"test0";17606;32544230
382;-2136244744;true;0.0039876752321978464;0;1;;"test0";19334;32544230
382;-929178813;true;0.0039876752321978464;0;1;;"test0";22063;32544230
382;-2059202779;true;0.003997882765149081;0;1;;"test0";19312;32544230
382;1254931736;true;0.003997882765149081;0;1;;"test0";16665;32544230
382;-921860066;true;0.004004046605180653;0;1;;"test0";1;32544230
382;1934190270;true;0.004004046605180653;0;1;;"test0";19340;32544230
382;-505487246;true;0.004004046605180653;0;1;;"test0";1;32544230
383;1765781588;true;0.003003432494279176;0;1;;"test0";15537;32677331
383;2078166715;true;0.00344317229631812;0;1;;"test0";24589;32677331
383;-2109860771;true;0.00345049114166193;0;1;;"test0";24911;32677331
383;1843279323;true;0.00345049114166193;0;1;;"test0";24967;32677331
383;-1882135227;true;0.003573759106305973;0;1;;"test0";15631;32677331
383;-637068815;true;0.0035790244881180396;0;1;;"test0";28704;32677331
383;-1414660516;true;0.0035994427202612617;0;1;;"test0";13010;32677331
383;-1734180864;true;0.0035994427202612617;0;1;;"test0";13224;32677331
383;-529723566;true;0.0035994427202612617;0;1;;"test0";15172;32677331
383;-1410897507;true;0.003796113882157877;0;1;;"test0";20390;32677331
383;-1079379768;true;0.00381149580404782;0;1;;"test0";18531;32677331
383;-921813876;true;0.0038334474459732447;0;1;;"test0";12802;32677331
383;483593240;true;0.0038342863803856554;0;1;;"test0";18557;32677331
383;-1889205195;true;0.0038342863803856554;0;1;;"test0";25650;32677331
383;-1862197588;true;0.0038342863803856554;0;1;;"test0";15994;32677331
383;-373598810;true;0.0038342863803856554;0;1;;"test0";25078;32677331
383;1334420797;true;0.003852280883435768;0;1;;"test0";15932;32677331
383;-496804151;true;0.003852280883435768;0;1;;"test0";27165;32677331
383;1661653859;true;0.0038535632928195594;0;1;;"test0";17845;32677331
383;-1035138357;true;0.0038535632928195594;0;1;;"test0";18064;32677331
383;2116232553;true;0.0038535632928195594;0;1;;"test0";29063;32677331
383;884046853;true;0.0038549056303840293;0;1;;"test0";20890;32677331
383;-259293575;true;0.0038549056303840293;0;1;;"test0";17975;32677331
383;979419408;true;0.003971264222600891;0;1;;"test0";14611;32677331
383;1832360042;true;0.003971264222600891;0;1;;"test0";26215;32677331
383;139446361;true;0.003981300282453391;0;1;;"test0";24983;32677331
383;774595777;true;0.003981412244461138;0;1;;"test0";24871;32677331
383;-2030037072;true;0.003981412244461138;0;1;;"test0";18096;32677331
383;2099279944;true;0.003981412244461138;0;1;;"test0";27388;32677331
383;920571856;true;0.003981412244461138;0;1;;"test0";18072;32677331
383;-1961928298;true;0.003987036140891227;0;1;;"test0";20626;32677331
383;1252565521;true;0.003987036140891227;0;1;;"test0";23636;32677331
383;-1858956301;true;0.003987036140891227;0;1;;"test0";23403;32677331
383;-1956681713;true;0.003987036140891227;0;1;;"test0";24694;32677331
383;2016371689;true;0.0039876752321978464;0;1;;"test0";17882;32677331
383;-2074024564;true;0.0039876752321978464;0;1;;"test0";17866;32677331
383;21134762;true;0.0039876752321978464;0;1;;"test0";22880;32677331
383;948796219;true;0.003993948371944293;0;1;;"test0";24001;32677331
383;-1197774067;true;0.003993948371944293;0;1;;"test0";15719;32677331
383;-72280369;true;0.003997882765149081;0;1;;"test0";27509;32677331
383;-88846031;true;0.003997882765149081;0;1;;"test0";20769;32677331
383;924635867;true;0.003997882765149081;0;1;;"test0";17912;32677331
383;1254931736;true;0.003997882765149081;0;1;;"test0";15384;32677331
383;-294955522;true;0.003997882765149081;0;1;;"test0";18381;32677331
383;1640718502;true;0.003997882765149081;0;1;;"test0";18186;32677331
383;-253324975;true;0.003998678592409576;0;1;;"test0";20736;32677331
383;1934190270;true;0.004004046605180653;0;1;;"test0";27735;32677331
383;-921860066;true;0.004004046605180653;0;1;;"test0";18026;32677331
383;-505487246;true;0.004004046605180653;0;1;;"test0";1;32677331
384;-1986157927;true;0.00286427732079906;0;1;;"test0";27229;32830037
384;1934883723;true;0.002942137953579601;0;1;;"test0";26898;32830037
384;1550286277;true;0.003003432494279176;0;1;;"test0";22557;32830037
384;-374657759;true;0.003003432494279176;0;1;;"test0";19604;32830037
384;1137811007;true;0.003442745136166407;0;1;;"test0";26416;32830037
384;707871999;true;0.0035617287559843885;0;1;;"test0";20558;32830037
384;-1697544824;true;0.003573759106305973;0;1;;"test0";26674;32830037
384;-1882135227;true;0.003573759106305973;0;1;;"test0";19194;32830037
384;957871413;true;0.0035755480409207082;0;1;;"test0";23679;32830037
384;-1874101943;true;0.0035994427202612617;0;1;;"test0";27100;32830037
384;-1638255681;true;0.0035994427202612617;0;1;;"test0";23080;32830037
384;1849357247;true;0.0037726638165930795;0;1;;"test0";27397;32830037
384;1631821647;true;0.003796113882157877;0;1;;"test0";17348;32830037
384;1334420797;true;0.003852280883435768;0;1;;"test0";18239;32830037
384;-536158485;true;0.003852280883435768;0;1;;"test0";21783;32830037
384;1334420797;true;0.003852280883435768;0;1;;"test0";19743;32830037
384;-1415877883;true;0.0038535632928195594;0;1;;"test0";17912;32830037
384;1661653859;true;0.0038535632928195594;0;1;;"test0";19398;32830037
384;884046853;true;0.0038549056303840293;0;1;;"test0";25991;32830037
384;-831374082;true;0.0038549056303840293;0;1;;"test0";27765;32830037
384;-336319785;true;0.003889272220475405;0;1;;"test0";24669;32830037
384;979419408;true;0.003971264222600891;0;1;;"test0";17554;32830037
384;979419408;true;0.003971264222600891;0;1;;"test0";22103;32830037
384;-1863602574;true;0.003981300282453391;0;1;;"test0";27455;32830037
384;-944336039;true;0.003981300282453391;0;1;;"test0";24523;32830037
384;-1007282626;true;0.003981300282453391;0;1;;"test0";23755;32830037
384;774595777;true;0.003981412244461138;0;1;;"test0";19324;32830037
384;774595777;true;0.003981412244461138;0;1;;"test0";26973;32830037
384;-811122481;true;0.003981412244461138;0;1;;"test0";24461;32830037
384;-1143170194;true;0.003981412244461138;0;1;;"test0";28142;32830037
384;-222055840;true;0.003987036140891227;0;1;;"test0";27182;32830037
384;-1235074927;true;0.003987036140891227;0;1;;"test0";25352;32830037
384;526766734;true;0.003987036140891227;0;1;;"test0";24392;32830037
384;-856528681;true;0.0039876752321978464;0;1;;"test0";26009;32830037
384;-395747874;true;0.0039876752321978464;0;1;;"test0";12963;32830037
384;1356216968;true;0.003993948371944293;0;1;;"test0";18184;32830037
384;1640718502;true;0.003997882765149081;0;1;;"test0";27492;32830037
384;-253324975;true;0.003998678592409576;0;1;;"test0";23319;32830037
384;1204061326;true;0.003998678592409576;0;1;;"test0";19285;32830037
384;449569986;true;0.003998678592409576;0;1;;"test0";28304;32830037
384;1689289350;true;0.003998678592409576;0;1;;"test0";28183;32830037
384;285058862;true;0.003998678592409576;0;1;;"test0";27028;32830037
384;-468509500;true;0.004004046605180653;0;1;;"test0";24525;32830037
384;1374504814;true;0.004004046605180653;0;1;;"test0";24554;32830037
384;-921860066;true;0.004004046605180653;0;1;;"test0";21768;32830037
384;1323462396;true;0.004004046605180653;0;1;;"test0";19568;32830037
384;-505487246;true;0.004004046605180653;0;1;;"test0";24136;32830037
384;-505487246;true;0.004004046605180653;0;1;;"test0";26201;32830037
385;1017432556;true;0.003003432494279176;0;1;;"test0";26551;32991149
385;1001686369;true;0.003146453089244851;0;1;;"test0";28459;32991149
385;1284782813;true;0.0035617287559843885;0;1;;"test0";25838;32991149
385;975033191;true;0.00357443459846366;0;1;;"test0";23683;32991149
385;1887136470;true;0.0035994427202612617;0;1;;"test0";19522;32991149
385;1936752815;true;0.0035994427202612617;0;1;;"test0";26977;32991149
385;-1298742249;true;0.0037726638165930795;0;1;;"test0";29450;32991149
385;487913791;true;0.0037726638165930795;0;1;;"test0";23797;32991149
385;1267776515;true;0.0037726638165930795;0;1;;"test0";24382;32991149
385;-67145715;true;0.003852280883435768;0;1;;"test0";27562;32991149
385;696235305;true;0.003852280883435768;0;1;;"test0";28037;32991149
385;-1415877883;true;0.0038535632928195594;0;1;;"test0";29578;32991149
385;884046853;true;0.0038549056303840293;0;1;;"test0";18277;32991149
385;884046853;true;0.0038549056303840293;0;1;;"test0";25165;32991149
385;1193715621;true;0.0038870282335081445;0;1;;"test0";25691;32991149
385;-494798668;true;0.003889272220475405;0;1;;"test0";14523;32991149
385;-336319785;true;0.003889272220475405;0;1;;"test0";24174;32991149
385;992379275;true;0.003889272220475405;0;1;;"test0";29654;32991149
385;-752526899;true;0.003889272220475405;0;1;;"test0";23740;32991149
385;1636074439;true;0.003889272220475405;0;1;;"test0";22507;32991149
385;-336319785;true;0.003889272220475405;0;1;;"test0";21461;32991149
385;979419408;true;0.003971264222600891;0;1;;"test0";28201;32991149
385;-799116349;true;0.003971264222600891;0;1;;"test0";22504;32991149
385;979419408;true;0.003971264222600891;0;1;;"test0";29501;32991149
385;1183725832;true;0.003971264222600891;0;1;;"test0";27805;32991149
385;746065429;true;0.003971264222600891;0;1;;"test0";26526;32991149
385;319590336;true;0.003971264222600891;0;1;;"test0";20811;32991149
385;271729764;true;0.003971264222600891;0;1;;"test0";23951;32991149
385;-1137618950;true;0.003971264222600891;0;1;;"test0";21863;32991149
385;-543403845;true;0.003981412244461138;0;1;;"test0";26851;32991149
385;-1143170194;true;0.003981412244461138;0;1;;"test0";26019;32991149
385;-811122481;true;0.003981412244461138;0;1;;"test0";26294;32991149
385;789928475;true;0.003981412244461138;0;1;;"test0";28057;32991149
385;-172439237;true;0.003981412244461138;0;1;;"test0";26573;32991149
385;-1235074927;true;0.003987036140891227;0;1;;"test0";27918;32991149
385;1317825422;true;0.003987036140891227;0;1;;"test0";26483;32991149
385;526766734;true;0.003987036140891227;0;1;;"test0";24322;32991149
385;1386199564;true;0.0039876752321978464;0;1;;"test0";22819;32991149
385;-856528681;true;0.0039876752321978464;0;1;;"test0";28798;32991149
385;-235301112;true;0.0039876752321978464;0;1;;"test0";18977;32991149
385;1370353073;true;0.0039876752321978464;0;1;;"test0";18202;32991149
385;-565820056;true;0.0039876752321978464;0;1;;"test0";28761;32991149
385;-496857958;true;0.003993948371944293;0;1;;"test0";22181;32991149
385;238105632;true;0.003998678592409576;0;1;;"test0";21533;32991149
385;-505487246;true;0.004004046605180653;0;1;;"test0";18957;32991149
385;-1895898741;true;0.004004046605180653;0;1;;"test0";24290;32991149
385;-505487246;true;0.004004046605180653;0;1;;"test0";26593;32991149
385;-505487246;true;0.004004046605180653;0;1;;"test0";26924;32991149
386;779715099;true;0.00286427732079906;0;1;;"test0";18150;33145683
386;1017432556;true;0.003003432494279176;0;1;;"test0";22059;33145683
386;-959527757;true;0.003003432494279176;0;1;;"test0";14205;33145683
386;-1134782036;true;0.003003432494279176;0;1;;"test0";27973;33145683
386;601594966;true;0.003003432494279176;0;1;;"test0";22948;33145683
386;-356745567;true;0.003003432494279176;0;1;;"test0";23243;33145683
386;-2113788776;true;0.003442488365561788;0;1;;"test0";21948;33145683
386;-683224667;true;0.00345049114166193;0;1;;"test0";23545;33145683
386;1470650936;true;0.003575939452459612;0;1;;"test0";29893;33145683
386;-1542843521;true;0.0035761949350077305;0;1;;"test0";20833;33145683
386;1239175690;true;0.0035770398347859406;0;1;;"test0";28237;33145683
386;2094553376;true;0.0035854007793519123;0;1;;"test0";24218;33145683
386;-2004842047;true;0.0035994427202612617;0;1;;"test0";27739;33145683
386;1881562228;true;0.0035994427202612617;0;1;;"test0";26586;33145683
386;-850452281;true;0.0035994427202612617;0;1;;"test0";20008;33145683
386;-858340429;true;0.0035994427202612617;0;1;;"test0";28386;33145683
386;-582657095;true;0.0037726638165930795;0;1;;"test0";22898;33145683
386;1444282253;true;0.0037726638165930795;0;1;;"test0";25985;33145683
386;1582370942;true;0.0038870282335081445;0;1;;"test0";21303;33145683
386;1193715621;true;0.0038870282335081445;0;1;;"test0";24000;33145683
386;1193715621;true;0.0038870282335081445;0;1;;"test0";22010;33145683
386;34857212;true;0.003971264222600891;0;1;;"test0";22483;33145683
386;1371926482;true;0.003971264222600891;0;1;;"test0";21634;33145683
386;1183725832;true;0.003971264222600891;0;1;;"test0";13678;33145683
386;-1641117457;true;0.003977482233872973;0;1;;"test0";16191;33145683
386;-172439237;true;0.003981412244461138;0;1;;"test0";23460;33145683
386;789928475;true;0.003981412244461138;0;1;;"test0";21606;33145683
386;-496346625;true;0.003981412244461138;0;1;;"test0";21673;33145683
386;-1797028160;true;0.003981412244461138;0;1;;"test0";24207;33145683
386;789928475;true;0.003981412244461138;0;1;;"test0";27221;33145683
386;-811122481;true;0.003981412244461138;0;1;;"test0";21564;33145683
386;-1399862937;true;0.003981412244461138;0;1;;"test0";22947;33145683
386;789928475;true;0.003981412244461138;0;1;;"test0";27225;33145683
386;-811122481;true;0.003981412244461138;0;1;;"test0";21900;33145683
386;1317825422;true;0.003987036140891227;0;1;;"test0";25281;33145683
386;888585772;true;0.003987036140891227;0;1;;"test0";27203;33145683
386;526766734;true;0.003987036140891227;0;1;;"test0";23013;33145683
386;-856528681;true;0.0039876752321978464;0;1;;"test0";15927;33145683
386;-496857958;true;0.003993948371944293;0;1;;"test0";17916;33145683
386;-1907516703;true;0.003993948371944293;0;1;;"test0";21092;33145683
386;-1640575296;true;0.003993948371944293;0;1;;"test0";21349;33145683
386;448976717;true;0.003993948371944293;0;1;;"test0";18027;33145683
386;-1380085093;true;0.003998678592409576;0;1;;"test0";28741;33145683
386;854807534;true;0.003998678592409576;0;1;;"test0";28263;33145683
386;-768029369;true;0.004004046605180653;0;1;;"test0";29852;33145683
386;-1497106928;true;0.004004046605180653;0;1;;"test0";28026;33145683
386;-1861559541;true;0.004004046605180653;0;1;;"test0";26718;33145683
386;-505487246;true;0.004004046605180653;0;1;;"test0";27093;33145683
387;-2027088473;true;0.002002288329519451;0;1;;"test0";23406;33307358
387;-1443412162;true;0.003003432494279176;0;1;;"test0";29223;33307358
387;1093483929;true;0.003003432494279176;0;1;;"test0";27496;33307358
387;-1242260806;true;0.003003432494279176;0;1;;"test0";22631;33307358
387;422372016;true;0.003003432494279176;0;1;;"test0";25752;33307358
387;563709327;true;0.003003432494279176;0;1;;"test0";28791;33307358
387;1545987493;true;0.0034701013289546614;0;1;;"test0";27515;33307358
387;-2046947967;true;0.003573759106305973;0;1;;"test0";30013;33307358
387;1470650936;true;0.003575939452459612;0;1;;"test0";22595;33307358
387;2062840464;true;0.0035854007793519123;0;1;;"test0";26234;33307358
387;990690873;true;0.0035854007793519123;0;1;;"test0";22240;33307358
387;-1857854523;true;0.0035866790158134215;0;1;;"test0";24283;33307358
387;-858340429;true;0.0035994427202612617;0;1;;"test0";25322;33307358
387;1681881258;true;0.0035994427202612617;0;1;;"test0";21746;33307358
387;107103362;true;0.0037726638165930795;0;1;;"test0";16340;33307358
387;1518356276;true;0.0037726638165930795;0;1;;"test0";25283;33307358
387;-582657095;true;0.0037726638165930795;0;1;;"test0";25683;33307358
387;-261851646;true;0.003796113882157877;0;1;;"test0";14404;33307358
387;96107821;true;0.003821957816198648;0;1;;"test0";23227;33307358
387;-961223826;true;0.0038535632928195594;0;1;;"test0";24255;33307358
387;-1796169111;true;0.0038870282335081445;0;1;;"test0";19791;33307358
387;908637101;true;0.0038870282335081445;0;1;;"test0";26441;33307358
387;1193715621;true;0.0038870282335081445;0;1;;"test0";25088;33307358
387;1183725832;true;0.003971264222600891;0;1;;"test0";25215;33307358
387;692060701;true;0.003971264222600891;0;1;;"test0";28910;33307358
387;294274115;true;0.003977482233872973;0;1;;"test0";24084;33307358
387;-1569603041;true;0.003977482233872973;0;1;;"test0";25113;33307358
387;-1097628999;true;0.003977482233872973;0;1;;"test0";22352;33307358
387;2087118325;true;0.003977482233872973;0;1;;"test0";29449;33307358
387;-1641117457;true;0.003977482233872973;0;1;;"test0";26295;33307358
387;-1641117457;true;0.003977482233872973;0;1;;"test0";23924;33307358
387;-1641117457;true;0.003977482233872973;0;1;;"test0";26224;33307358
387;2125143119;true;0.003981412244461138;0;1;;"test0";29610;33307358
387;1558104729;true;0.003981412244461138;0;1;;"test0";22599;33307358
387;789928475;true;0.003981412244461138;0;1;;"test0";25669;33307358
387;-856528681;true;0.0039876752321978464;0;1;;"test0";22397;33307358
387;-694883141;true;0.0039876752321978464;0;1;;"test0";25055;33307358
387;-856528681;true;0.0039876752321978464;0;1;;"test0";24623;33307358
387;-821905261;true;0.0039876752321978464;0;1;;"test0";27458;33307358
387;-2008518465;true;0.0039876752321978464;0;1;;"test0";29560;33307358
387;-1260105968;true;0.0039876752321978464;0;1;;"test0";22870;33307358
387;-856528681;true;0.0039876752321978464;0;1;;"test0";25586;33307358
387;-328100255;true;0.003993948371944293;0;1;;"test0";14033;33307358
387;1293537979;true;0.003993948371944293;0;1;;"test0";16328;33307358
387;-1372427969;true;0.003993948371944293;0;1;;"test0";23950;33307358
387;-1911725427;true;0.003993948371944293;0;1;;"test0";20063;33307358
387;-1861559541;true;0.004004046605180653;0;1;;"test0";2;33307358
387;638709727;true;0.004004046605180653;0;1;;"test0";20065;33307358
387;-1497106928;true;0.004004046605180653;0;1;;"test0";22617;33307358
387;-505487246;true;0.004004046605180653;0;1;;"test0";1;33307358
388;263410594;true;0.00286427732079906;0;1;;"test0";21323;33468557
388;1792915532;true;0.003003432494279176;0;1;;"test0";32356;33468557
388;-456092717;true;0.003003432494279176;0;1;;"test0";29748;33468557
388;1138588446;true;0.003051106025934401;0;1;;"test0";21698;33468557
388;-2006071556;true;0.003573759106305973;0;1;;"test0";30959;33468557
388;-1990165561;true;0.0035748412197102305;0;1;;"test0";27291;33468557
388;990690873;true;0.0035854007793519123;0;1;;"test0";21804;33468557
388;990690873;true;0.0035854007793519123;0;1;;"test0";23790;33468557
388;990690873;true;0.0035854007793519123;0;1;;"test0";21776;33468557
388;-558366430;true;0.0035866790158134215;0;1;;"test0";21538;33468557
388;1344073930;true;0.0035866790158134215;0;1;;"test0";30090;33468557
388;-1944628688;true;0.0035994427202612617;0;1;;"test0";26113;33468557
388;-858340429;true;0.0035994427202612617;0;1;;"test0";25396;33468557
388;-1145067306;true;0.0035994427202612617;0;1;;"test0";25444;33468557
388;1756127465;true;0.0037726638165930795;0;1;;"test0";22447;33468557
388;107103362;true;0.0037726638165930795;0;1;;"test0";20218;33468557
388;-1480986893;true;0.0037726638165930795;0;1;;"test0";23657;33468557
388;107103362;true;0.0037726638165930795;0;1;;"test0";26810;33468557
388;913877969;true;0.003796113882157877;0;1;;"test0";24136;33468557
388;-1396679843;true;0.003821957816198648;0;1;;"test0";25463;33468557
388;96107821;true;0.003821957816198648;0;1;;"test0";21153;33468557
388;1972952233;true;0.003852280883435768;0;1;;"test0";26617;33468557
388;-796573986;true;0.0038535632928195594;0;1;;"test0";24809;33468557
388;-1210511520;true;0.0038535632928195594;0;1;;"test0";25211;33468557
388;1517341408;true;0.0038535632928195594;0;1;;"test0";27386;33468557
388;170085020;true;0.0038535632928195594;0;1;;"test0";27560;33468557
388;-1764315255;true;0.0038780211351182588;0;1;;"test0";26018;33468557
388;2134606437;true;0.0038870282335081445;0;1;;"test0";24210;33468557
388;-1537117157;true;0.0038870282335081445;0;1;;"test0";23841;33468557
388;1193715621;true;0.0038870282335081445;0;1;;"test0";21287;33468557
388;-153373678;true;0.003971264222600891;0;1;;"test0";24221;33468557
388;786824326;true;0.003971264222600891;0;1;;"test0";26080;33468557
388;-1641117457;true;0.003977482233872973;0;1;;"test0";30899;33468557
388;1430361256;true;0.003977482233872973;0;1;;"test0";23361;33468557
388;1382300563;true;0.003977482233872973;0;1;;"test0";30449;33468557
388;2125143119;true;0.003981412244461138;0;1;;"test0";24845;33468557
388;-856528681;true;0.0039876752321978464;0;1;;"test0";30419;33468557
388;-222040946;true;0.0039876752321978464;0;1;;"test0";24619;33468557
388;-856528681;true;0.0039876752321978464;0;1;;"test0";24849;33468557
388;1293537979;true;0.003993948371944293;0;1;;"test0";27031;33468557
388;-1051672587;true;0.003993948371944293;0;1;;"test0";25385;33468557
388;1293537979;true;0.003993948371944293;0;1;;"test0";27467;33468557
388;127975461;true;0.003993948371944293;0;1;;"test0";27470;33468557
388;1868255483;true;0.003993948371944293;0;1;;"test0";26784;33468557
388;-1372427969;true;0.003993948371944293;0;1;;"test0";26509;33468557
388;1293537979;true;0.003993948371944293;0;1;;"test0";26893;33468557
388;1805224151;true;0.003997882765149081;0;1;;"test0";27281;33468557
388;1590732247;true;0.004004046605180653;0;1;;"test0";26986;33468557
388;-505487246;true;0.004004046605180653;0;1;;"test0";1;33468557
388;-1497106928;true;0.004004046605180653;0;1;;"test0";1;33468557
389;691191538;true;0.003003432494279176;0;1;;"test0";16126;33622419
389;1015740120;true;0.003003432494279176;0;1;;"test0";26278;33622419
389;1760657553;true;0.003146453089244851;0;1;;"test0";27853;33622419
389;-667557174;true;0.0035670442105357274;0;1;;"test0";25328;33622419
389;-1525015135;true;0.003573759106305973;0;1;;"test0";19738;33622419
389;-1253628819;true;0.003573759106305973;0;1;;"test0";28666;33622419
389;1980753043;true;0.003573759106305973;0;1;;"test0";19770;33622419
389;-752851317;true;0.00357443459846366;0;1;;"test0";29687;33622419
389;-1471227892;true;0.0035854007793519123;0;1;;"test0";22098;33622419
389;-1354271696;true;0.0035866790158134215;0;1;;"test0";16650;33622419
389;1344073930;true;0.0035866790158134215;0;1;;"test0";16372;33622419
389;1325828174;true;0.0035994427202612617;0;1;;"test0";20605;33622419
389;684142100;true;0.0035994427202612617;0;1;;"test0";25355;33622419
389;-1184214878;true;0.0037726638165930795;0;1;;"test0";21586;33622419
389;-1907158628;true;0.003796113882157877;0;1;;"test0";23405;33622419
389;-1543561590;true;0.003796113882157877;0;1;;"test0";23449;33622419
389;-1101446593;true;0.003852280883435768;0;1;;"test0";20100;33622419
389;1355823323;true;0.003852280883435768;0;1;;"test0";19875;33622419
389;1972952233;true;0.003852280883435768;0;1;;"test0";21851;33622419
389;-1468720955;true;0.0038535632928195594;0;1;;"test0";25041;33622419
389;-1866084269;true;0.0038535632928195594;0;1;;"test0";26376;33622419
389;1939416245;true;0.0038535632928195594;0;1;;"test0";26175;33622419
389;1452759444;true;0.0038535632928195594;0;1;;"test0";22814;33622419
389;-1298472877;true;0.0038780211351182588;0;1;;"test0";19604;33622419
389;1884559273;true;0.0038870282335081445;0;1;;"test0";29736;33622419
389;1743353715;true;0.0038870282335081445;0;1;;"test0";30677;33622419
389;1658108905;true;0.003889272220475405;0;1;;"test0";29800;33622419
389;602357606;true;0.003971264222600891;0;1;;"test0";25037;33622419
389;624619616;true;0.003971264222600891;0;1;;"test0";17608;33622419
389;81899661;true;0.003971264222600891;0;1;;"test0";17171;33622419
389;786824326;true;0.003971264222600891;0;1;;"test0";19653;33622419
389;786824326;true;0.003971264222600891;0;1;;"test0";20086;33622419
389;-1210559873;true;0.003971264222600891;0;1;;"test0";24446;33622419
389;786824326;true;0.003971264222600891;0;1;;"test0";29810;33622419
389;870230706;true;0.003976110182310492;0;1;;"test0";23426;33622419
389;-1641117457;true;0.003977482233872973;0;1;;"test0";26287;33622419
389;-1639462990;true;0.003977482233872973;0;1;;"test0";25589;33622419
389;-1705937326;true;0.003977482233872973;0;1;;"test0";26027;33622419
389;-321478193;true;0.003981412244461138;0;1;;"test0";27114;33622419
389;654064489;true;0.003981412244461138;0;1;;"test0";27108;33622419
389;573470956;true;0.003993948371944293;0;1;;"test0";25331;33622419
389;145498455;true;0.003993948371944293;0;1;;"test0";25321;33622419
389;-1851378405;true;0.003993948371944293;0;1;;"test0";29262;33622419
389;931259471;true;0.003993948371944293;0;1;;"test0";28094;33622419
389;381913858;true;0.003993948371944293;0;1;;"test0";25416;33622419
389;1805224151;true;0.003997882765149081;0;1;;"test0";22420;33622419
389;922595383;true;0.003997882765149081;0;1;;"test0";26255;33622419
389;-471508094;true;0.003997882765149081;0;1;;"test0";22804;33622419
389;-1497106928;true;0.004004046605180653;0;1;;"test0";2;33622419
389;-505487246;true;0.004004046605180653;0;1;;"test0";1;33622419
390;1569243119;true;0.0028643572950366922;0;1;;"test0";26004;33786581
390;988051640;true;0.003446452767525234;0;1;;"test0";24466;33786581
390;469205096;true;0.00357443459846366;0;1;;"test0";34436;33786581
390;-752851317;true;0.00357443459846366;0;1;;"test0";25829;33786581
390;-1933043485;true;0.003575939452459612;0;1;;"test0";24564;33786581
390;-1471227892;true;0.0035854007793519123;0;1;;"test0";28829;33786581
390;-1234466108;true;0.0035994427202612617;0;1;;"test0";22493;33786581
390;-160552196;true;0.0035994427202612617;0;1;;"test0";24733;33786581
390;-1275377773;true;0.0035994427202612617;0;1;;"test0";22726;33786581
390;936139215;true;0.0035994427202612617;0;1;;"test0";28156;33786581
390;1756502066;true;0.0035994427202612617;0;1;;"test0";21051;33786581
390;1300925927;true;0.003604899470297141;0;1;;"test0";23463;33786581
390;9920795;true;0.0037726638165930795;0;1;;"test0";25972;33786581
390;-1950243940;true;0.003796113882157877;0;1;;"test0";26555;33786581
390;-1724440079;true;0.003796113882157877;0;1;;"test0";30149;33786581
390;-879355691;true;0.003796113882157877;0;1;;"test0";23199;33786581
390;1972952233;true;0.003852280883435768;0;1;;"test0";24183;33786581
390;1715678332;true;0.0038535632928195594;0;1;;"test0";24169;33786581
390;1452759444;true;0.0038535632928195594;0;1;;"test0";31064;33786581
390;-59733012;true;0.0038535632928195594;0;1;;"test0";26851;33786581
390;1570905001;true;0.0038870282335081445;0;1;;"test0";25744;33786581
390;-699161769;true;0.0038870282335081445;0;1;;"test0";27832;33786581
390;-1815055978;true;0.0038870282335081445;0;1;;"test0";22813;33786581
390;1884559273;true;0.0038870282335081445;0;1;;"test0";26775;33786581
390;-207848762;true;0.003889272220475405;0;1;;"test0";26344;33786581
390;459309488;true;0.003889272220475405;0;1;;"test0";26299;33786581
390;1101889666;true;0.003971264222600891;0;1;;"test0";24165;33786581
390;-271021411;true;0.003971264222600891;0;1;;"test0";24480;33786581
390;-485706357;true;0.003971264222600891;0;1;;"test0";25053;33786581
390;81899661;true;0.003971264222600891;0;1;;"test0";28160;33786581
390;-234442690;true;0.003976110182310492;0;1;;"test0";30102;33786581
390;870230706;true;0.003976110182310492;0;1;;"test0";22938;33786581
390;-680647618;true;0.003976110182310492;0;1;;"test0";30124;33786581
390;1880941029;true;0.003976110182310492;0;1;;"test0";22904;33786581
390;-538417740;true;0.003976110182310492;0;1;;"test0";26054;33786581
390;-129658917;true;0.003977482233872973;0;1;;"test0";24122;33786581
390;134162643;true;0.003977482233872973;0;1;;"test0";21124;33786581
390;2056351260;true;0.003981412244461138;0;1;;"test0";28786;33786581
390;654064489;true;0.003981412244461138;0;1;;"test0";20772;33786581
390;654064489;true;0.003981412244461138;0;1;;"test0";19605;33786581
390;-1770577;true;0.0039876752321978464;0;1;;"test0";21098;33786581
390;931259471;true;0.003993948371944293;0;1;;"test0";20839;33786581
390;931259471;true;0.003993948371944293;0;1;;"test0";21142;33786581
390;1151168177;true;0.003997882765149081;0;1;;"test0";24543;33786581
390;-505487246;true;0.004004046605180653;0;1;;"test0";2;33786581
390;2085894691;true;0.004004046605180653;0;1;;"test0";22494;33786581
390;-948951622;true;0.004004046605180653;0;1;;"test0";25546;33786581
390;-375663731;true;0.004004046605180653;0;1;;"test0";22187;33786581
390;-1497106928;true;0.004004046605180653;0;1;;"test0";25948;33786581
391;1395942889;true;0.002942137953579601;0;1;;"test0";20108;33942832
391;-429460516;true;0.003557586116000347;0;1;;"test0";31392;33942832
391;-752851317;true;0.00357443459846366;0;1;;"test0";22560;33942832
391;-899753694;true;0.0035748412197102305;0;1;;"test0";22341;33942832
391;1694516903;true;0.0035994427202612617;0;1;;"test0";24889;33942832
391;-1721649553;true;0.0035994427202612617;0;1;;"test0";25159;33942832
391;1300925927;true;0.003604899470297141;0;1;;"test0";26857;33942832
391;705865073;true;0.003604899470297141;0;1;;"test0";26796;33942832
391;1300925927;true;0.003604899470297141;0;1;;"test0";14688;33942832
391;1300925927;true;0.003604899470297141;0;1;;"test0";10505;33942832
391;9920795;true;0.0037726638165930795;0;1;;"test0";26787;33942832
391;358455335;true;0.003796113882157877;0;1;;"test0";24850;33942832
391;1694286548;true;0.003818178509819978;0;1;;"test0";23049;33942832
391;1482092984;true;0.0038535632928195594;0;1;;"test0";16050;33942832
391;1452759444;true;0.0038535632928195594;0;1;;"test0";11675;33942832
391;109853939;true;0.0038780211351182588;0;1;;"test0";16447;33942832
391;1514371771;true;0.0038870282335081445;0;1;;"test0";27780;33942832
391;176673736;true;0.003889272220475405;0;1;;"test0";30760;33942832
391;-207848762;true;0.003889272220475405;0;1;;"test0";27688;33942832
391;1499699580;true;0.003889272220475405;0;1;;"test0";31401;33942832
391;-1095863759;true;0.003889272220475405;0;1;;"test0";28618;33942832
391;1351353828;true;0.003889272220475405;0;1;;"test0";29330;33942832
391;-671483951;true;0.003941938523055678;0;1;;"test0";26316;33942832
391;-1739937209;true;0.003971264222600891;0;1;;"test0";24613;33942832
391;1880941029;true;0.003976110182310492;0;1;;"test0";21365;33942832
391;-317749725;true;0.003976110182310492;0;1;;"test0";18258;33942832
391;845955182;true;0.003977482233872973;0;1;;"test0";17803;33942832
391;134162643;true;0.003977482233872973;0;1;;"test0";18352;33942832
391;-1839829429;true;0.003977482233872973;0;1;;"test0";26202;33942832
391;134162643;true;0.003977482233872973;0;1;;"test0";27600;33942832
391;-1789495;true;0.003981412244461138;0;1;;"test0";27415;33942832
391;931259471;true;0.003993948371944293;0;1;;"test0";25158;33942832
391;696138473;true;0.003993948371944293;0;1;;"test0";31426;33942832
391;-1680601743;true;0.003993948371944293;0;1;;"test0";25927;33942832
391;-2072464706;true;0.003993948371944293;0;1;;"test0";31065;33942832
391;931259471;true;0.003993948371944293;0;1;;"test0";28028;33942832
391;-499673751;true;0.003993948371944293;0;1;;"test0";24903;33942832
391;-1565000775;true;0.003993948371944293;0;1;;"test0";22775;33942832
391;677517430;true;0.003997882765149081;0;1;;"test0";21248;33942832
391;1151168177;true;0.003997882765149081;0;1;;"test0";24548;33942832
391;2070001618;true;0.003997882765149081;0;1;;"test0";20182;33942832
391;1151168177;true;0.003997882765149081;0;1;;"test0";23333;33942832
391;1151168177;true;0.003997882765149081;0;1;;"test0";23778;33942832
391;1948623552;true;0.004004046605180653;0;1;;"test0";23606;33942832
391;-1772103993;true;0.004004046605180653;0;1;;"test0";29389;33942832
391;-375663731;true;0.004004046605180653;0;1;;"test0";1;33942832
391;-1497106928;true;0.004004046605180653;0;1;;"test0";1;33942832
391;-505487246;true;0.004004046605180653;0;1;;"test0";23100;33942832
391;-505487246;true;0.004004046605180653;0;1;;"test0";22848;33942832
391;-505487246;true;0.004004046605180653;0;1;;"test0";20004;33942832
392;-195772636;true;0.003003432494279176;0;1;;"test0";28494;34110063
392;-605400900;true;0.003003432494279176;0;1;;"test0";24304;34110063
392;-1778065144;true;0.003146453089244851;0;1;;"test0";24644;34110063
392;-1698354649;true;0.003442488365561788;0;1;;"test0";27035;34110063
392;503232155;true;0.0035617287559843885;0;1;;"test0";26809;34110063
392;-1687975904;true;0.0035617287559843885;0;1;;"test0";26586;34110063
392;662010861;true;0.0035617287559843885;0;1;;"test0";27393;34110063
392;-1363666121;true;0.0035880106432462705;0;1;;"test0";28273;34110063
392;1377185226;true;0.0035896011893235525;0;1;;"test0";29300;34110063
392;985119230;true;0.0035994427202612617;0;1;;"test0";21899;34110063
392;581394115;true;0.0035994427202612617;0;1;;"test0";28401;34110063
392;1267574851;true;0.0037726638165930795;0;1;;"test0";24261;34110063
392;-44811649;true;0.0037726638165930795;0;1;;"test0";25997;34110063
392;1694286548;true;0.003818178509819978;0;1;;"test0";22279;34110063
392;-111480576;true;0.0038535632928195594;0;1;;"test0";27077;34110063
392;80976422;true;0.0038535632928195594;0;1;;"test0";26067;34110063
392;109853939;true;0.0038780211351182588;0;1;;"test0";24965;34110063
392;1471361217;true;0.0038780211351182588;0;1;;"test0";22163;34110063
392;-13802499;true;0.0038870282335081445;0;1;;"test0";21477;34110063
392;-1668586007;true;0.0038870282335081445;0;1;;"test0";26169;34110063
392;784046898;true;0.0038870282335081445;0;1;;"test0";24405;34110063
392;-910060074;true;0.003889272220475405;0;1;;"test0";29325;34110063
392;743247162;true;0.003889272220475405;0;1;;"test0";27082;34110063
392;-1691265521;true;0.003889272220475405;0;1;;"test0";32498;34110063
392;-1523074655;true;0.003971264222600891;0;1;;"test0";21773;34110063
392;-1739937209;true;0.003971264222600891;0;1;;"test0";23775;34110063
392;-1397759445;true;0.003971264222600891;0;1;;"test0";23768;34110063
392;-1148437789;true;0.003971264222600891;0;1;;"test0";28398;34110063
392;98910638;true;0.003971264222600891;0;1;;"test0";21911;34110063
392;-1739937209;true;0.003971264222600891;0;1;;"test0";17188;34110063
392;919531098;true;0.003971264222600891;0;1;;"test0";22403;34110063
392;2080144457;true;0.003981412244461138;0;1;;"test0";32511;34110063
392;2012309185;true;0.003981412244461138;0;1;;"test0";29286;34110063
392;-1369484726;true;0.003981412244461138;0;1;;"test0";31324;34110063
392;-665918662;true;0.003993948371944293;0;1;;"test0";24537;34110063
392;-369836875;true;0.003993948371944293;0;1;;"test0";27287;34110063
392;2070001618;true;0.003997882765149081;0;1;;"test0";20755;34110063
392;2070001618;true;0.003997882765149081;0;1;;"test0";22014;34110063
392;2070001618;true;0.003997882765149081;0;1;;"test0";24632;34110063
392;-1537379854;true;0.003997882765149081;0;1;;"test0";24681;34110063
392;-352745339;true;0.003997882765149081;0;1;;"test0";26785;34110063
392;-1250730201;true;0.004004046605180653;0;1;;"test0";26135;34110063
392;-505487246;true;0.004004046605180653;0;1;;"test0";22232;34110063
392;1165038545;true;0.004004046605180653;0;1;;"test0";24334;34110063
392;-505487246;true;0.004004046605180653;0;1;;"test0";26470;34110063
392;-1497106928;true;0.004004046605180653;0;1;;"test0";27388;34110063
392;-1656251587;true;0.004004046605180653;0;1;;"test0";28561;34110063
392;-505487246;true;0.004004046605180653;0;1;;"test0";24679;34110063
393;-272939285;true;0.0028641598477945574;0;1;;"test0";30929;34262877
393;-605400900;true;0.003003432494279176;0;1;;"test0";22659;34262877
393;-605400900;true;0.003003432494279176;0;1;;"test0";28381;34262877
393;1165911126;true;0.003442488365561788;0;1;;"test0";31054;34262877
393;-1387633640;true;0.003442488365561788;0;1;;"test0";24744;34262877
393;-739240813;true;0.0035617287559843885;0;1;;"test0";21945;34262877
393;2076398272;true;0.0035617287559843885;0;1;;"test0";29956;34262877
393;-1785037724;true;0.003566829652975918;0;1;;"test0";20537;34262877
393;1136161807;true;0.0035754817227388056;0;1;;"test0";25166;34262877
393;-1363666121;true;0.0035880106432462705;0;1;;"test0";30514;34262877
393;-344801668;true;0.0035994427202612617;0;1;;"test0";29577;34262877
393;-1534507080;true;0.0035994427202612617;0;1;;"test0";16472;34262877
393;-1784007028;true;0.0035994427202612617;0;1;;"test0";29468;34262877
393;1944445090;true;0.0035994427202612617;0;1;;"test0";22644;34262877
393;985119230;true;0.0035994427202612617;0;1;;"test0";22397;34262877
393;-2109378241;true;0.0035994427202612617;0;1;;"test0";30587;34262877
393;1694286548;true;0.003818178509819978;0;1;;"test0";26424;34262877
393;992071567;true;0.0038186493100642116;0;1;;"test0";16942;34262877
393;-111480576;true;0.0038535632928195594;0;1;;"test0";25540;34262877
393;-111480576;true;0.0038535632928195594;0;1;;"test0";21670;34262877
393;-111480576;true;0.0038535632928195594;0;1;;"test0";25834;34262877
393;-1854186944;true;0.0038535632928195594;0;1;;"test0";22255;34262877
393;984542659;true;0.0038535632928195594;0;1;;"test0";20845;34262877
393;-111480576;true;0.0038535632928195594;0;1;;"test0";20122;34262877
393;1256683928;true;0.003876096134523445;0;1;;"test0";15275;34262877
393;-500052050;true;0.0038780211351182588;0;1;;"test0";21624;34262877
393;1471361217;true;0.0038780211351182588;0;1;;"test0";21034;34262877
393;-1694762731;true;0.0038780211351182588;0;1;;"test0";15374;34262877
393;-1668586007;true;0.0038870282335081445;0;1;;"test0";25491;34262877
393;1809062828;true;0.0038870282335081445;0;1;;"test0";21881;34262877
393;1412827774;true;0.003889272220475405;0;1;;"test0";25951;34262877
393;137847048;true;0.003889272220475405;0;1;;"test0";27733;34262877
393;-1691265521;true;0.003889272220475405;0;1;;"test0";18979;34262877
393;-1538787893;true;0.003923489995200317;0;1;;"test0";25556;34262877
393;-1397759445;true;0.003971264222600891;0;1;;"test0";20831;34262877
393;2064801114;true;0.003971264222600891;0;1;;"test0";20127;34262877
393;1080951988;true;0.003971264222600891;0;1;;"test0";26428;34262877
393;599373407;true;0.003971264222600891;0;1;;"test0";30749;34262877
393;-1369484726;true;0.003981412244461138;0;1;;"test0";23842;34262877
393;183497010;true;0.003981412244461138;0;1;;"test0";29142;34262877
393;84036888;true;0.003981412244461138;0;1;;"test0";29017;34262877
393;971922834;true;0.003981412244461138;0;1;;"test0";30381;34262877
393;-1110917836;true;0.003993948371944293;0;1;;"test0";26727;34262877
393;700918549;true;0.003997882765149081;0;1;;"test0";22154;34262877
393;2070001618;true;0.003997882765149081;0;1;;"test0";27506;34262877
393;-1497106928;true;0.004004046605180653;0;1;;"test0";21563;34262877
393;-1627700397;true;0.004004046605180653;0;1;;"test0";25199;34262877
393;-1656251587;true;0.004004046605180653;0;1;;"test0";1;34262877
393;-505487246;true;0.004004046605180653;0;1;;"test0";1;34262877
393;1165038545;true;0.004004046605180653;0;1;;"test0";24810;34262877
394;-969901944;true;0.003003432494279176;0;1;;"test0";29269;34415121
394;-443193421;true;0.003003432494279176;0;1;;"test0";23659;34415121
394;-1020154549;true;0.003003432494279176;0;1;;"test0";26290;34415121
394;1055551343;true;0.003003432494279176;0;1;;"test0";19969;34415121
394;-605400900;true;0.003003432494279176;0;1;;"test0";29255;34415121
394;904779039;true;0.003146453089244851;0;1;;"test0";17868;34415121
394;-1781178776;true;0.00345049114166193;0;1;;"test0";17868;34415121
394;-1023894694;true;0.0035650295484641534;0;1;;"test0";25813;34415121
394;395643814;true;0.0035750928017956305;0;1;;"test0";28592;34415121
394;302722284;true;0.003576611719395269;0;1;;"test0";22002;34415121
394;-1363666121;true;0.0035880106432462705;0;1;;"test0";26048;34415121
394;1576863113;true;0.0035994427202612617;0;1;;"test0";27413;34415121
394;-1768978075;true;0.0035994427202612617;0;1;;"test0";25730;34415121
394;146649259;true;0.0038057339458393014;0;1;;"test0";25335;34415121
394;1357731815;true;0.0038095006537706834;0;1;;"test0";14854;34415121
394;445799461;true;0.003818178509819978;0;1;;"test0";25130;34415121
394;-1519799530;true;0.003818178509819978;0;1;;"test0";25507;34415121
394;-339303095;true;0.003818178509819978;0;1;;"test0";21185;34415121
394;1296922758;true;0.0038535632928195594;0;1;;"test0";25110;34415121
394;-823510841;true;0.003876096134523445;0;1;;"test0";22423;34415121
394;188985971;true;0.0038780211351182588;0;1;;"test0";29341;34415121
394;416840850;true;0.0038780211351182588;0;1;;"test0";26308;34415121
394;-1694762731;true;0.0038780211351182588;0;1;;"test0";29683;34415121
394;-978299344;true;0.0038870282335081445;0;1;;"test0";27355;34415121
394;-1671869304;true;0.0038870282335081445;0;1;;"test0";17601;34415121
394;-1766059021;true;0.003889272220475405;0;1;;"test0";29455;34415121
394;1412827774;true;0.003889272220475405;0;1;;"test0";22957;34415121
394;-1490436522;true;0.003889272220475405;0;1;;"test0";20607;34415121
394;1051340654;true;0.003889272220475405;0;1;;"test0";14820;34415121
394;1165692386;true;0.003889272220475405;0;1;;"test0";23719;34415121
394;-1402455793;true;0.003889272220475405;0;1;;"test0";20738;34415121
394;-409066776;true;0.003923489995200317;0;1;;"test0";17868;34415121
394;-2008182417;true;0.003923489995200317;0;1;;"test0";20479;34415121
394;-397756764;true;0.003923489995200317;0;1;;"test0";14794;34415121
394;-1538787893;true;0.003923489995200317;0;1;;"test0";17347;34415121
394;-1631280744;true;0.003971264222600891;0;1;;"test0";19849;34415121
394;1056081418;true;0.003971264222600891;0;1;;"test0";24329;34415121
394;183497010;true;0.003981412244461138;0;1;;"test0";28199;34415121
394;-719875714;true;0.003981412244461138;0;1;;"test0";26461;34415121
394;84036888;true;0.003981412244461138;0;1;;"test0";22956;34415121
394;183497010;true;0.003981412244461138;0;1;;"test0";25433;34415121
394;386389657;true;0.003997882765149081;0;1;;"test0";25894;34415121
394;700918549;true;0.003997882765149081;0;1;;"test0";25431;34415121
394;700918549;true;0.003997882765149081;0;1;;"test0";28296;34415121
394;1020540032;true;0.003997882765149081;0;1;;"test0";21404;34415121
394;-60538099;true;0.003997882765149081;0;1;;"test0";22197;34415121
394;700918549;true;0.003997882765149081;0;1;;"test0";27427;34415121
394;663085792;true;0.004004046605180653;0;1;;"test0";29207;34415121
394;1165038545;true;0.004004046605180653;0;1;;"test0";1;34415121
394;-505487246;true;0.004004046605180653;0;1;;"test0";1;34415121
395;-1631280744;false;-1;0;1;;"test0";NaN;34585645
395;-1209703157;true;0.003003432494279176;0;1;;"test0";23455;34585645
395;301485490;true;0.003003432494279176;0;1;;"test0";25866;34585645
395;-207978701;true;0.003003432494279176;0;1;;"test0";25640;34585645
395;904779039;true;0.003146453089244851;0;1;;"test0";24093;34585645
395;827262526;true;0.003442411979419951;0;1;;"test0";28398;34585645
395;1417273516;true;0.0035658583091837284;0;1;;"test0";24289;34585645
395;-1731733228;true;0.0035660317716647003;0;1;;"test0";28362;34585645
395;-242882362;true;0.0035660317716647003;0;1;;"test0";26106;34585645
395;1990133548;true;0.003576611719395269;0;1;;"test0";24966;34585645
395;302722284;true;0.003576611719395269;0;1;;"test0";25857;34585645
395;-453392834;true;0.0035866790158134215;0;1;;"test0";23469;34585645
395;-1363666121;true;0.0035880106432462705;0;1;;"test0";19628;34585645
395;-1363666121;true;0.0035880106432462705;0;1;;"test0";25367;34585645
395;-1363666121;true;0.0035880106432462705;0;1;;"test0";27369;34585645
395;-2133168282;true;0.0035994427202612617;0;1;;"test0";17584;34585645
395;-1555012522;true;0.0035994427202612617;0;1;;"test0";25896;34585645
395;1104001656;true;0.0037726638165930795;0;1;;"test0";27481;34585645
395;-1316653123;true;0.003796113882157877;0;1;;"test0";22701;34585645
395;1118570894;true;0.003800737842276212;0;1;;"test0";28636;34585645
395;-42959663;true;0.0038055349462125586;0;1;;"test0";29263;34585645
395;-526667008;true;0.0038057339458393014;0;1;;"test0";23415;34585645
395;-366543210;true;0.003808979390130042;0;1;;"test0";28658;34585645
395;872849610;true;0.0038095006537706834;0;1;;"test0";23308;34585645
395;2067627396;true;0.0038095006537706834;0;1;;"test0";26844;34585645
395;-368715023;true;0.003818178509819978;0;1;;"test0";27231;34585645
395;1374223518;true;0.0038186493100642116;0;1;;"test0";22957;34585645
395;1296922758;true;0.0038535632928195594;0;1;;"test0";22669;34585645
395;1296922758;true;0.0038535632928195594;0;1;;"test0";22179;34585645
395;1296922758;true;0.0038535632928195594;0;1;;"test0";27458;34585645
395;-2120430344;true;0.0038654305998478307;0;1;;"test0";23135;34585645
395;-823510841;true;0.003876096134523445;0;1;;"test0";22424;34585645
395;-823510841;true;0.003876096134523445;0;1;;"test0";26782;34585645
395;-47566058;true;0.0038780211351182588;0;1;;"test0";26204;34585645
395;-1671869304;true;0.0038870282335081445;0;1;;"test0";24808;34585645
395;-1899264630;true;0.0038870282335081445;0;1;;"test0";28322;34585645
395;82956953;true;0.0038870282335081445;0;1;;"test0";24927;34585645
395;1892132242;true;0.003889272220475405;0;1;;"test0";28001;34585645
395;-142360980;true;0.003889272220475405;0;1;;"test0";26389;34585645
395;1655551256;true;0.003923489995200317;0;1;;"test0";27479;34585645
395;-138453845;true;0.003969582139021273;0;1;;"test0";25977;34585645
395;-1069484358;true;0.003971264222600891;0;1;;"test0";27417;34585645
395;2012845908;true;0.003997882765149081;0;1;;"test0";25859;34585645
395;686831442;true;0.003997882765149081;0;1;;"test0";25878;34585645
395;-505487246;true;0.004004046605180653;0;1;;"test0";26629;34585645
395;1165038545;true;0.004004046605180653;0;1;;"test0";26810;34585645
395;663085792;true;0.004004046605180653;0;1;;"test0";26060;34585645
395;-1883064523;true;0.004004046605180653;0;1;;"test0";24898;34585645
396;1125717156;true;0.003146453089244851;0;1;;"test0";22797;34742907
396;827262526;true;0.003442411979419951;0;1;;"test0";21061;34742907
396;-316138711;true;0.003442411979419951;0;1;;"test0";20981;34742907
396;447965684;true;0.0035650295484641534;0;1;;"test0";25027;34742907
396;1116215071;true;0.0035670249792503442;0;1;;"test0";30597;34742907
396;-559933051;true;0.003569844131535054;0;1;;"test0";15066;34742907
396;256488688;true;0.003576611719395269;0;1;;"test0";28346;34742907
396;-959277398;true;0.0035854007793519123;0;1;;"test0";21112;34742907
396;1710066721;true;0.0035994427202612617;0;1;;"test0";28223;34742907
396;-1835740449;true;0.0035994427202612617;0;1;;"test0";27605;34742907
396;-1731167010;true;0.0035994427202612617;0;1;;"test0";21522;34742907
396;-1178843677;true;0.003796113882157877;0;1;;"test0";19638;34742907
396;-1316653123;true;0.003796113882157877;0;1;;"test0";19360;34742907
396;-1316653123;true;0.003796113882157877;0;1;;"test0";22517;34742907
396;1139637248;true;0.003808979390130042;0;1;;"test0";27940;34742907
396;-366543210;true;0.003808979390130042;0;1;;"test0";27222;34742907
396;-1793437157;true;0.0038092274555293227;0;1;;"test0";21372;34742907
396;1296922758;true;0.0038535632928195594;0;1;;"test0";30531;34742907
396;-2007608741;true;0.0038535632928195594;0;1;;"test0";30626;34742907
396;1296922758;true;0.0038535632928195594;0;1;;"test0";30444;34742907
396;-2120430344;true;0.0038654305998478307;0;1;;"test0";24861;34742907
396;-2120430344;true;0.0038654305998478307;0;1;;"test0";25108;34742907
396;-2120430344;true;0.0038654305998478307;0;1;;"test0";27042;34742907
396;770896233;true;0.0038670574494710473;0;1;;"test0";27021;34742907
396;-1003260940;true;0.0038780211351182588;0;1;;"test0";21235;34742907
396;1330526239;true;0.0038780211351182588;0;1;;"test0";27929;34742907
396;1569892570;true;0.0038780211351182588;0;1;;"test0";22956;34742907
396;-47566058;true;0.0038780211351182588;0;1;;"test0";23197;34742907
396;-47566058;true;0.0038780211351182588;0;1;;"test0";19503;34742907
396;727884934;true;0.0038870282335081445;0;1;;"test0";26065;34742907
396;-772954278;true;0.0038870282335081445;0;1;;"test0";17156;34742907
396;-1899264630;true;0.0038870282335081445;0;1;;"test0";20086;34742907
396;-333507008;true;0.003889494001552823;0;1;;"test0";29037;34742907
396;-1175283132;true;0.003923489995200317;0;1;;"test0";25479;34742907
396;1655551256;true;0.003923489995200317;0;1;;"test0";14446;34742907
396;-423569445;true;0.003929477830369022;0;1;;"test0";27038;34742907
396;1044897873;true;0.003963955304066256;0;1;;"test0";20544;34742907
396;93822520;true;0.003969582139021273;0;1;;"test0";22875;34742907
396;1578888978;true;0.003969582139021273;0;1;;"test0";23099;34742907
396;-159878170;true;0.003971264222600891;0;1;;"test0";21055;34742907
396;-1069484358;true;0.003971264222600891;0;1;;"test0";29662;34742907
396;2012845908;true;0.003997882765149081;0;1;;"test0";25005;34742907
396;2012845908;true;0.003997882765149081;0;1;;"test0";25294;34742907
396;362637934;true;0.00399955537324448;0;1;;"test0";19253;34742907
396;2097807210;true;0.004004046605180653;0;1;;"test0";23604;34742907
396;663085792;true;0.004004046605180653;0;1;;"test0";2;34742907
396;866554396;true;0.004004046605180653;0;1;;"test0";22228;34742907
396;-1214212123;true;0.004004046605180653;0;1;;"test0";17125;34742907
396;-505487246;true;0.004004046605180653;0;1;;"test0";15917;34742907
396;-1883064523;true;0.004004046605180653;0;1;;"test0";3;34742907
397;-1706607274;true;0.00286427732079906;0;1;;"test0";28337;34901875
397;641810484;true;0.00286427732079906;0;1;;"test0";23798;34901875
397;-1519504022;true;0.0028643572950366922;0;1;;"test0";23192;34901875
397;2033734135;true;0.003003432494279176;0;1;;"test0";21150;34901875
397;-165735111;true;0.0034523666030999104;0;1;;"test0";23677;34901875
397;1199526882;true;0.0035617287559843885;0;1;;"test0";21551;34901875
397;1116215071;true;0.0035670249792503442;0;1;;"test0";27505;34901875
397;2056737412;true;0.003573759106305973;0;1;;"test0";23334;34901875
397;861669457;true;0.0035758321858929062;0;1;;"test0";23751;34901875
397;256488688;true;0.003576611719395269;0;1;;"test0";26166;34901875
397;-1325723376;true;0.0035787791736818647;0;1;;"test0";25336;34901875
397;-316748369;true;0.0035851484988781183;0;1;;"test0";28400;34901875
397;-1517362983;true;0.0035854007793519123;0;1;;"test0";28709;34901875
397;-503080148;true;0.0035994427202612617;0;1;;"test0";21874;34901875
397;821169288;true;0.003773092917013322;0;1;;"test0";19886;34901875
397;-1316653123;true;0.003796113882157877;0;1;;"test0";21191;34901875
397;-1463735745;true;0.003796113882157877;0;1;;"test0";23268;34901875
397;-1414655216;true;0.0038015944438268496;0;1;;"test0";27905;34901875
397;-46946895;true;0.003808979390130042;0;1;;"test0";19472;34901875
397;895564921;true;0.003808979390130042;0;1;;"test0";29559;34901875
397;349532508;true;0.003808979390130042;0;1;;"test0";22995;34901875
397;-1793437157;true;0.0038092274555293227;0;1;;"test0";22281;34901875
397;-1529273242;true;0.0038092274555293227;0;1;;"test0";23230;34901875
397;1296922758;true;0.0038535632928195594;0;1;;"test0";18092;34901875
397;-387823048;true;0.0038654305998478307;0;1;;"test0";19408;34901875
397;-2120430344;true;0.0038654305998478307;0;1;;"test0";27247;34901875
397;2070289454;true;0.003889494001552823;0;1;;"test0";19447;34901875
397;-1878773156;true;0.003889494001552823;0;1;;"test0";22985;34901875
397;-333507008;true;0.003889494001552823;0;1;;"test0";27142;34901875
397;-423569445;true;0.003929477830369022;0;1;;"test0";30249;34901875
397;742179008;true;0.003929477830369022;0;1;;"test0";30251;34901875
397;-423569445;true;0.003929477830369022;0;1;;"test0";22605;34901875
397;-423569445;true;0.003929477830369022;0;1;;"test0";30168;34901875
397;857170657;true;0.003929477830369022;0;1;;"test0";24203;34901875
397;-423569445;true;0.003929477830369022;0;1;;"test0";30204;34901875
397;-2084463806;true;0.003957697690194428;0;1;;"test0";22135;34901875
397;1044897873;true;0.003963955304066256;0;1;;"test0";27512;34901875
397;-1767688042;true;0.003963955304066256;0;1;;"test0";27842;34901875
397;1044897873;true;0.003963955304066256;0;1;;"test0";19744;34901875
397;1409194327;true;0.003969582139021273;0;1;;"test0";22631;34901875
397;93822520;true;0.003969582139021273;0;1;;"test0";23896;34901875
397;-159878170;true;0.003971264222600891;0;1;;"test0";28413;34901875
397;-1332171842;true;0.003971264222600891;0;1;;"test0";17581;34901875
397;-1069484358;true;0.003971264222600891;0;1;;"test0";18400;34901875
397;-842370290;true;0.0039876752321978464;0;1;;"test0";24286;34901875
397;362637934;true;0.00399955537324448;0;1;;"test0";24301;34901875
397;-962717738;true;0.00399955537324448;0;1;;"test0";16510;34901875
397;935346333;true;0.004003268110271899;0;1;;"test0";22091;34901875
397;-505487246;true;0.004004046605180653;0;1;;"test0";1;34901875
397;-1883064523;true;0.004004046605180653;0;1;;"test0";2;34901875
398;-946847258;true;0.002864440648467464;0;1;;"test0";14786;35064009
398;608281391;true;0.003003432494279176;0;1;;"test0";29182;35064009
398;-759276042;true;0.003003432494279176;0;1;;"test0";28320;35064009
398;1870743947;true;0.003003432494279176;0;1;;"test0";28480;35064009
398;-1055655107;true;0.0035102371994561853;0;1;;"test0";18204;35064009
398;-1072600113;true;0.0035733377669226805;0;1;;"test0";25817;35064009
398;-768816251;true;0.0035787791736818647;0;1;;"test0";27644;35064009
398;-1517362983;true;0.0035854007793519123;0;1;;"test0";26325;35064009
398;-1517362983;true;0.0035854007793519123;0;1;;"test0";26822;35064009
398;930063118;true;0.0035896011893235525;0;1;;"test0";23095;35064009
398;-602573515;true;0.0035994427202612617;0;1;;"test0";23134;35064009
398;1088198868;true;0.0035994427202612617;0;1;;"test0";21835;35064009
398;-539029295;true;0.0035994427202612617;0;1;;"test0";21949;35064009
398;-1585213273;true;0.0035994427202612617;0;1;;"test0";21877;35064009
398;484894002;true;0.003773092917013322;0;1;;"test0";29239;35064009
398;1161576955;true;0.003773092917013322;0;1;;"test0";23483;35064009
398;-267323418;true;0.003796113882157877;0;1;;"test0";25241;35064009
398;1130178934;true;0.003796113882157877;0;1;;"test0";28221;35064009
398;-1827397989;true;0.0037965513201458686;0;1;;"test0";14138;35064009
398;-1414655216;true;0.0038015944438268496;0;1;;"test0";13502;35064009
398;1787421924;true;0.0038039506840797143;0;1;;"test0";25815;35064009
398;-1042745088;true;0.003808979390130042;0;1;;"test0";18568;35064009
398;1171997914;true;0.0038092274555293227;0;1;;"test0";30432;35064009
398;1380130760;true;0.0038092274555293227;0;1;;"test0";20591;35064009
398;-775140998;true;0.0038092274555293227;0;1;;"test0";28279;35064009
398;1780753796;true;0.0038092274555293227;0;1;;"test0";21632;35064009
398;1296922758;true;0.0038535632928195594;0;1;;"test0";28400;35064009
398;-80966106;true;0.0038535632928195594;0;1;;"test0";26968;35064009
398;-1346451927;true;0.003889494001552823;0;1;;"test0";28422;35064009
398;-423569445;true;0.003929477830369022;0;1;;"test0";23032;35064009
398;-2084463806;true;0.003957697690194428;0;1;;"test0";26578;35064009
398;354303216;true;0.003957697690194428;0;1;;"test0";27070;35064009
398;2042056627;true;0.003957697690194428;0;1;;"test0";21027;35064009
398;-660222226;true;0.003963955304066256;0;1;;"test0";12879;35064009
398;1251938067;true;0.003969582139021273;0;1;;"test0";28171;35064009
398;-332806118;true;0.003969582139021273;0;1;;"test0";25836;35064009
398;1409194327;true;0.003969582139021273;0;1;;"test0";28218;35064009
398;93822520;true;0.003969582139021273;0;1;;"test0";25756;35064009
398;-159878170;true;0.003971264222600891;0;1;;"test0";22856;35064009
398;-842370290;true;0.0039876752321978464;0;1;;"test0";30413;35064009
398;-732201827;true;0.0039876752321978464;0;1;;"test0";28459;35064009
398;-842370290;true;0.0039876752321978464;0;1;;"test0";29415;35064009
398;-962717738;true;0.00399955537324448;0;1;;"test0";24413;35064009
398;362637934;true;0.00399955537324448;0;1;;"test0";28214;35064009
398;-505487246;true;0.004004046605180653;0;1;;"test0";29183;35064009
398;-505487246;true;0.004004046605180653;0;1;;"test0";29146;35064009
398;-505487246;true;0.004004046605180653;0;1;;"test0";22528;35064009
398;-505487246;true;0.004004046605180653;0;1;;"test0";26070;35064009
398;-1883064523;true;0.004004046605180653;0;1;;"test0";2;35064009
399;1655927491;true;0.002864440648467464;0;1;;"test0";24317;35240942
399;366877845;true;0.003003432494279176;0;1;;"test0";18254;35240942
399;-1193847124;true;0.0035585006613434995;0;1;;"test0";29538;35240942
399;1042026254;true;0.0035617287559843885;0;1;;"test0";27468;35240942
399;-469941656;true;0.0035670442105357274;0;1;;"test0";26642;35240942
399;-1415464861;true;0.0035703086176333823;0;1;;"test0";24667;35240942
399;526780187;true;0.0035733377669226805;0;1;;"test0";28603;35240942
399;18313321;true;0.0035733377669226805;0;1;;"test0";29317;35240942
399;-1431559819;true;0.0035733377669226805;0;1;;"test0";26969;35240942
399;-1632769904;true;0.0035783009987281245;0;1;;"test0";24438;35240942
399;435916226;true;0.0035854007793519123;0;1;;"test0";21263;35240942
399;-1517362983;true;0.0035854007793519123;0;1;;"test0";26132;35240942
399;1121910120;true;0.003589953755618837;0;1;;"test0";24391;35240942
399;1817813885;true;0.0035994427202612617;0;1;;"test0";28146;35240942
399;-2092868010;true;0.003796113882157877;0;1;;"test0";24530;35240942
399;640606368;true;0.003796113882157877;0;1;;"test0";30351;35240942
399;362181149;true;0.003796113882157877;0;1;;"test0";22458;35240942
399;1255419587;true;0.003796113882157877;0;1;;"test0";16362;35240942
399;-1827397989;true;0.0037965513201458686;0;1;;"test0";24124;35240942
399;-1827397989;true;0.0037965513201458686;0;1;;"test0";28088;35240942
399;-1224986895;true;0.0037965513201458686;0;1;;"test0";29912;35240942
399;-1827397989;true;0.0037965513201458686;0;1;;"test0";30915;35240942
399;-791653462;true;0.0037965513201458686;0;1;;"test0";29473;35240942
399;-264340988;true;0.0038039506840797143;0;1;;"test0";26667;35240942
399;-1042745088;true;0.003808979390130042;0;1;;"test0";25770;35240942
399;-1042745088;true;0.003808979390130042;0;1;;"test0";25873;35240942
399;562195901;true;0.0038535632928195594;0;1;;"test0";18669;35240942
399;-324310787;true;0.0038870282335081445;0;1;;"test0";26365;35240942
399;1827963828;true;0.003923489995200317;0;1;;"test0";24632;35240942
399;-2095103871;true;0.003957697690194428;0;1;;"test0";31238;35240942
399;552201686;true;0.003957697690194428;0;1;;"test0";27829;35240942
399;-401559677;true;0.003957697690194428;0;1;;"test0";26240;35240942
399;354303216;true;0.003957697690194428;0;1;;"test0";30350;35240942
399;979577713;true;0.003963955304066256;0;1;;"test0";26225;35240942
399;440369539;true;0.003969582139021273;0;1;;"test0";29503;35240942
399;-899460345;true;0.003969582139021273;0;1;;"test0";27136;35240942
399;-1164348532;true;0.003969582139021273;0;1;;"test0";26681;35240942
399;-2015112038;true;0.003969582139021273;0;1;;"test0";23731;35240942
399;-1759450562;true;0.003971264222600891;0;1;;"test0";17063;35240942
399;1097311717;true;0.003971264222600891;0;1;;"test0";25961;35240942
399;-852865913;true;0.003971264222600891;0;1;;"test0";26789;35240942
399;-159878170;true;0.003971264222600891;0;1;;"test0";30213;35240942
399;-793640263;true;0.003975140308257262;0;1;;"test0";24117;35240942
399;-719059599;true;0.0039876752321978464;0;1;;"test0";22263;35240942
399;-811216856;true;0.0039876752321978464;0;1;;"test0";24027;35240942
399;-1557101217;true;0.004003727053736064;0;1;;"test0";25236;35240942
399;-1883064523;true;0.004004046605180653;0;1;;"test0";1;35240942
399;-505487246;true;0.004004046605180653;0;1;;"test0";27986;35240942
399;-1559243405;true;0.004004046605180653;0;1;;"test0";29930;35240942
400;-584348040;true;0.003003432494279176;0;1;;"test0";26862;35411259
400;1679031409;true;0.0035617287559843885;0;1;;"test0";26406;35411259
400;-469941656;true;0.0035670442105357274;0;1;;"test0";26111;35411259
400;-1431559819;true;0.0035733377669226805;0;1;;"test0";27802;35411259
400;-863663427;true;0.0035733377669226805;0;1;;"test0";31911;35411259
400;-724265628;true;0.003575939452459612;0;1;;"test0";24874;35411259
400;846753232;true;0.0035777603439421943;0;1;;"test0";19500;35411259
400;-2028739965;true;0.0035783009987281245;0;1;;"test0";31444;35411259
400;435916226;true;0.0035854007793519123;0;1;;"test0";31729;35411259
400;-2098769930;true;0.003592593495650187;0;1;;"test0";25856;35411259
400;1817813885;true;0.0035994427202612617;0;1;;"test0";30775;35411259
400;-535997691;true;0.0035994427202612617;0;1;;"test0";31095;35411259
400;-1872128328;true;0.0035994427202612617;0;1;;"test0";30451;35411259
400;-1526688816;true;0.003796113882157877;0;1;;"test0";24766;35411259
400;-1132305637;true;0.0038039506840797143;0;1;;"test0";29229;35411259
400;811809279;true;0.0038039506840797143;0;1;;"test0";30225;35411259
400;-1185870445;true;0.003808979390130042;0;1;;"test0";27084;35411259
400;-1121074746;true;0.0038535632928195594;0;1;;"test0";18617;35411259
400;562195901;true;0.0038535632928195594;0;1;;"test0";29987;35411259
400;562195901;true;0.0038535632928195594;0;1;;"test0";25900;35411259
400;1027216052;true;0.0038535632928195594;0;1;;"test0";26627;35411259
400;-1516211030;true;0.0038535632928195594;0;1;;"test0";29912;35411259
400;-324310787;true;0.0038870282335081445;0;1;;"test0";27077;35411259
400;-283063906;true;0.0038870282335081445;0;1;;"test0";27184;35411259
400;-12366296;true;0.003889272220475405;0;1;;"test0";23507;35411259
400;-2030233496;true;0.003923489995200317;0;1;;"test0";24639;35411259
400;1827963828;true;0.003923489995200317;0;1;;"test0";20029;35411259
400;-432930274;true;0.003947696080935457;0;1;;"test0";31830;35411259
400;-1750783499;true;0.003957697690194428;0;1;;"test0";25447;35411259
400;-1834664549;true;0.003957697690194428;0;1;;"test0";31793;35411259
400;440790804;true;0.003957697690194428;0;1;;"test0";29884;35411259
400;694366882;true;0.003969582139021273;0;1;;"test0";27861;35411259
400;-506803232;true;0.003969582139021273;0;1;;"test0";21291;35411259
400;1593906973;true;0.003969582139021273;0;1;;"test0";27661;35411259
400;1097311717;true;0.003971264222600891;0;1;;"test0";24420;35411259
400;-852865913;true;0.003971264222600891;0;1;;"test0";22541;35411259
400;-1604960452;true;0.003971264222600891;0;1;;"test0";22312;35411259
400;-852865913;true;0.003971264222600891;0;1;;"test0";21564;35411259
400;-1428768101;true;0.003977482233872973;0;1;;"test0";24692;35411259
400;-35129705;true;0.003977482233872973;0;1;;"test0";31738;35411259
400;1455319149;true;0.003997376885472452;0;1;;"test0";32896;35411259
400;1673293141;true;0.003997882765149081;0;1;;"test0";28381;35411259
400;-1293190932;true;0.004003727053736064;0;1;;"test0";32253;35411259
400;-505487246;true;0.004004046605180653;0;1;;"test0";1;35411259
400;514198266;true;0.004004046605180653;0;1;;"test0";24903;35411259
400;-1559243405;true;0.004004046605180653;0;1;;"test0";1;35411259
400;-1883064523;true;0.004004046605180653;0;1;;"test0";18768;35411259
400;-1883064523;true;0.004004046605180653;0;1;;"test0";26028;35411259
400;-1332761428;true;0.004004046605180653;0;1;;"test0";33846;35411259
400;-614999858;true;0.004004046605180653;0;1;;"test0";20205;35411259
401;-639760582;true;0.003003432494279176;0;1;;"test0";21398;35572835
401;518572210;true;0.003003432494279176;0;1;;"test0";23497;35572835
401;620270464;true;0.003003432494279176;0;1;;"test0";25326;35572835
401;-1556038230;true;0.003146453089244851;0;1;;"test0";24395;35572835
401;-724265628;true;0.003575939452459612;0;1;;"test0";29020;35572835
401;1243247778;true;0.003581674036237157;0;1;;"test0";24917;35572835
401;-1502012647;true;0.0035854007793519123;0;1;;"test0";29331;35572835
401;-2098769930;true;0.003592593495650187;0;1;;"test0";35565;35572835
401;-1174757395;true;0.003796113882157877;0;1;;"test0";30426;35572835
401;-272913100;true;0.003796113882157877;0;1;;"test0";32504;35572835
401;-471156363;true;0.0038039506840797143;0;1;;"test0";30441;35572835
401;811809279;true;0.0038039506840797143;0;1;;"test0";28774;35572835
401;756991007;true;0.0038059273064199027;0;1;;"test0";19169;35572835
401;1390194661;true;0.003808979390130042;0;1;;"test0";23166;35572835
401;1104857359;true;0.0038780211351182588;0;1;;"test0";21617;35572835
401;1616059706;true;0.003883749796821244;0;1;;"test0";23669;35572835
401;1920947204;true;0.0038870282335081445;0;1;;"test0";29277;35572835
401;-17339969;true;0.003889272220475405;0;1;;"test0";21326;35572835
401;1351307812;true;0.003889272220475405;0;1;;"test0";26026;35572835
401;-12366296;true;0.003889272220475405;0;1;;"test0";28751;35572835
401;368207213;true;0.003889272220475405;0;1;;"test0";28476;35572835
401;-632025056;true;0.003889272220475405;0;1;;"test0";21971;35572835
401;1827963828;true;0.003923489995200317;0;1;;"test0";23277;35572835
401;1827963828;true;0.003923489995200317;0;1;;"test0";30486;35572835
401;465557973;true;0.003923489995200317;0;1;;"test0";25235;35572835
401;1827963828;true;0.003923489995200317;0;1;;"test0";30495;35572835
401;317703853;true;0.003957697690194428;0;1;;"test0";25451;35572835
401;440790804;true;0.003957697690194428;0;1;;"test0";25700;35572835
401;-978483733;true;0.003969582139021273;0;1;;"test0";25254;35572835
401;1476545899;true;0.003969582139021273;0;1;;"test0";26147;35572835
401;694366882;true;0.003969582139021273;0;1;;"test0";35396;35572835
401;-259340956;true;0.003969582139021273;0;1;;"test0";25641;35572835
401;-1604960452;true;0.003971264222600891;0;1;;"test0";29783;35572835
401;-1874776015;true;0.003971264222600891;0;1;;"test0";24426;35572835
401;-1796809296;true;0.003977482233872973;0;1;;"test0";23115;35572835
401;-35129705;true;0.003977482233872973;0;1;;"test0";23041;35572835
401;-727329304;true;0.0039859256410295744;0;1;;"test0";18844;35572835
401;-1036016133;true;0.003997376885472452;0;1;;"test0";26665;35572835
401;1455319149;true;0.003997376885472452;0;1;;"test0";26400;35572835
401;1455319149;true;0.003997376885472452;0;1;;"test0";19372;35572835
401;1874773018;true;0.003997376885472452;0;1;;"test0";26925;35572835
401;1455319149;true;0.003997376885472452;0;1;;"test0";18152;35572835
401;-1293190932;true;0.004003727053736064;0;1;;"test0";30445;35572835
401;-1252137274;true;0.004003727053736064;0;1;;"test0";30352;35572835
401;-614999858;true;0.004004046605180653;0;1;;"test0";2;35572835
401;562584052;true;0.004004046605180653;0;1;;"test0";21888;35572835
401;-1332761428;true;0.004004046605180653;0;1;;"test0";2;35572835
401;118674362;true;0.004004046605180653;0;1;;"test0";20541;35572835
401;740208206;true;0.004004046605180653;0;1;;"test0";29311;35572835
401;518860127;true;0.004004046605180653;0;1;;"test0";21319;35572835
402;-1286653324;true;0.003003432494279176;0;1;;"test0";27074;35736674
402;784939317;true;0.003003432494279176;0;1;;"test0";30312;35736674
402;-2008931708;true;0.003146453089244851;0;1;;"test0";25739;35736674
402;-416503671;true;0.003146453089244851;0;1;;"test0";30686;35736674
402;-476336249;true;0.003558491977224877;0;1;;"test0";23453;35736674
402;839725547;true;0.0035617287559843885;0;1;;"test0";22491;35736674
402;2100218752;true;0.003581674036237157;0;1;;"test0";18397;35736674
402;682099200;true;0.003581674036237157;0;1;;"test0";15897;35736674
402;1008330843;true;0.0035994427202612617;0;1;;"test0";27242;35736674
402;1173052331;true;0.0038038752273349304;0;1;;"test0";30572;35736674
402;-411082964;true;0.003805778070029877;0;1;;"test0";23722;35736674
402;1390194661;true;0.003808979390130042;0;1;;"test0";22618;35736674
402;-522602239;true;0.003808979390130042;0;1;;"test0";20444;35736674
402;-562809364;true;0.003876096134523445;0;1;;"test0";27292;35736674
402;-1697675321;true;0.0038870282335081445;0;1;;"test0";30222;35736674
402;1920947204;true;0.0038870282335081445;0;1;;"test0";26870;35736674
402;1871356093;true;0.003889272220475405;0;1;;"test0";18326;35736674
402;-12366296;true;0.003889272220475405;0;1;;"test0";25942;35736674
402;-814766731;true;0.003889272220475405;0;1;;"test0";24960;35736674
402;994222434;true;0.003889272220475405;0;1;;"test0";26956;35736674
402;-1523502567;true;0.003889272220475405;0;1;;"test0";22367;35736674
402;-495073177;true;0.003889272220475405;0;1;;"test0";27899;35736674
402;301134244;true;0.003923489995200317;0;1;;"test0";23456;35736674
402;1168518546;true;0.003923489995200317;0;1;;"test0";25125;35736674
402;-490444784;true;0.003923489995200317;0;1;;"test0";25504;35736674
402;1694041224;true;0.003923489995200317;0;1;;"test0";25596;35736674
402;1827963828;true;0.003923489995200317;0;1;;"test0";26969;35736674
402;1677642515;true;0.003923489995200317;0;1;;"test0";23745;35736674
402;440790804;true;0.003957697690194428;0;1;;"test0";24614;35736674
402;-1980996599;true;0.003957697690194428;0;1;;"test0";22635;35736674
402;-516255978;true;0.003957697690194428;0;1;;"test0";25869;35736674
402;-1407585583;true;0.003963955304066256;0;1;;"test0";23897;35736674
402;1011015068;true;0.003971264222600891;0;1;;"test0";30420;35736674
402;-1454682536;true;0.003971264222600891;0;1;;"test0";27051;35736674
402;-1874776015;true;0.003971264222600891;0;1;;"test0";27151;35736674
402;994980050;true;0.003977482233872973;0;1;;"test0";18236;35736674
402;-1550448716;true;0.003977482233872973;0;1;;"test0";23341;35736674
402;-848682495;true;0.003977482233872973;0;1;;"test0";23161;35736674
402;420751507;true;0.003977482233872973;0;1;;"test0";30513;35736674
402;-214308042;true;0.003977482233872973;0;1;;"test0";18117;35736674
402;-727329304;true;0.0039859256410295744;0;1;;"test0";30084;35736674
402;-1574427084;true;0.0039859256410295744;0;1;;"test0";30285;35736674
402;1455319149;true;0.003997376885472452;0;1;;"test0";24137;35736674
402;1270395916;true;0.003997376885472452;0;1;;"test0";22557;35736674
402;13112806;true;0.003997376885472452;0;1;;"test0";25221;35736674
402;-1252137274;true;0.004003727053736064;0;1;;"test0";22550;35736674
402;1308911969;true;0.004003727053736064;0;1;;"test0";22644;35736674
402;1123237680;true;0.004003843786286712;0;1;;"test0";22583;35736674
402;518860127;true;0.004004046605180653;0;1;;"test0";1;35736674
402;740208206;true;0.004004046605180653;0;1;;"test0";1;35736674
403;-2121114246;false;-1;0;0;;;240528;36124102
403;1209768441;true;0.002864527599888053;0;1;;"test0";27543;36124102
403;-764304883;true;0.003003432494279176;0;1;;"test0";22334;36124102
403;-416503671;true;0.003146453089244851;0;1;;"test0";27298;36124102
403;-540497832;true;0.003146453089244851;0;1;;"test0";27882;36124102
403;1898856682;true;0.003447660404881279;0;1;;"test0";34348;36124102
403;2093684905;true;0.003558491977224877;0;1;;"test0";19285;36124102
403;1822108756;true;0.0035773148358202327;0;1;;"test0";28767;36124102
403;1474649429;true;0.003796113882157877;0;1;;"test0";29032;36124102
403;1173052331;true;0.0038038752273349304;0;1;;"test0";20940;36124102
403;1173052331;true;0.0038038752273349304;0;1;;"test0";24314;36124102
403;1390194661;true;0.003808979390130042;0;1;;"test0";18447;36124102
403;275222421;true;0.003876096134523445;0;1;;"test0";26652;36124102
403;-518248242;true;0.003876096134523445;0;1;;"test0";24034;36124102
403;1920947204;true;0.0038870282335081445;0;1;;"test0";28019;36124102
403;-248576051;true;0.0038870282335081445;0;1;;"test0";26760;36124102
403;-2109360964;true;0.0038870282335081445;0;1;;"test0";27387;36124102
403;2106420458;true;0.003889272220475405;0;1;;"test0";27891;36124102
403;994222434;true;0.003889272220475405;0;1;;"test0";27221;36124102
403;-1202252024;true;0.003889272220475405;0;1;;"test0";27572;36124102
403;1257749382;true;0.003889272220475405;0;1;;"test0";27649;36124102
403;218098913;true;0.003969582139021273;0;1;;"test0";24052;36124102
403;1011015068;true;0.003971264222600891;0;1;;"test0";20580;36124102
403;-1454682536;true;0.003971264222600891;0;1;;"test0";28403;36124102
403;102648231;true;0.003971264222600891;0;1;;"test0";28534;36124102
403;-1874776015;true;0.003971264222600891;0;1;;"test0";29145;36124102
403;1011015068;true;0.003971264222600891;0;1;;"test0";21377;36124102
403;-984348818;true;0.003971264222600891;0;1;;"test0";25171;36124102
403;1011015068;true;0.003971264222600891;0;1;;"test0";20490;36124102
403;-1454682536;true;0.003971264222600891;0;1;;"test0";28709;36124102
403;-1317578999;true;0.003977482233872973;0;1;;"test0";28753;36124102
403;-824734637;true;0.003977482233872973;0;1;;"test0";27873;36124102
403;994980050;true;0.003977482233872973;0;1;;"test0";29290;36124102
403;994980050;true;0.003977482233872973;0;1;;"test0";25138;36124102
403;-429053954;true;0.003977482233872973;0;1;;"test0";24674;36124102
403;-1574427084;true;0.0039859256410295744;0;1;;"test0";25686;36124102
403;1321069041;true;0.0039859256410295744;0;1;;"test0";21829;36124102
403;1455319149;true;0.003997376885472452;0;1;;"test0";21245;36124102
403;13112806;true;0.003997376885472452;0;1;;"test0";20995;36124102
403;1455319149;true;0.003997376885472452;0;1;;"test0";28442;36124102
403;-422438748;true;0.004003727053736064;0;1;;"test0";25181;36124102
403;1699654912;true;0.004003727053736064;0;1;;"test0";34928;36124102
403;508835064;true;0.004003727053736064;0;1;;"test0";24669;36124102
403;-1498346105;true;0.004003843786286712;0;1;;"test0";24622;36124102
403;751890383;true;0.004003843786286712;0;1;;"test0";20035;36124102
403;114767431;true;0.004003843786286712;0;1;;"test0";27293;36124102
403;1123237680;true;0.004003843786286712;0;1;;"test0";25701;36124102
403;518860127;true;0.004004046605180653;0;1;;"test0";2;36124102
403;740208206;true;0.004004046605180653;0;1;;"test0";24516;36124102
404;1161835848;true;0.00286427732079906;0;1;;"test0";24361;36280687
404;-1013734892;true;0.0029748283752860415;0;1;;"test0";19824;36280687
404;-1667836149;true;0.003003432494279176;0;1;;"test0";18792;36280687
404;1955432012;true;0.003146453089244851;0;1;;"test0";28861;36280687
404;1530778912;true;0.003146453089244851;0;1;;"test0";30565;36280687
404;71457145;true;0.0035777603439421943;0;1;;"test0";18862;36280687
404;-2029688659;true;0.0035854007793519123;0;1;;"test0";28380;36280687
404;-1453597746;true;0.0035866790158134215;0;1;;"test0";26089;36280687
404;1395899085;true;0.0035866790158134215;0;1;;"test0";27414;36280687
404;1474649429;true;0.003796113882157877;0;1;;"test0";23313;36280687
404;1164844740;true;0.003796113882157877;0;1;;"test0";25854;36280687
404;-41513583;true;0.003796113882157877;0;1;;"test0";22982;36280687
404;-2106668480;true;0.003796113882157877;0;1;;"test0";22694;36280687
404;-493832002;true;0.003796113882157877;0;1;;"test0";24732;36280687
404;251796119;true;0.003808979390130042;0;1;;"test0";22833;36280687
404;-1635699164;true;0.003808979390130042;0;1;;"test0";22861;36280687
404;1390194661;true;0.003808979390130042;0;1;;"test0";22859;36280687
404;1631920268;true;0.003808979390130042;0;1;;"test0";22851;36280687
404;-248576051;true;0.0038870282335081445;0;1;;"test0";30987;36280687
404;1410507871;true;0.003889272220475405;0;1;;"test0";26653;36280687
404;1257749382;true;0.003889272220475405;0;1;;"test0";24734;36280687
404;994222434;true;0.003889272220475405;0;1;;"test0";29007;36280687
404;434802418;true;0.003889272220475405;0;1;;"test0";28326;36280687
404;1257749382;true;0.003889272220475405;0;1;;"test0";23591;36280687
404;1541698466;true;0.003923019573472377;0;1;;"test0";19898;36280687
404;-1409716477;true;0.003963955304066256;0;1;;"test0";25945;36280687
404;-854377952;true;0.003969582139021273;0;1;;"test0";21853;36280687
404;-760018947;true;0.003969582139021273;0;1;;"test0";24630;36280687
404;218098913;true;0.003969582139021273;0;1;;"test0";20241;36280687
404;1011015068;true;0.003971264222600891;0;1;;"test0";23847;36280687
404;191749476;true;0.003971264222600891;0;1;;"test0";24107;36280687
404;-1376385778;true;0.003977482233872973;0;1;;"test0";27841;36280687
404;-1317578999;true;0.003977482233872973;0;1;;"test0";25079;36280687
404;1253063275;true;0.0039859256410295744;0;1;;"test0";20084;36280687
404;-992275427;true;0.0039859256410295744;0;1;;"test0";21358;36280687
404;727019904;true;0.0039859256410295744;0;1;;"test0";21143;36280687
404;1321069041;true;0.0039859256410295744;0;1;;"test0";20967;36280687
404;796891740;true;0.0039859256410295744;0;1;;"test0";28216;36280687
404;1321069041;true;0.0039859256410295744;0;1;;"test0";29617;36280687
404;-623758331;true;0.003993269473978282;0;1;;"test0";26535;36280687
404;797335598;true;0.003997376885472452;0;1;;"test0";29259;36280687
404;-1659758664;true;0.003997882765149081;0;1;;"test0";30640;36280687
404;-1886199239;true;0.004003727053736064;0;1;;"test0";22386;36280687
404;161212594;true;0.004003727053736064;0;1;;"test0";24774;36280687
404;142073184;true;0.004003843786286712;0;1;;"test0";26875;36280687
404;740208206;true;0.004004046605180653;0;1;;"test0";21678;36280687
404;1458628936;true;0.004004046605180653;0;1;;"test0";17757;36280687
404;518860127;true;0.004004046605180653;0;1;;"test0";1;36280687
404;522046240;true;0.004004046605180653;0;1;;"test0";27783;36280687
405;1320353322;true;0.003003432494279176;0;1;;"test0";29763;36446265
405;129880787;true;0.003003432494279176;0;1;;"test0";13152;36446265
405;319497139;true;0.003146453089244851;0;1;;"test0";23922;36446265
405;-1991383838;true;0.0035747975415382004;0;1;;"test0";31752;36446265
405;-243651733;true;0.0035783009987281245;0;1;;"test0";20306;36446265
405;-1886456116;true;0.0038087419110765922;0;1;;"test0";26158;36446265
405;738258601;true;0.003808979390130042;0;1;;"test0";14447;36446265
405;-1635699164;true;0.003808979390130042;0;1;;"test0";15653;36446265
405;-989475486;true;0.0038817409780735027;0;1;;"test0";15354;36446265
405;-248576051;true;0.0038870282335081445;0;1;;"test0";23584;36446265
405;-955161052;true;0.0038870282335081445;0;1;;"test0";26970;36446265
405;2082005605;true;0.003889272220475405;0;1;;"test0";30638;36446265
405;-308568392;true;0.003889272220475405;0;1;;"test0";27365;36446265
405;434802418;true;0.003889272220475405;0;1;;"test0";23881;36446265
405;1541698466;true;0.003923019573472377;0;1;;"test0";26898;36446265
405;-1773000459;true;0.0039285950338799535;0;1;;"test0";27159;36446265
405;-1046080527;true;0.003963955304066256;0;1;;"test0";21878;36446265
405;-2059325712;true;0.003969582139021273;0;1;;"test0";27188;36446265
405;-854377952;true;0.003969582139021273;0;1;;"test0";27168;36446265
405;723463875;true;0.003971264222600891;0;1;;"test0";33083;36446265
405;-2078908380;true;0.003971264222600891;0;1;;"test0";29919;36446265
405;-1469194126;true;0.003971264222600891;0;1;;"test0";30595;36446265
405;-1051345715;true;0.003977482233872973;0;1;;"test0";24251;36446265
405;-1728744515;true;0.003977482233872973;0;1;;"test0";29722;36446265
405;-1376385778;true;0.003977482233872973;0;1;;"test0";29508;36446265
405;-992275427;true;0.0039859256410295744;0;1;;"test0";27851;36446265
405;-769832297;true;0.0039859256410295744;0;1;;"test0";27679;36446265
405;-508773201;true;0.003993269473978282;0;1;;"test0";25845;36446265
405;-526556945;true;0.003993269473978282;0;1;;"test0";24501;36446265
405;-283801941;true;0.003993269473978282;0;1;;"test0";26027;36446265
405;797335598;true;0.003997376885472452;0;1;;"test0";27001;36446265
405;1392280691;true;0.003997376885472452;0;1;;"test0";26854;36446265
405;-739963105;true;0.003997376885472452;0;1;;"test0";23842;36446265
405;797335598;true;0.003997376885472452;0;1;;"test0";25446;36446265
405;1644666762;true;0.003997376885472452;0;1;;"test0";24714;36446265
405;1995740214;true;0.003997376885472452;0;1;;"test0";30689;36446265
405;-1659758664;true;0.003997882765149081;0;1;;"test0";22406;36446265
405;-2121262383;true;0.003997882765149081;0;1;;"test0";22728;36446265
405;-1659758664;true;0.003997882765149081;0;1;;"test0";23924;36446265
405;-1073566487;true;0.003997882765149081;0;1;;"test0";28936;36446265
405;-144926442;true;0.0039990494191576315;0;1;;"test0";34560;36446265
405;2034315937;true;0.004003727053736064;0;1;;"test0";29231;36446265
405;-1574355836;true;0.004003843786286712;0;1;;"test0";25424;36446265
405;142073184;true;0.004003843786286712;0;1;;"test0";29499;36446265
405;-1951823259;true;0.004003843786286712;0;1;;"test0";24275;36446265
405;518860127;true;0.004004046605180653;0;1;;"test0";30661;36446265
405;522046240;true;0.004004046605180653;0;1;;"test0";15929;36446265
405;1432916947;true;0.004004046605180653;0;1;;"test0";30625;36446265
406;461746954;true;0.002864440648467464;0;1;;"test0";18758;36604071
406;-1603644971;true;0.003003432494279176;0;1;;"test0";24136;36604071
406;-1704898226;true;0.003003432494279176;0;1;;"test0";25961;36604071
406;-2057924674;true;0.003051106025934401;0;1;;"test0";29399;36604071
406;1649154112;true;0.0035733377669226805;0;1;;"test0";23015;36604071
406;-360647696;true;0.0035747975415382004;0;1;;"test0";21853;36604071
406;-1323698790;true;0.0035994427202612617;0;1;;"test0";20930;36604071
406;-2116552444;true;0.003728753828695112;0;1;;"test0";23372;36604071
406;-1814221582;true;0.003796113882157877;0;1;;"test0";28496;36604071
406;-1778800372;true;0.0038059273064199027;0;1;;"test0";15951;36604071
406;-1247001723;true;0.0038087419110765922;0;1;;"test0";15941;36604071
406;-1087087897;true;0.003808979390130042;0;1;;"test0";25905;36604071
406;299030241;true;0.0038822169215146094;0;1;;"test0";19530;36604071
406;-1214121147;true;0.003889494001552823;0;1;;"test0";22559;36604071
406;1898446416;true;0.0039118908613430545;0;1;;"test0";22950;36604071
406;853420840;true;0.0039285950338799535;0;1;;"test0";27918;36604071
406;-1773000459;true;0.0039285950338799535;0;1;;"test0";24794;36604071
406;-1929510642;true;0.0039285950338799535;0;1;;"test0";22887;36604071
406;-1773000459;true;0.0039285950338799535;0;1;;"test0";28180;36604071
406;1098124370;true;0.0039285950338799535;0;1;;"test0";32496;36604071
406;1872194144;true;0.0039285950338799535;0;1;;"test0";29098;36604071
406;1034050948;true;0.003962356338349254;0;1;;"test0";27320;36604071
406;1706916350;true;0.003963955304066256;0;1;;"test0";26809;36604071
406;194779233;true;0.003963955304066256;0;1;;"test0";21845;36604071
406;1628901397;true;0.003969582139021273;0;1;;"test0";26573;36604071
406;52903556;true;0.003977482233872973;0;1;;"test0";23822;36604071
406;534814382;true;0.003977482233872973;0;1;;"test0";22318;36604071
406;-1308979136;true;0.003980430254315684;0;1;;"test0";28671;36604071
406;-769832297;true;0.0039859256410295744;0;1;;"test0";21065;36604071
406;1164970556;true;0.0039865342872755834;0;1;;"test0";20090;36604071
406;-1516764651;true;0.003993269473978282;0;1;;"test0";24217;36604071
406;-508773201;true;0.003993269473978282;0;1;;"test0";29098;36604071
406;-1659758664;true;0.003997882765149081;0;1;;"test0";28202;36604071
406;772292635;true;0.003997882765149081;0;1;;"test0";28600;36604071
406;1463363230;true;0.003997882765149081;0;1;;"test0";28393;36604071
406;-1659758664;true;0.003997882765149081;0;1;;"test0";28492;36604071
406;-144926442;true;0.0039990494191576315;0;1;;"test0";33980;36604071
406;-144926442;true;0.0039990494191576315;0;1;;"test0";28205;36604071
406;-144926442;true;0.0039990494191576315;0;1;;"test0";27323;36604071
406;2034315937;true;0.004003727053736064;0;1;;"test0";28424;36604071
406;2034315937;true;0.004003727053736064;0;1;;"test0";27059;36604071
406;937232378;true;0.004003727053736064;0;1;;"test0";17485;36604071
406;-551637856;true;0.004003727053736064;0;1;;"test0";22449;36604071
406;1945576631;true;0.004003843786286712;0;1;;"test0";20569;36604071
406;-1663423531;true;0.004003843786286712;0;1;;"test0";20408;36604071
406;1013459260;true;0.004004046605180653;0;1;;"test0";20636;36604071
406;-958036178;true;0.004004046605180653;0;1;;"test0";26320;36604071
406;1432916947;true;0.004004046605180653;0;1;;"test0";19443;36604071
406;522046240;true;0.004004046605180653;0;1;;"test0";1;36604071
407;-1030320341;true;0.0028642005243457043;0;1;;"test0";24817;36771920
407;2082970147;true;0.003003432494279176;0;1;;"test0";26400;36771920
407;833831055;true;0.003003432494279176;0;1;;"test0";19405;36771920
407;-360647696;true;0.0035747975415382004;0;1;;"test0";18098;36771920
407;-1657936279;true;0.0035771080819105845;0;1;;"test0";30487;36771920
407;1961827897;true;0.0035994427202612617;0;1;;"test0";31591;36771920
407;1389506398;true;0.0035994427202612617;0;1;;"test0";20313;36771920
407;1594214331;true;0.003796113882157877;0;1;;"test0";27478;36771920
407;-1613643205;true;0.003796113882157877;0;1;;"test0";24946;36771920
407;-1053060152;true;0.003796113882157877;0;1;;"test0";28269;36771920
407;-1414406627;true;0.003796113882157877;0;1;;"test0";25990;36771920
407;-1778800372;true;0.0038059273064199027;0;1;;"test0";26301;36771920
407;1216921316;true;0.0038059273064199027;0;1;;"test0";25000;36771920
407;-983866419;true;0.0038059273064199027;0;1;;"test0";24826;36771920
407;-670022791;true;0.0038061283017048215;0;1;;"test0";25773;36771920
407;1114231314;true;0.003808979390130042;0;1;;"test0";22181;36771920
407;-1087087897;true;0.003808979390130042;0;1;;"test0";30312;36771920
407;975794906;true;0.003818696514923878;0;1;;"test0";18960;36771920
407;299030241;true;0.0038822169215146094;0;1;;"test0";27656;36771920
407;350219478;true;0.0038822169215146094;0;1;;"test0";24888;36771920
407;-494609802;true;0.0038822169215146094;0;1;;"test0";27280;36771920
407;299030241;true;0.0038822169215146094;0;1;;"test0";24738;36771920
407;-508811414;true;0.003889494001552823;0;1;;"test0";31675;36771920
407;-1018705746;true;0.003889494001552823;0;1;;"test0";26024;36771920
407;1186859534;true;0.0039118908613430545;0;1;;"test0";27784;36771920
407;1898446416;true;0.0039118908613430545;0;1;;"test0";28254;36771920
407;1899345662;true;0.003977482233872973;0;1;;"test0";28349;36771920
407;1556819452;true;0.0039859256410295744;0;1;;"test0";26164;36771920
407;-1050897326;true;0.0039859256410295744;0;1;;"test0";27297;36771920
407;-769832297;true;0.0039859256410295744;0;1;;"test0";27506;36771920
407;-464642069;true;0.0039859256410295744;0;1;;"test0";19366;36771920
407;857968106;true;0.0039859256410295744;0;1;;"test0";19035;36771920
407;-769832297;true;0.0039859256410295744;0;1;;"test0";28552;36771920
407;-769832297;true;0.0039859256410295744;0;1;;"test0";28289;36771920
407;-1295245154;true;0.0039859256410295744;0;1;;"test0";28311;36771920
407;-769832297;true;0.0039859256410295744;0;1;;"test0";24873;36771920
407;-769832297;true;0.0039859256410295744;0;1;;"test0";25162;36771920
407;1164970556;true;0.0039865342872755834;0;1;;"test0";21009;36771920
407;1164970556;true;0.0039865342872755834;0;1;;"test0";27267;36771920
407;1164970556;true;0.0039865342872755834;0;1;;"test0";31715;36771920
407;533475671;true;0.0039865342872755834;0;1;;"test0";31641;36771920
407;1463363230;true;0.003997882765149081;0;1;;"test0";20960;36771920
407;-2034603075;true;0.003997882765149081;0;1;;"test0";20794;36771920
407;-1565506562;true;0.0039990494191576315;0;1;;"test0";26526;36771920
407;1945576631;true;0.004003843786286712;0;1;;"test0";26068;36771920
407;-668324887;true;0.004004046605180653;0;1;;"test0";20019;36771920
407;-1518631934;true;0.004004046605180653;0;1;;"test0";19691;36771920
407;1758644882;true;0.004004046605180653;0;1;;"test0";25543;36771920
407;522046240;true;0.004004046605180653;0;1;;"test0";1;36771920
407;1432916947;true;0.004004046605180653;0;1;;"test0";1;36771920
408;-1559455143;false;-1;0;0;;;26612;36943869
408;1706287456;false;-1;0;1;;"test0";NaN;36943869
408;238156739;true;0.0028642005243457043;0;1;;"test0";24992;36943869
408;110553885;true;0.0028642005243457043;0;1;;"test0";28859;36943869
408;-1719805346;true;0.003003432494279176;0;1;;"test0";30565;36943869
408;-1985429011;true;0.003003432494279176;0;1;;"test0";31537;36943869
408;1264806789;true;0.0035617287559843885;0;1;;"test0";27263;36943869
408;-1997242862;true;0.0035774606397760513;0;1;;"test0";28577;36943869
408;1961827897;true;0.0035994427202612617;0;1;;"test0";13364;36943869
408;1961827897;true;0.0035994427202612617;0;1;;"test0";18971;36943869
408;-1613643205;true;0.003796113882157877;0;1;;"test0";21960;36943869
408;1751852162;true;0.003796113882157877;0;1;;"test0";24374;36943869
408;-670022791;true;0.0038061283017048215;0;1;;"test0";26293;36943869
408;-670022791;true;0.0038061283017048215;0;1;;"test0";26149;36943869
408;-484347137;true;0.0038870282335081445;0;1;;"test0";23887;36943869
408;-508811414;true;0.003889494001552823;0;1;;"test0";25003;36943869
408;-62737392;true;0.003889494001552823;0;1;;"test0";21670;36943869
408;-1018705746;true;0.003889494001552823;0;1;;"test0";27483;36943869
408;-1018705746;true;0.003889494001552823;0;1;;"test0";24245;36943869
408;-1694870208;true;0.0039059941743461828;0;1;;"test0";18959;36943869
408;214270877;true;0.0039118908613430545;0;1;;"test0";22056;36943869
408;1186859534;true;0.0039118908613430545;0;1;;"test0";21567;36943869
408;-1122341036;true;0.003941938523055678;0;1;;"test0";31221;36943869
408;1899345662;true;0.003977482233872973;0;1;;"test0";22630;36943869
408;956488864;true;0.003977482233872973;0;1;;"test0";29672;36943869
408;74615418;true;0.003980430254315684;0;1;;"test0";24744;36943869
408;-769832297;true;0.0039859256410295744;0;1;;"test0";24005;36943869
408;-372326639;true;0.0039865342872755834;0;1;;"test0";21822;36943869
408;1223095599;true;0.0039865342872755834;0;1;;"test0";30284;36943869
408;1164970556;true;0.0039865342872755834;0;1;;"test0";26823;36943869
408;-1475528763;true;0.0039865342872755834;0;1;;"test0";26652;36943869
408;-619558127;true;0.003994025606371592;0;1;;"test0";29713;36943869
408;1838218692;true;0.003997882765149081;0;1;;"test0";24330;36943869
408;-568251546;true;0.003997882765149081;0;1;;"test0";29559;36943869
408;1463363230;true;0.003997882765149081;0;1;;"test0";26924;36943869
408;1463363230;true;0.003997882765149081;0;1;;"test0";22556;36943869
408;-1565506562;true;0.0039990494191576315;0;1;;"test0";27530;36943869
408;-2084235486;true;0.0039990494191576315;0;1;;"test0";27514;36943869
408;-1565506562;true;0.0039990494191576315;0;1;;"test0";28738;36943869
408;-2123452008;true;0.0039990494191576315;0;1;;"test0";18980;36943869
408;-1565506562;true;0.0039990494191576315;0;1;;"test0";29125;36943869
408;-1495435798;true;0.0039990494191576315;0;1;;"test0";29663;36943869
408;-1799587843;true;0.004004046605180653;0;1;;"test0";24049;36943869
408;1201257090;true;0.004004046605180653;0;1;;"test0";26788;36943869
408;1758644882;true;0.004004046605180653;0;1;;"test0";21361;36943869
408;1758644882;true;0.004004046605180653;0;1;;"test0";24695;36943869
408;522046240;true;0.004004046605180653;0;1;;"test0";1;36943869
408;805966019;true;0.004004046605180653;0;1;;"test0";30889;36943869
408;977418643;true;0.004004046605180653;0;1;;"test0";21139;36943869
408;1432916947;true;0.004004046605180653;0;1;;"test0";3;36943869
409;-1318104194;true;0.0028642005243457043;0;1;;"test0";24104;37108913
409;1447421015;true;0.003003432494279176;0;1;;"test0";21776;37108913
409;-1262670120;true;0.003442488365561788;0;1;;"test0";22895;37108913
409;2059520210;true;0.003573759106305973;0;1;;"test0";27500;37108913
409;-1997242862;true;0.0035774606397760513;0;1;;"test0";28562;37108913
409;-1209520936;true;0.0035774606397760513;0;1;;"test0";27059;37108913
409;-1596869683;true;0.0038059273064199027;0;1;;"test0";28610;37108913
409;903857493;true;0.0038059273064199027;0;1;;"test0";25294;37108913
409;-670022791;true;0.0038061283017048215;0;1;;"test0";24945;37108913
409;-670022791;true;0.0038061283017048215;0;1;;"test0";29295;37108913
409;-484347137;true;0.0038870282335081445;0;1;;"test0";25714;37108913
409;-2104301920;true;0.0038870282335081445;0;1;;"test0";28898;37108913
409;955718388;true;0.0039059941743461828;0;1;;"test0";23271;37108913
409;-1711741291;true;0.0039059941743461828;0;1;;"test0";28753;37108913
409;1266677374;true;0.0039059941743461828;0;1;;"test0";20266;37108913
409;-1372947807;true;0.0039059941743461828;0;1;;"test0";31256;37108913
409;-1630130181;true;0.0039059941743461828;0;1;;"test0";21042;37108913
409;1500931030;true;0.003941938523055678;0;1;;"test0";24102;37108913
409;1108444694;true;0.003941938523055678;0;1;;"test0";22665;37108913
409;-700298492;true;0.003977482233872973;0;1;;"test0";25803;37108913
409;956488864;true;0.003977482233872973;0;1;;"test0";22451;37108913
409;862979463;true;0.003977482233872973;0;1;;"test0";29002;37108913
409;1899345662;true;0.003977482233872973;0;1;;"test0";31231;37108913
409;1161630421;true;0.003977482233872973;0;1;;"test0";16295;37108913
409;-1891508756;true;0.003980430254315684;0;1;;"test0";24090;37108913
409;1223095599;true;0.0039865342872755834;0;1;;"test0";17447;37108913
409;-372326639;true;0.0039865342872755834;0;1;;"test0";20477;37108913
409;-1107562412;true;0.0039865342872755834;0;1;;"test0";22488;37108913
409;1121817343;true;0.0039865342872755834;0;1;;"test0";21090;37108913
409;-355675410;true;0.0039865342872755834;0;1;;"test0";29843;37108913
409;-1422791706;true;0.003994025606371592;0;1;;"test0";26618;37108913
409;-619558127;true;0.003994025606371592;0;1;;"test0";29270;37108913
409;377379720;true;0.003994025606371592;0;1;;"test0";28099;37108913
409;513859423;true;0.003997882765149081;0;1;;"test0";22574;37108913
409;-891915482;true;0.003997882765149081;0;1;;"test0";26244;37108913
409;1463363230;true;0.003997882765149081;0;1;;"test0";17841;37108913
409;550456236;true;0.0039990494191576315;0;1;;"test0";28815;37108913
409;-1049071640;true;0.0039990494191576315;0;1;;"test0";26664;37108913
409;1824813047;true;0.0039990494191576315;0;1;;"test0";28566;37108913
409;-1565506562;true;0.0039990494191576315;0;1;;"test0";26973;37108913
409;-1565506562;true;0.0039990494191576315;0;1;;"test0";31378;37108913
409;1981308127;true;0.004000149920955371;0;1;;"test0";22478;37108913
409;-187817070;true;0.0040036583369203954;0;1;;"test0";30021;37108913
409;-1112510195;true;0.004003843786286712;0;1;;"test0";27241;37108913
409;1931146509;true;0.004004046605180653;0;1;;"test0";31239;37108913
409;1432916947;true;0.004004046605180653;0;1;;"test0";1;37108913
409;805966019;true;0.004004046605180653;0;1;;"test0";31498;37108913
409;522046240;true;0.004004046605180653;0;1;;"test0";29158;37108913
409;805966019;true;0.004004046605180653;0;1;;"test0";27396;37108913
409;977418643;true;0.004004046605180653;0;1;;"test0";2;37108913
410;284143240;true;0.0028642005243457043;0;1;;"test0";29360;37269401
410;-1994965307;true;0.0028642005243457043;0;1;;"test0";29189;37269401
410;-1832340264;true;0.002864440648467464;0;1;;"test0";26325;37269401
410;-26304771;true;0.003003432494279176;0;1;;"test0";27403;37269401
410;-1434955258;true;0.003003432494279176;0;1;;"test0";28044;37269401
410;1682508787;true;0.003003432494279176;0;1;;"test0";23018;37269401
410;437911635;true;0.003003432494279176;0;1;;"test0";28577;37269401
410;-675637254;true;0.0034358051730265654;0;1;;"test0";26283;37269401
410;-1205127361;true;0.0034371632415182932;0;1;;"test0";28726;37269401
410;-957263981;true;0.003796113882157877;0;1;;"test0";26203;37269401
410;-1339913352;true;0.003796113882157877;0;1;;"test0";28891;37269401
410;-1596869683;true;0.0038059273064199027;0;1;;"test0";16241;37269401
410;1220227424;true;0.0038061283017048215;0;1;;"test0";16707;37269401
410;365562244;true;0.003855675802336535;0;1;;"test0";22961;37269401
410;1423580283;true;0.0038870282335081445;0;1;;"test0";27909;37269401
410;1881279138;true;0.0038870282335081445;0;1;;"test0";23517;37269401
410;-1651804743;true;0.0039059941743461828;0;1;;"test0";26971;37269401
410;-1711741291;true;0.0039059941743461828;0;1;;"test0";26070;37269401
410;1662889735;true;0.003941938523055678;0;1;;"test0";27836;37269401
410;-1910767026;true;0.003976110182310492;0;1;;"test0";23070;37269401
410;-580039739;true;0.003977482233872973;0;1;;"test0";26722;37269401
410;251474890;true;0.003977482233872973;0;1;;"test0";17556;37269401
410;956488864;true;0.003977482233872973;0;1;;"test0";26412;37269401
410;2109518983;true;0.003977482233872973;0;1;;"test0";17873;37269401
410;-688633017;true;0.003980430254315684;0;1;;"test0";18698;37269401
410;-184534723;true;0.003980430254315684;0;1;;"test0";25603;37269401
410;-1891508756;true;0.003980430254315684;0;1;;"test0";28642;37269401
410;-372326639;true;0.0039865342872755834;0;1;;"test0";29388;37269401
410;978509334;true;0.0039865342872755834;0;1;;"test0";29298;37269401
410;-1522656924;true;0.003994025606371592;0;1;;"test0";27945;37269401
410;23532032;true;0.003994025606371592;0;1;;"test0";18553;37269401
410;377379720;true;0.003994025606371592;0;1;;"test0";22714;37269401
410;1469915070;true;0.003994025606371592;0;1;;"test0";27908;37269401
410;-1030883485;true;0.003997882765149081;0;1;;"test0";28929;37269401
410;513859423;true;0.003997882765149081;0;1;;"test0";27827;37269401
410;1826663733;true;0.003998845401451541;0;1;;"test0";17795;37269401
410;1976315165;true;0.0039990494191576315;0;1;;"test0";16474;37269401
410;567784845;true;0.0039990494191576315;0;1;;"test0";16931;37269401
410;1981308127;true;0.004000149920955371;0;1;;"test0";25891;37269401
410;-2133268729;true;0.004000149920955371;0;1;;"test0";23317;37269401
410;-416185980;true;0.004000149920955371;0;1;;"test0";26873;37269401
410;1015929713;true;0.004000149920955371;0;1;;"test0";25518;37269401
410;-571699472;true;0.0040036583369203954;0;1;;"test0";28605;37269401
410;1078666828;true;0.0040036583369203954;0;1;;"test0";26991;37269401
410;-187817070;true;0.0040036583369203954;0;1;;"test0";17335;37269401
410;-187817070;true;0.0040036583369203954;0;1;;"test0";22769;37269401
410;-269017292;true;0.004003843786286712;0;1;;"test0";28346;37269401
410;805966019;true;0.004004046605180653;0;1;;"test0";2;37269401
410;547584536;true;0.004004046605180653;0;1;;"test0";27019;37269401
410;977418643;true;0.004004046605180653;0;1;;"test0";3;37269401
411;-816431736;true;0.003003432494279176;0;1;;"test0";27603;37440461
411;-675637254;true;0.0034358051730265654;0;1;;"test0";18910;37440461
411;-675637254;true;0.0034358051730265654;0;1;;"test0";19343;37440461
411;-1946787049;true;0.0035994427202612617;0;1;;"test0";25894;37440461
411;-1190163297;true;0.0035994427202612617;0;1;;"test0";27287;37440461
411;667825663;true;0.003796113882157877;0;1;;"test0";32044;37440461
411;677017004;true;0.0038059273064199027;0;1;;"test0";23074;37440461
411;-1596869683;true;0.0038059273064199027;0;1;;"test0";21897;37440461
411;190022957;true;0.003855675802336535;0;1;;"test0";28325;37440461
411;365562244;true;0.003855675802336535;0;1;;"test0";27924;37440461
411;-220391119;true;0.003876096134523445;0;1;;"test0";34593;37440461
411;664152973;true;0.0038870282335081445;0;1;;"test0";27485;37440461
411;1881279138;true;0.0038870282335081445;0;1;;"test0";27542;37440461
411;-1651804743;true;0.0039059941743461828;0;1;;"test0";31869;37440461
411;1662889735;true;0.003941938523055678;0;1;;"test0";28368;37440461
411;1662889735;true;0.003941938523055678;0;1;;"test0";29851;37440461
411;-1910767026;true;0.003976110182310492;0;1;;"test0";30019;37440461
411;978509334;true;0.0039865342872755834;0;1;;"test0";27221;37440461
411;978509334;true;0.0039865342872755834;0;1;;"test0";32255;37440461
411;978509334;true;0.0039865342872755834;0;1;;"test0";32925;37440461
411;-372326639;true;0.0039865342872755834;0;1;;"test0";23785;37440461
411;-372326639;true;0.0039865342872755834;0;1;;"test0";21368;37440461
411;978509334;true;0.0039865342872755834;0;1;;"test0";22828;37440461
411;-372326639;true;0.0039865342872755834;0;1;;"test0";19412;37440461
411;795621700;true;0.0039865342872755834;0;1;;"test0";30708;37440461
411;305372630;true;0.0039865342872755834;0;1;;"test0";25057;37440461
411;964512908;true;0.003992276739029773;0;1;;"test0";24823;37440461
411;-791250740;true;0.003992745730528032;0;1;;"test0";26323;37440461
411;1889194037;true;0.003997882765149081;0;1;;"test0";27942;37440461
411;-1030883485;true;0.003997882765149081;0;1;;"test0";28827;37440461
411;-449424034;true;0.003998845401451541;0;1;;"test0";29622;37440461
411;1826663733;true;0.003998845401451541;0;1;;"test0";31395;37440461
411;-897806232;true;0.003998845401451541;0;1;;"test0";30690;37440461
411;859473734;true;0.0039990494191576315;0;1;;"test0";30831;37440461
411;-1237542010;true;0.0039990494191576315;0;1;;"test0";24272;37440461
411;-416185980;true;0.004000149920955371;0;1;;"test0";31903;37440461
411;-416185980;true;0.004000149920955371;0;1;;"test0";32570;37440461
411;1938903350;true;0.004000149920955371;0;1;;"test0";27196;37440461
411;2054985317;true;0.004000149920955371;0;1;;"test0";26412;37440461
411;-1740528779;true;0.0040036583369203954;0;1;;"test0";30740;37440461
411;-1443027154;true;0.0040036583369203954;0;1;;"test0";29486;37440461
411;-1801260680;true;0.0040036583369203954;0;1;;"test0";29452;37440461
411;-269017292;true;0.004003843786286712;0;1;;"test0";24324;37440461
411;-269017292;true;0.004003843786286712;0;1;;"test0";24332;37440461
411;-269017292;true;0.004003843786286712;0;1;;"test0";24188;37440461
411;-269017292;true;0.004003843786286712;0;1;;"test0";21882;37440461
411;977418643;true;0.004004046605180653;0;1;;"test0";29415;37440461
411;977418643;true;0.004004046605180653;0;1;;"test0";29447;37440461
411;547584536;true;0.004004046605180653;0;1;;"test0";1;37440461
412;174122565;true;0.0028643572950366922;0;1;;"test0";29562;37604668
412;1976942035;true;0.002917620137299771;0;1;;"test0";30545;37604668
412;1985481115;true;0.0034358051730265654;0;1;;"test0";29924;37604668
412;-2130637937;true;0.0034468784896890836;0;1;;"test0";30249;37604668
412;-309736130;true;0.003575153958740302;0;1;;"test0";28682;37604668
412;923355149;true;0.0035758645496725325;0;1;;"test0";21810;37604668
412;2073584385;true;0.003575939452459612;0;1;;"test0";32704;37604668
412;-1024319128;true;0.0035774120306526374;0;1;;"test0";14222;37604668
412;-523942977;true;0.003796113882157877;0;1;;"test0";14103;37604668
412;1952286288;true;0.00380312697244128;0;1;;"test0";20510;37604668
412;-517036563;true;0.0038059273064199027;0;1;;"test0";22563;37604668
412;-502853962;true;0.0038059273064199027;0;1;;"test0";22794;37604668
412;-59325098;true;0.003933630445921477;0;1;;"test0";29157;37604668
412;923317850;true;0.0039865342872755834;0;1;;"test0";21130;37604668
412;978509334;true;0.0039865342872755834;0;1;;"test0";24469;37604668
412;-372326639;true;0.0039865342872755834;0;1;;"test0";25025;37604668
412;978509334;true;0.0039865342872755834;0;1;;"test0";21188;37604668
412;-205483864;true;0.0039865342872755834;0;1;;"test0";28132;37604668
412;148004077;true;0.0039865342872755834;0;1;;"test0";24329;37604668
412;964512908;true;0.003992276739029773;0;1;;"test0";20642;37604668
412;964512908;true;0.003992276739029773;0;1;;"test0";19931;37604668
412;-1969125544;true;0.003992276739029773;0;1;;"test0";25251;37604668
412;-791250740;true;0.003992745730528032;0;1;;"test0";27271;37604668
412;-791250740;true;0.003992745730528032;0;1;;"test0";16416;37604668
412;1836888741;true;0.003997882765149081;0;1;;"test0";27368;37604668
412;500813087;true;0.003998743857779013;0;1;;"test0";27499;37604668
412;-1798628969;true;0.003998845401451541;0;1;;"test0";28582;37604668
412;114032103;true;0.003999016376182121;0;1;;"test0";28112;37604668
412;172895599;true;0.0039990494191576315;0;1;;"test0";25218;37604668
412;-2063673320;true;0.004000149920955371;0;1;;"test0";32245;37604668
412;-416185980;true;0.004000149920955371;0;1;;"test0";32189;37604668
412;2054985317;true;0.004000149920955371;0;1;;"test0";29533;37604668
412;1587574156;true;0.004000149920955371;0;1;;"test0";28515;37604668
412;1038260632;true;0.0040015364238503845;0;1;;"test0";22997;37604668
412;-208793586;true;0.0040036583369203954;0;1;;"test0";23582;37604668
412;-903665656;true;0.0040036583369203954;0;1;;"test0";12123;37604668
412;-1740528779;true;0.0040036583369203954;0;1;;"test0";20059;37604668
412;-268926831;true;0.004003843786286712;0;1;;"test0";29911;37604668
412;2054372200;true;0.004003843786286712;0;1;;"test0";30190;37604668
412;-269017292;true;0.004003843786286712;0;1;;"test0";23592;37604668
412;-269017292;true;0.004003843786286712;0;1;;"test0";25924;37604668
412;977418643;true;0.004004046605180653;0;1;;"test0";27705;37604668
412;977418643;true;0.004004046605180653;0;1;;"test0";30221;37604668
412;977418643;true;0.004004046605180653;0;1;;"test0";29002;37604668
412;547584536;true;0.004004046605180653;0;1;;"test0";22340;37604668
412;-707330703;true;0.004004046605180653;0;1;;"test0";21388;37604668
412;-1177706004;true;0.004004046605180653;0;1;;"test0";22941;37604668
412;52447732;true;0.004004046605180653;0;1;;"test0";32254;37604668
413;244814734;true;0.0028642005243457043;0;1;;"test0";23160;37770876
413;1780442564;true;0.00286427732079906;0;1;;"test0";19750;37770876
413;1840601990;true;0.002864440648467464;0;1;;"test0";31099;37770876
413;1756530742;true;0.003003432494279176;0;1;;"test0";25233;37770876
413;-677390225;true;0.00345049114166193;0;1;;"test0";21913;37770876
413;117103055;true;0.003575153958740302;0;1;;"test0";15764;37770876
413;-309736130;true;0.003575153958740302;0;1;;"test0";27057;37770876
413;-2038722340;true;0.003575153958740302;0;1;;"test0";28635;37770876
413;1403240111;true;0.0035751648046207624;0;1;;"test0";25529;37770876
413;923355149;true;0.0035758645496725325;0;1;;"test0";28755;37770876
413;-1757470660;true;0.0035758645496725325;0;1;;"test0";28731;37770876
413;923355149;true;0.0035758645496725325;0;1;;"test0";26063;37770876
413;-753599129;true;0.003576189876471084;0;1;;"test0";29115;37770876
413;-1024319128;true;0.0035774120306526374;0;1;;"test0";28868;37770876
413;-1024319128;true;0.0035774120306526374;0;1;;"test0";27333;37770876
413;1826290154;true;0.0035994427202612617;0;1;;"test0";23122;37770876
413;1952286288;true;0.00380312697244128;0;1;;"test0";29049;37770876
413;1239012878;true;0.00380312697244128;0;1;;"test0";28753;37770876
413;52361206;true;0.0038032695179385993;0;1;;"test0";20082;37770876
413;-141541059;true;0.0038059273064199027;0;1;;"test0";27197;37770876
413;-517036563;true;0.0038059273064199027;0;1;;"test0";27257;37770876
413;-842422290;true;0.0038059273064199027;0;1;;"test0";29865;37770876
413;1762559505;true;0.0038059273064199027;0;1;;"test0";31089;37770876
413;-73293485;true;0.003822394385349201;0;1;;"test0";26826;37770876
413;-115762628;true;0.003853421846658979;0;1;;"test0";16644;37770876
413;-321416050;true;0.003933630445921477;0;1;;"test0";23871;37770876
413;-1361739005;true;0.003949742132868219;0;1;;"test0";27572;37770876
413;1114411815;true;0.003961426707332873;0;1;;"test0";30182;37770876
413;-876275425;true;0.003980430254315684;0;1;;"test0";25288;37770876
413;1731666108;true;0.003981412244461138;0;1;;"test0";29352;37770876
413;-638468485;true;0.0039865342872755834;0;1;;"test0";27239;37770876
413;-372326639;true;0.0039865342872755834;0;1;;"test0";32013;37770876
413;-25045037;true;0.003992276739029773;0;1;;"test0";28571;37770876
413;964512908;true;0.003992276739029773;0;1;;"test0";15692;37770876
413;772537496;true;0.00399589151652645;0;1;;"test0";21513;37770876
413;916841096;true;0.003998743857779013;0;1;;"test0";22950;37770876
413;-891963256;true;0.003999016376182121;0;1;;"test0";24826;37770876
413;-310058062;true;0.003999016376182121;0;1;;"test0";25756;37770876
413;1038260632;true;0.0040015364238503845;0;1;;"test0";26246;37770876
413;1606861298;true;0.0040015364238503845;0;1;;"test0";24712;37770876
413;279846748;true;0.0040036583369203954;0;1;;"test0";27421;37770876
413;312611123;true;0.0040036583369203954;0;1;;"test0";23907;37770876
413;1620093603;true;0.0040036583369203954;0;1;;"test0";24226;37770876
413;-62104342;true;0.004003843786286712;0;1;;"test0";26553;37770876
413;-1938786070;true;0.004004046605180653;0;1;;"test0";22803;37770876
413;52447732;true;0.004004046605180653;0;1;;"test0";1;37770876
413;886349887;true;0.004004046605180653;0;1;;"test0";19597;37770876
413;-239823835;true;0.004004046605180653;0;1;;"test0";21763;37770876
413;-1177706004;true;0.004004046605180653;0;1;;"test0";1;37770876
413;547584536;true;0.004004046605180653;0;1;;"test0";31223;37770876
414;825176472;true;0.0028643302717783143;0;1;;"test0";29011;37939226
414;1320795057;true;0.003003432494279176;0;1;;"test0";22033;37939226
414;-1387084530;true;0.0035743599068303314;0;1;;"test0";26232;37939226
414;1403240111;true;0.0035751648046207624;0;1;;"test0";23359;37939226
414;1403240111;true;0.0035751648046207624;0;1;;"test0";22686;37939226
414;-1913778554;true;0.003575706159533543;0;1;;"test0";30359;37939226
414;2011297080;true;0.0035758645496725325;0;1;;"test0";31164;37939226
414;-1242892037;true;0.0038032695179385993;0;1;;"test0";29156;37939226
414;-1628458943;true;0.0038032695179385993;0;1;;"test0";24289;37939226
414;1119731005;true;0.003933630445921477;0;1;;"test0";29005;37939226
414;317102740;true;0.003949742132868219;0;1;;"test0";19199;37939226
414;-1361739005;true;0.003949742132868219;0;1;;"test0";18058;37939226
414;156997931;true;0.003961426707332873;0;1;;"test0";30050;37939226
414;-337977399;true;0.003967775011484786;0;1;;"test0";32209;37939226
414;-1755120981;true;0.003980430254315684;0;1;;"test0";24001;37939226
414;1889468867;true;0.003980430254315684;0;1;;"test0";30605;37939226
414;-1184729097;true;0.003981412244461138;0;1;;"test0";26331;37939226
414;-746281661;true;0.0039865342872755834;0;1;;"test0";30537;37939226
414;-372326639;true;0.0039865342872755834;0;1;;"test0";26667;37939226
414;1253439128;true;0.0039865342872755834;0;1;;"test0";32100;37939226
414;964512908;true;0.003992276739029773;0;1;;"test0";22458;37939226
414;406183688;true;0.003992276739029773;0;1;;"test0";26563;37939226
414;964512908;true;0.003992276739029773;0;1;;"test0";27267;37939226
414;-25045037;true;0.003992276739029773;0;1;;"test0";22771;37939226
414;964512908;true;0.003992276739029773;0;1;;"test0";30126;37939226
414;-25045037;true;0.003992276739029773;0;1;;"test0";26497;37939226
414;-47919879;true;0.003992276739029773;0;1;;"test0";33017;37939226
414;916841096;true;0.003998743857779013;0;1;;"test0";22997;37939226
414;-535417111;true;0.003998743857779013;0;1;;"test0";17459;37939226
414;-969484365;true;0.003999016376182121;0;1;;"test0";20123;37939226
414;-310058062;true;0.003999016376182121;0;1;;"test0";20788;37939226
414;-891963256;true;0.003999016376182121;0;1;;"test0";28483;37939226
414;-891963256;true;0.003999016376182121;0;1;;"test0";21378;37939226
414;1038260632;true;0.0040015364238503845;0;1;;"test0";23195;37939226
414;-1596116307;true;0.0040015364238503845;0;1;;"test0";20383;37939226
414;-1799193094;true;0.0040015364238503845;0;1;;"test0";30341;37939226
414;312611123;true;0.0040036583369203954;0;1;;"test0";21248;37939226
414;-148664216;true;0.0040036583369203954;0;1;;"test0";25276;37939226
414;-292904653;true;0.0040036583369203954;0;1;;"test0";32302;37939226
414;-2114568818;true;0.0040036583369203954;0;1;;"test0";30063;37939226
414;-1632609802;true;0.0040036583369203954;0;1;;"test0";20828;37939226
414;279846748;true;0.0040036583369203954;0;1;;"test0";27233;37939226
414;481937326;true;0.0040036583369203954;0;1;;"test0";24550;37939226
414;1620093603;true;0.0040036583369203954;0;1;;"test0";23475;37939226
414;-62104342;true;0.004003843786286712;0;1;;"test0";28218;37939226
414;16685278;true;0.004003843786286712;0;1;;"test0";28746;37939226
414;-1177706004;true;0.004004046605180653;0;1;;"test0";1;37939226
414;547584536;true;0.004004046605180653;0;1;;"test0";32961;37939226
414;547584536;true;0.004004046605180653;0;1;;"test0";33067;37939226
415;-3591918;true;0.00286427732079906;0;1;;"test0";29616;38106572
415;819931394;true;0.002864440648467464;0;1;;"test0";19277;38106572
415;-1972648179;true;0.003003432494279176;0;1;;"test0";23639;38106572
415;1905835624;true;0.003003432494279176;0;1;;"test0";32234;38106572
415;-1101912189;true;0.003003432494279176;0;1;;"test0";23440;38106572
415;1629817539;true;0.003575491967105445;0;1;;"test0";16315;38106572
415;-382898099;true;0.0035770398347859406;0;1;;"test0";20385;38106572
415;-87527519;true;0.0035994427202612617;0;1;;"test0";23698;38106572
415;-129681912;true;0.003945577422733035;0;1;;"test0";28004;38106572
415;317102740;true;0.003949742132868219;0;1;;"test0";30229;38106572
415;156997931;true;0.003961426707332873;0;1;;"test0";25069;38106572
415;-337977399;true;0.003967775011484786;0;1;;"test0";29620;38106572
415;-435824336;true;0.003967775011484786;0;1;;"test0";26289;38106572
415;-337977399;true;0.003967775011484786;0;1;;"test0";19234;38106572
415;1557336596;true;0.003973763051066758;0;1;;"test0";23486;38106572
415;1889468867;true;0.003980430254315684;0;1;;"test0";29472;38106572
415;1889468867;true;0.003980430254315684;0;1;;"test0";29293;38106572
415;-1184729097;true;0.003981412244461138;0;1;;"test0";20287;38106572
415;-746281661;true;0.0039865342872755834;0;1;;"test0";22699;38106572
415;964512908;true;0.003992276739029773;0;1;;"test0";24786;38106572
415;-1208654414;true;0.003992276739029773;0;1;;"test0";27273;38106572
415;-3772598;true;0.003992276739029773;0;1;;"test0";22945;38106572
415;197358626;true;0.003992276739029773;0;1;;"test0";23182;38106572
415;1497443499;true;0.003992276739029773;0;1;;"test0";26019;38106572
415;139429396;true;0.003997882765149081;0;1;;"test0";23952;38106572
415;1964000849;true;0.003997882765149081;0;1;;"test0";24496;38106572
415;-891963256;true;0.003999016376182121;0;1;;"test0";22121;38106572
415;1830709020;true;0.003999016376182121;0;1;;"test0";29434;38106572
415;-572472489;true;0.003999016376182121;0;1;;"test0";20805;38106572
415;-891963256;true;0.003999016376182121;0;1;;"test0";29963;38106572
415;1101153837;true;0.003999016376182121;0;1;;"test0";22630;38106572
415;969522764;true;0.003999016376182121;0;1;;"test0";23780;38106572
415;-1452664520;true;0.003999016376182121;0;1;;"test0";29522;38106572
415;-767008005;true;0.003999016376182121;0;1;;"test0";21144;38106572
415;-1206381192;true;0.003999971082335079;0;1;;"test0";30545;38106572
415;1038260632;true;0.0040015364238503845;0;1;;"test0";24637;38106572
415;207795786;true;0.0040015364238503845;0;1;;"test0";29622;38106572
415;1834642530;true;0.0040036583369203954;0;1;;"test0";32549;38106572
415;-1632609802;true;0.0040036583369203954;0;1;;"test0";32497;38106572
415;414580892;true;0.0040036583369203954;0;1;;"test0";32263;38106572
415;1620093603;true;0.0040036583369203954;0;1;;"test0";27217;38106572
415;312611123;true;0.0040036583369203954;0;1;;"test0";24005;38106572
415;-1425131211;true;0.004003843786286712;0;1;;"test0";25387;38106572
415;16685278;true;0.004003843786286712;0;1;;"test0";27782;38106572
415;868430701;true;0.004003843786286712;0;1;;"test0";26165;38106572
415;1688041920;true;0.004004020439711768;0;1;;"test0";28983;38106572
415;-1177706004;true;0.004004046605180653;0;1;;"test0";28020;38106572
415;-1392444004;true;0.004004046605180653;0;1;;"test0";30990;38106572
415;547584536;true;0.004004046605180653;0;1;;"test0";2;38106572
416;-190075711;true;0.00286427732079906;0;1;;"test0";30893;38276562
416;819931394;true;0.002864440648467464;0;1;;"test0";33358;38276562
416;819931394;true;0.002864440648467464;0;1;;"test0";30639;38276562
416;-488150429;true;0.003442222206620492;0;1;;"test0";22332;38276562
416;-1958318675;true;0.0035752252770363214;0;1;;"test0";30677;38276562
416;1077800938;true;0.003575457409827015;0;1;;"test0";15155;38276562
416;-593278865;true;0.0035755480409207082;0;1;;"test0";31896;38276562
416;-1648125275;true;0.0035766888016301062;0;1;;"test0";32129;38276562
416;1567042458;true;0.0035770398347859406;0;1;;"test0";25225;38276562
416;-1040684400;true;0.0035770398347859406;0;1;;"test0";20091;38276562
416;-1426574954;true;0.0035994427202612617;0;1;;"test0";22604;38276562
416;1249522456;true;0.0038240303254605088;0;1;;"test0";33027;38276562
416;467440432;true;0.003876096134523445;0;1;;"test0";31768;38276562
416;1299859394;true;0.003948039247129501;0;1;;"test0";18559;38276562
416;263894943;true;0.003949742132868219;0;1;;"test0";22335;38276562
416;1393185677;true;0.003949742132868219;0;1;;"test0";31555;38276562
416;-1575960936;true;0.003961426707332873;0;1;;"test0";22129;38276562
416;1557336596;true;0.003973763051066758;0;1;;"test0";26372;38276562
416;-117326427;true;0.003980430254315684;0;1;;"test0";21367;38276562
416;1380287842;true;0.003980430254315684;0;1;;"test0";27408;38276562
416;-1338681273;true;0.003980430254315684;0;1;;"test0";25298;38276562
416;-746281661;true;0.0039865342872755834;0;1;;"test0";32410;38276562
416;-929203365;true;0.003992276739029773;0;1;;"test0";32514;38276562
416;818796719;true;0.003992276739029773;0;1;;"test0";29312;38276562
416;-3772598;true;0.003992276739029773;0;1;;"test0";27913;38276562
416;197358626;true;0.003992276739029773;0;1;;"test0";24847;38276562
416;968398499;true;0.003995074642049437;0;1;;"test0";28718;38276562
416;1964000849;true;0.003997882765149081;0;1;;"test0";28437;38276562
416;1830709020;true;0.003999016376182121;0;1;;"test0";32898;38276562
416;1830709020;true;0.003999016376182121;0;1;;"test0";32043;38276562
416;-572472489;true;0.003999016376182121;0;1;;"test0";22883;38276562
416;205570217;true;0.003999016376182121;0;1;;"test0";22413;38276562
416;-1379127883;true;0.0039990494191576315;0;1;;"test0";25321;38276562
416;-1206381192;true;0.003999971082335079;0;1;;"test0";23578;38276562
416;1525724273;true;0.003999971082335079;0;1;;"test0";26433;38276562
416;-1206381192;true;0.003999971082335079;0;1;;"test0";23395;38276562
416;-1206381192;true;0.003999971082335079;0;1;;"test0";25434;38276562
416;-1206381192;true;0.003999971082335079;0;1;;"test0";23438;38276562
416;207795786;true;0.0040015364238503845;0;1;;"test0";21928;38276562
416;1038260632;true;0.0040015364238503845;0;1;;"test0";29952;38276562
416;1296066275;true;0.00400252165530186;0;1;;"test0";26445;38276562
416;1488354587;true;0.0040036583369203954;0;1;;"test0";28916;38276562
416;1982725546;true;0.0040036583369203954;0;1;;"test0";28945;38276562
416;1125861213;true;0.0040036583369203954;0;1;;"test0";28933;38276562
416;1688041920;true;0.004004020439711768;0;1;;"test0";27008;38276562
416;-1031228376;true;0.004004020439711768;0;1;;"test0";25193;38276562
416;-299940589;true;0.004004020439711768;0;1;;"test0";12869;38276562
416;547584536;true;0.004004046605180653;0;1;;"test0";5;38276562
416;-1177706004;true;0.004004046605180653;0;1;;"test0";31217;38276562
416;-1392444004;true;0.004004046605180653;0;1;;"test0";2;38276562
417;-1307130099;true;0.003003432494279176;0;1;;"test0";30584;38451286
417;-1958318675;true;0.0035752252770363214;0;1;;"test0";23522;38451286
417;-990106889;true;0.0035755480409207082;0;1;;"test0";30440;38451286
417;-1186696639;true;0.003575939452459612;0;1;;"test0";24344;38451286
417;-1648125275;true;0.0035766888016301062;0;1;;"test0";25941;38451286
417;911679002;true;0.0035766888016301062;0;1;;"test0";24888;38451286
417;-1119873652;true;0.003576810419140631;0;1;;"test0";27262;38451286
417;846318943;true;0.0035994427202612617;0;1;;"test0";31790;38451286
417;-1008088830;true;0.003803357861010482;0;1;;"test0";24127;38451286
417;1249522456;true;0.0038240303254605088;0;1;;"test0";30689;38451286
417;1467986460;true;0.0038437234734564956;0;1;;"test0";30674;38451286
417;-1763215643;true;0.003876096134523445;0;1;;"test0";28142;38451286
417;634599034;true;0.0038792212642431074;0;1;;"test0";33625;38451286
417;1299859394;true;0.003948039247129501;0;1;;"test0";23640;38451286
417;2011057048;true;0.003948039247129501;0;1;;"test0";23604;38451286
417;-1575960936;true;0.003961426707332873;0;1;;"test0";27228;38451286
417;-1233455244;true;0.003967775011484786;0;1;;"test0";30717;38451286
417;-1401322372;true;0.003977482233872973;0;1;;"test0";27496;38451286
417;-352992274;true;0.003980430254315684;0;1;;"test0";31291;38451286
417;-746281661;true;0.0039865342872755834;0;1;;"test0";29374;38451286
417;-464254676;true;0.0039865342872755834;0;1;;"test0";22957;38451286
417;-1803085035;true;0.0039865342872755834;0;1;;"test0";33252;38451286
417;-511127788;true;0.003989383025835421;0;1;;"test0";31239;38451286
417;-3772598;true;0.003992276739029773;0;1;;"test0";26694;38451286
417;-237167883;true;0.003992276739029773;0;1;;"test0";32688;38451286
417;-1825899715;true;0.003994025606371592;0;1;;"test0";27827;38451286
417;1191590405;true;0.003995074642049437;0;1;;"test0";33644;38451286
417;-1613458101;true;0.003995074642049437;0;1;;"test0";24452;38451286
417;-901276710;true;0.003995074642049437;0;1;;"test0";24292;38451286
417;-1222445773;true;0.003995074642049437;0;1;;"test0";31244;38451286
417;-1594758422;true;0.003997882765149081;0;1;;"test0";30448;38451286
417;1278919138;true;0.003999016376182121;0;1;;"test0";24400;38451286
417;-1960951569;true;0.003999016376182121;0;1;;"test0";24681;38451286
417;-752331644;true;0.0040015364238503845;0;1;;"test0";24463;38451286
417;1588848006;true;0.00400252165530186;0;1;;"test0";25390;38451286
417;1296066275;true;0.00400252165530186;0;1;;"test0";27309;38451286
417;1296066275;true;0.00400252165530186;0;1;;"test0";26359;38451286
417;-306479901;true;0.0040036583369203954;0;1;;"test0";14637;38451286
417;-90699151;true;0.0040036583369203954;0;1;;"test0";28748;38451286
417;1488354587;true;0.0040036583369203954;0;1;;"test0";25038;38451286
417;1488354587;true;0.0040036583369203954;0;1;;"test0";27232;38451286
417;-1031228376;true;0.004004020439711768;0;1;;"test0";34343;38451286
417;1024769768;true;0.004004020439711768;0;1;;"test0";23672;38451286
417;1827033093;true;0.004004020439711768;0;1;;"test0";29738;38451286
417;1240951596;true;0.004004020439711768;0;1;;"test0";28637;38451286
417;959334560;true;0.004004046605180653;0;1;;"test0";32735;38451286
417;1063205054;true;0.004004046605180653;0;1;;"test0";24254;38451286
417;-1177706004;true;0.004004046605180653;0;1;;"test0";1;38451286
417;547584536;true;0.004004046605180653;0;1;;"test0";29309;38451286
417;-1392444004;true;0.004004046605180653;0;1;;"test0";1;38451286
418;-947271466;true;0.003003432494279176;0;1;;"test0";25076;38626030
418;-1683354997;true;0.0034523666030999104;0;1;;"test0";29087;38626030
418;-416360625;true;0.0035749135067597955;0;1;;"test0";31141;38626030
418;-1119873652;true;0.003576810419140631;0;1;;"test0";25215;38626030
418;-695574518;true;0.0035994427202612617;0;1;;"test0";31713;38626030
418;293594412;true;0.0035994427202612617;0;1;;"test0";31397;38626030
418;-1895264703;true;0.003796113882157877;0;1;;"test0";20507;38626030
418;1119648013;true;0.003796113882157877;0;1;;"test0";27177;38626030
418;-1456196496;true;0.003803211809988998;0;1;;"test0";25847;38626030
418;-1008088830;true;0.003803357861010482;0;1;;"test0";23316;38626030
418;-1514868049;true;0.0039413905483096255;0;1;;"test0";24582;38626030
418;1519012873;true;0.003948039247129501;0;1;;"test0";25199;38626030
418;-527000002;true;0.003948039247129501;0;1;;"test0";22484;38626030
418;-254509255;true;0.003967775011484786;0;1;;"test0";22071;38626030
418;-90344025;true;0.003969582139021273;0;1;;"test0";32429;38626030
418;-195514443;true;0.003989383025835421;0;1;;"test0";28583;38626030
418;-511127788;true;0.003989383025835421;0;1;;"test0";33737;38626030
418;-511127788;true;0.003989383025835421;0;1;;"test0";28498;38626030
418;721407662;true;0.003989383025835421;0;1;;"test0";24501;38626030
418;-511127788;true;0.003989383025835421;0;1;;"test0";27957;38626030
418;-2083171897;true;0.003989383025835421;0;1;;"test0";31247;38626030
418;-237167883;true;0.003992276739029773;0;1;;"test0";32004;38626030
418;-1215987739;true;0.003992276739029773;0;1;;"test0";31944;38626030
418;-592142411;true;0.003992276739029773;0;1;;"test0";32351;38626030
418;-237167883;true;0.003992276739029773;0;1;;"test0";31194;38626030
418;762690550;true;0.003992276739029773;0;1;;"test0";32051;38626030
418;419255510;true;0.003992276739029773;0;1;;"test0";31259;38626030
418;-1825899715;true;0.003994025606371592;0;1;;"test0";29572;38626030
418;-1825899715;true;0.003994025606371592;0;1;;"test0";25832;38626030
418;1191590405;true;0.003995074642049437;0;1;;"test0";24799;38626030
418;803126665;true;0.003995074642049437;0;1;;"test0";21624;38626030
418;-1613458101;true;0.003995074642049437;0;1;;"test0";31961;38626030
418;-935664149;true;0.003995074642049437;0;1;;"test0";29069;38626030
418;-925121876;true;0.003997882765149081;0;1;;"test0";26329;38626030
418;2131963078;true;0.0040015364238503845;0;1;;"test0";19873;38626030
418;-1356960128;true;0.0040015364238503845;0;1;;"test0";26638;38626030
418;-1299876600;true;0.00400252165530186;0;1;;"test0";26768;38626030
418;13345240;true;0.0040036583369203954;0;1;;"test0";28461;38626030
418;1488354587;true;0.0040036583369203954;0;1;;"test0";20960;38626030
418;1488354587;true;0.0040036583369203954;0;1;;"test0";27185;38626030
418;1024769768;true;0.004004020439711768;0;1;;"test0";30826;38626030
418;-1937849522;true;0.004004020439711768;0;1;;"test0";30349;38626030
418;-459038589;true;0.004004046605180653;0;1;;"test0";13104;38626030
418;288813732;true;0.004004046605180653;0;1;;"test0";23004;38626030
418;-1856142850;true;0.004004046605180653;0;1;;"test0";18351;38626030
418;-1392444004;true;0.004004046605180653;0;1;;"test0";4;38626030
418;628119722;true;0.004004046605180653;0;1;;"test0";27420;38626030
418;547584536;true;0.004004046605180653;0;1;;"test0";27549;38626030
418;150650482;true;0.004004046605180653;0;1;;"test0";32768;38626030
419;-1241153194;true;0.0028642005243457043;0;1;;"test0";30685;38799578
419;966195876;true;0.00286427732079906;0;1;;"test0";29891;38799578
419;-113477011;true;0.002942137953579601;0;1;;"test0";26358;38799578
419;-2139827513;true;0.003003432494279176;0;1;;"test0";26487;38799578
419;-1862377383;true;0.003003432494279176;0;1;;"test0";27218;38799578
419;-26451225;true;0.003003432494279176;0;1;;"test0";25261;38799578
419;-32522335;true;0.00351022502416499;0;1;;"test0";30717;38799578
419;1463361189;true;0.0035215107722845126;0;1;;"test0";24222;38799578
419;-320293930;true;0.0035617287559843885;0;1;;"test0";24503;38799578
419;-876272688;true;0.003575939452459612;0;1;;"test0";25021;38799578
419;-1880464973;true;0.003576189876471084;0;1;;"test0";30615;38799578
419;-665424925;true;0.0035770398347859406;0;1;;"test0";22008;38799578
419;-695574518;true;0.0035994427202612617;0;1;;"test0";23017;38799578
419;-1979486867;true;0.0035994427202612617;0;1;;"test0";19882;38799578
419;19922731;true;0.0035994427202612617;0;1;;"test0";27251;38799578
419;-1264846904;true;0.003796113882157877;0;1;;"test0";31980;38799578
419;1417098471;true;0.00380312697244128;0;1;;"test0";24885;38799578
419;-2027730510;true;0.003944389604525921;0;1;;"test0";26261;38799578
419;-419314881;true;0.003948039247129501;0;1;;"test0";27447;38799578
419;-527000002;true;0.003948039247129501;0;1;;"test0";26464;38799578
419;229267516;true;0.003948039247129501;0;1;;"test0";26384;38799578
419;-527000002;true;0.003948039247129501;0;1;;"test0";29934;38799578
419;-283620014;true;0.003948039247129501;0;1;;"test0";24197;38799578
419;1542762106;true;0.003957947567640184;0;1;;"test0";30257;38799578
419;526040168;true;0.003962356338349254;0;1;;"test0";24922;38799578
419;-1736850993;true;0.003964221267309201;0;1;;"test0";23301;38799578
419;54143119;true;0.003981412244461138;0;1;;"test0";29946;38799578
419;718487601;true;0.0039859256410295744;0;1;;"test0";30552;38799578
419;-337618937;true;0.003989383025835421;0;1;;"test0";26075;38799578
419;-1607944432;true;0.003989383025835421;0;1;;"test0";24977;38799578
419;721407662;true;0.003989383025835421;0;1;;"test0";29110;38799578
419;-172027315;true;0.003992276739029773;0;1;;"test0";26502;38799578
419;1405669643;true;0.003993948371944293;0;1;;"test0";25085;38799578
419;-573638475;true;0.003994025606371592;0;1;;"test0";32209;38799578
419;-1825899715;true;0.003994025606371592;0;1;;"test0";30694;38799578
419;1994455142;true;0.003994025606371592;0;1;;"test0";32169;38799578
419;-1825899715;true;0.003994025606371592;0;1;;"test0";29053;38799578
419;-1613458101;true;0.003995074642049437;0;1;;"test0";21962;38799578
419;-533653871;true;0.003997882765149081;0;1;;"test0";31889;38799578
419;-327258433;true;0.003997882765149081;0;1;;"test0";23363;38799578
419;-316512126;true;0.003997882765149081;0;1;;"test0";32243;38799578
419;1075207680;true;0.003999016376182121;0;1;;"test0";21284;38799578
419;-1691589025;true;0.00400008520620526;0;1;;"test0";27009;38799578
419;-1299876600;true;0.00400252165530186;0;1;;"test0";22194;38799578
419;179782037;true;0.00400252165530186;0;1;;"test0";26263;38799578
419;1488354587;true;0.0040036583369203954;0;1;;"test0";25307;38799578
419;-1038709064;true;0.004004009881875311;0;1;;"test0";29156;38799578
419;-1200322312;true;0.004004020439711768;0;1;;"test0";32617;38799578
419;547584536;true;0.004004046605180653;0;1;;"test0";3;38799578
419;150650482;true;0.004004046605180653;0;1;;"test0";3;38799578
420;-1300618393;true;0.003003432494279176;0;1;;"test0";30742;38965013
420;640386369;true;0.003003432494279176;0;1;;"test0";30565;38965013
420;-1091170266;true;0.00351022502416499;0;1;;"test0";23867;38965013
420;350798505;true;0.00351022502416499;0;1;;"test0";29887;38965013
420;538409022;true;0.00357484618373692;0;1;;"test0";23501;38965013
420;300532276;true;0.003576189876471084;0;1;;"test0";26777;38965013
420;-1319054639;true;0.003576189876471084;0;1;;"test0";33641;38965013
420;-695574518;true;0.0035994427202612617;0;1;;"test0";30253;38965013
420;874770098;true;0.0035994427202612617;0;1;;"test0";25768;38965013
420;-557961391;true;0.0035994427202612617;0;1;;"test0";30872;38965013
420;592805566;true;0.0035994427202612617;0;1;;"test0";24261;38965013
420;-1895928577;true;0.0035994427202612617;0;1;;"test0";26017;38965013
420;594877050;true;0.0035994427202612617;0;1;;"test0";25026;38965013
420;-285454615;true;0.003796113882157877;0;1;;"test0";25770;38965013
420;-1264846904;true;0.003796113882157877;0;1;;"test0";24152;38965013
420;-1071902889;true;0.003796113882157877;0;1;;"test0";25792;38965013
420;1058558237;true;0.003953868893080797;0;1;;"test0";30967;38965013
420;287929200;true;0.003957947567640184;0;1;;"test0";18389;38965013
420;1542762106;true;0.003957947567640184;0;1;;"test0";31277;38965013
420;1542762106;true;0.003957947567640184;0;1;;"test0";25078;38965013
420;451439884;true;0.003957947567640184;0;1;;"test0";31394;38965013
420;9933420;true;0.003957947567640184;0;1;;"test0";27846;38965013
420;-1736850993;true;0.003964221267309201;0;1;;"test0";16740;38965013
420;1976428267;true;0.003964221267309201;0;1;;"test0";25091;38965013
420;272431362;true;0.003980430254315684;0;1;;"test0";26000;38965013
420;174806369;true;0.0039859256410295744;0;1;;"test0";15094;38965013
420;721407662;true;0.003989383025835421;0;1;;"test0";25751;38965013
420;-172027315;true;0.003992276739029773;0;1;;"test0";24335;38965013
420;1886279665;true;0.003992276739029773;0;1;;"test0";25101;38965013
420;903959895;true;0.003993932077870677;0;1;;"test0";19427;38965013
420;1994455142;true;0.003994025606371592;0;1;;"test0";24931;38965013
420;1994455142;true;0.003994025606371592;0;1;;"test0";27799;38965013
420;-1825899715;true;0.003994025606371592;0;1;;"test0";22378;38965013
420;-342098625;true;0.003994025606371592;0;1;;"test0";25966;38965013
420;-1825899715;true;0.003994025606371592;0;1;;"test0";24983;38965013
420;-1505927428;true;0.003997882765149081;0;1;;"test0";34562;38965013
420;1012705294;true;0.003997882765149081;0;1;;"test0";32990;38965013
420;-786092169;true;0.003998782231678837;0;1;;"test0";24519;38965013
420;2042557727;true;0.003999016376182121;0;1;;"test0";26377;38965013
420;2055919807;true;0.00400008520620526;0;1;;"test0";25751;38965013
420;-417849051;true;0.00400008520620526;0;1;;"test0";28968;38965013
420;780779582;true;0.004000149920955371;0;1;;"test0";20619;38965013
420;-1170917614;true;0.00400252165530186;0;1;;"test0";14866;38965013
420;179782037;true;0.00400252165530186;0;1;;"test0";14890;38965013
420;576005016;true;0.004004009881875311;0;1;;"test0";24423;38965013
420;-1038709064;true;0.004004009881875311;0;1;;"test0";26500;38965013
420;-1267075693;true;0.004004009881875311;0;1;;"test0";22873;38965013
420;1304274499;true;0.004004009881875311;0;1;;"test0";25082;38965013
420;150650482;true;0.004004046605180653;0;1;;"test0";1;38965013
420;547584536;true;0.004004046605180653;0;1;;"test0";1;38965013
421;121354607;true;0.0028642005243457043;0;1;;"test0";34762;39135827
421;-171400996;true;0.003003432494279176;0;1;;"test0";29706;39135827
421;-100787258;true;0.003003432494279176;0;1;;"test0";26860;39135827
421;2130896352;true;0.003576189876471084;0;1;;"test0";29904;39135827
421;-621409049;true;0.0035994427202612617;0;1;;"test0";21293;39135827
421;-290749056;true;0.0038023308067724852;0;1;;"test0";25025;39135827
421;1025216721;true;0.003803791800840371;0;1;;"test0";24903;39135827
421;1272353086;true;0.003953868893080797;0;1;;"test0";20038;39135827
421;-1351758728;true;0.003953868893080797;0;1;;"test0";21599;39135827
421;1870361812;true;0.003961426707332873;0;1;;"test0";23859;39135827
421;620836000;true;0.0039865342872755834;0;1;;"test0";33360;39135827
421;-1210801747;true;0.003989383025835421;0;1;;"test0";16777;39135827
421;-1112993745;true;0.003992276739029773;0;1;;"test0";18100;39135827
421;-988442413;true;0.003992276739029773;0;1;;"test0";26982;39135827
421;568106970;true;0.003994025606371592;0;1;;"test0";28497;39135827
421;-994770286;true;0.003994025606371592;0;1;;"test0";29017;39135827
421;-24047708;true;0.003994025606371592;0;1;;"test0";25356;39135827
421;1054259287;true;0.003994025606371592;0;1;;"test0";29817;39135827
421;343130685;true;0.003994025606371592;0;1;;"test0";30214;39135827
421;1012705294;true;0.003997882765149081;0;1;;"test0";23891;39135827
421;1012705294;true;0.003997882765149081;0;1;;"test0";29408;39135827
421;-906026426;true;0.003997882765149081;0;1;;"test0";27641;39135827
421;1321894719;true;0.003997882765149081;0;1;;"test0";29378;39135827
421;-1533899126;true;0.003997882765149081;0;1;;"test0";23910;39135827
421;1012705294;true;0.003997882765149081;0;1;;"test0";32172;39135827
421;1432642385;true;0.003997882765149081;0;1;;"test0";28952;39135827
421;-1617289327;true;0.003998782231678837;0;1;;"test0";25468;39135827
421;2055919807;true;0.00400008520620526;0;1;;"test0";30343;39135827
421;62364210;true;0.00400008520620526;0;1;;"test0";31990;39135827
421;1224261233;true;0.00400008520620526;0;1;;"test0";28660;39135827
421;961038011;true;0.00400008520620526;0;1;;"test0";26557;39135827
421;1734145673;true;0.00400008520620526;0;1;;"test0";29616;39135827
421;-1966797746;true;0.004000149920955371;0;1;;"test0";28837;39135827
421;1198658011;true;0.004000149920955371;0;1;;"test0";29959;39135827
421;2135085809;true;0.004000149920955371;0;1;;"test0";30000;39135827
421;196794037;true;0.00400252165530186;0;1;;"test0";20916;39135827
421;-1573877257;true;0.00400252165530186;0;1;;"test0";21473;39135827
421;-1026734041;true;0.004004009881875311;0;1;;"test0";29987;39135827
421;576005016;true;0.004004009881875311;0;1;;"test0";29174;39135827
421;2087174053;true;0.004004020439711768;0;1;;"test0";33441;39135827
421;569687207;true;0.004004020439711768;0;1;;"test0";27152;39135827
421;547584536;true;0.004004046605180653;0;1;;"test0";30559;39135827
421;150650482;true;0.004004046605180653;0;1;;"test0";22744;39135827
421;2046438730;true;0.004004046605180653;0;1;;"test0";23966;39135827
421;-1921454116;true;0.004004046605180653;0;1;;"test0";25938;39135827
421;2143126500;true;0.004004046605180653;0;1;;"test0";24915;39135827
421;445574286;true;0.004004046605180653;0;1;;"test0";29445;39135827
421;547584536;true;0.004004046605180653;0;1;;"test0";26513;39135827
422;636667531;true;0.0028642005243457043;0;1;;"test0";22292;39304766
422;902255947;true;0.0035747335298115133;0;1;;"test0";22398;39304766
422;1379521160;true;0.0035755480409207082;0;1;;"test0";16397;39304766
422;434230216;true;0.0035757942474892073;0;1;;"test0";30631;39304766
422;1597324722;true;0.003575939452459612;0;1;;"test0";32429;39304766
422;2130896352;true;0.003576189876471084;0;1;;"test0";29614;39304766
422;-1742426213;true;0.0035994427202612617;0;1;;"test0";16874;39304766
422;-1119117395;true;0.0035994427202612617;0;1;;"test0";29433;39304766
422;1076418232;true;0.0036229595239304054;0;1;;"test0";33146;39304766
422;-1411629296;true;0.0038023308067724852;0;1;;"test0";23818;39304766
422;1111927607;true;0.0038023308067724852;0;1;;"test0";24383;39304766
422;8744026;true;0.003804049210046014;0;1;;"test0";20204;39304766
422;-1104873359;true;0.0038137025481524553;0;1;;"test0";31481;39304766
422;382930030;true;0.0038182446682853695;0;1;;"test0";20616;39304766
422;1272353086;true;0.003953868893080797;0;1;;"test0";29446;39304766
422;-1351758728;true;0.003953868893080797;0;1;;"test0";19888;39304766
422;1272353086;true;0.003953868893080797;0;1;;"test0";29438;39304766
422;597816500;true;0.003953868893080797;0;1;;"test0";20699;39304766
422;-902858655;true;0.003961426707332873;0;1;;"test0";30659;39304766
422;219247355;true;0.003961426707332873;0;1;;"test0";29208;39304766
422;-1387210307;true;0.003961426707332873;0;1;;"test0";19505;39304766
422;1645332413;true;0.003961426707332873;0;1;;"test0";21808;39304766
422;-131361101;true;0.003976110182310492;0;1;;"test0";24540;39304766
422;1664403938;true;0.0039859256410295744;0;1;;"test0";32892;39304766
422;620836000;true;0.0039865342872755834;0;1;;"test0";29372;39304766
422;432413623;true;0.003992276739029773;0;1;;"test0";25958;39304766
422;1508207809;true;0.003992276739029773;0;1;;"test0";33493;39304766
422;1766164302;true;0.003994025606371584;0;1;;"test0";28539;39304766
422;-994770286;true;0.003994025606371592;0;1;;"test0";26469;39304766
422;-1025347736;true;0.003994025606371592;0;1;;"test0";32897;39304766
422;1656827544;true;0.003994025606371592;0;1;;"test0";21074;39304766
422;-110610824;true;0.00400008520620526;0;1;;"test0";30198;39304766
422;2055919807;true;0.00400008520620526;0;1;;"test0";16990;39304766
422;1919363639;true;0.004000149920955371;0;1;;"test0";24479;39304766
422;1808226576;true;0.004000149920955371;0;1;;"test0";29745;39304766
422;-1966797746;true;0.004000149920955371;0;1;;"test0";22372;39304766
422;810667053;true;0.004000149920955371;0;1;;"test0";25516;39304766
422;1319423493;true;0.004000149920955371;0;1;;"test0";28408;39304766
422;-1561820152;true;0.00400252165530186;0;1;;"test0";32226;39304766
422;196794037;true;0.00400252165530186;0;1;;"test0";32643;39304766
422;-1573877257;true;0.00400252165530186;0;1;;"test0";27888;39304766
422;196794037;true;0.00400252165530186;0;1;;"test0";25998;39304766
422;2001686954;true;0.004004009881875311;0;1;;"test0";21037;39304766
422;-920552381;true;0.004004034917405683;0;1;;"test0";15555;39304766
422;547584536;true;0.004004046605180653;0;1;;"test0";2;39304766
422;-435208886;true;0.004004046605180653;0;1;;"test0";20998;39304766
422;445574286;true;0.004004046605180653;0;1;;"test0";5;39304766
422;1898838506;true;0.004004046605180653;0;1;;"test0";24933;39304766
422;-412335012;true;0.004004046605180653;0;1;;"test0";31520;39304766
422;-1172153272;true;0.004004046605180653;0;1;;"test0";20378;39304766
423;-917801577;true;0.002942137953579601;0;1;;"test0";24681;39471961
423;-2032323470;true;0.003003432494279176;0;1;;"test0";21838;39471961
423;-1892432120;true;0.003003432494279176;0;1;;"test0";26811;39471961
423;1850625770;true;0.0035767300856429885;0;1;;"test0";19030;39471961
423;1072984989;true;0.003598164092115642;0;1;;"test0";30695;39471961
423;1382928485;true;0.0035994427202612617;0;1;;"test0";22258;39471961
423;281370908;true;0.0035994427202612617;0;1;;"test0";28206;39471961
423;652524325;true;0.0035994427202612617;0;1;;"test0";30546;39471961
423;1076418232;true;0.0036229595239304054;0;1;;"test0";27921;39471961
423;1290297843;true;0.003797648443466773;0;1;;"test0";30507;39471961
423;-2056340111;true;0.0038023308067724852;0;1;;"test0";26280;39471961
423;319495995;true;0.0038023308067724852;0;1;;"test0";32194;39471961
423;8744026;true;0.003804049210046014;0;1;;"test0";28690;39471961
423;128769577;true;0.003804049210046014;0;1;;"test0";30248;39471961
423;-2065068574;true;0.003808538223262757;0;1;;"test0";27259;39471961
423;1944967371;true;0.0038137025481524553;0;1;;"test0";29551;39471961
423;-1104873359;true;0.0038137025481524553;0;1;;"test0";24663;39471961
423;-825739329;true;0.0038137025481524553;0;1;;"test0";29785;39471961
423;-141501375;true;0.0038182446682853695;0;1;;"test0";23839;39471961
423;-986778407;true;0.003852280883435768;0;1;;"test0";21098;39471961
423;663227168;true;0.003964743622023465;0;1;;"test0";29337;39471961
423;-572888551;true;0.003976266148537041;0;1;;"test0";18048;39471961
423;-883135998;true;0.003980430254315684;0;1;;"test0";31141;39471961
423;-1074893705;true;0.003981412244461138;0;1;;"test0";30556;39471961
423;1664403938;true;0.0039859256410295744;0;1;;"test0";26718;39471961
423;-2082314976;true;0.0039865342872755834;0;1;;"test0";28795;39471961
423;620836000;true;0.0039865342872755834;0;1;;"test0";30480;39471961
423;-538264546;true;0.003989383025835421;0;1;;"test0";20340;39471961
423;-630408939;true;0.00399175878063242;0;1;;"test0";19706;39471961
423;-1712090059;true;0.003992745730528032;0;1;;"test0";17940;39471961
423;1656827544;true;0.003994025606371592;0;1;;"test0";24598;39471961
423;-1226625606;true;0.003994025606371592;0;1;;"test0";30774;39471961
423;1656827544;true;0.003994025606371592;0;1;;"test0";24454;39471961
423;1656827544;true;0.003994025606371592;0;1;;"test0";28819;39471961
423;-1809085683;true;0.003994025606371592;0;1;;"test0";30204;39471961
423;1656827544;true;0.003994025606371592;0;1;;"test0";25277;39471961
423;36247897;true;0.003994025606371592;0;1;;"test0";30239;39471961
423;2055919807;true;0.00400008520620526;0;1;;"test0";17608;39471961
423;2055919807;true;0.00400008520620526;0;1;;"test0";26016;39471961
423;2055919807;true;0.00400008520620526;0;1;;"test0";17211;39471961
423;1232684915;true;0.004000149920955371;0;1;;"test0";20368;39471961
423;1919363639;true;0.004000149920955371;0;1;;"test0";26256;39471961
423;-103055127;true;0.004001263105149405;0;1;;"test0";25608;39471961
423;175497428;true;0.00400252165530186;0;1;;"test0";19969;39471961
423;-1573877257;true;0.00400252165530186;0;1;;"test0";18400;39471961
423;-1552456656;true;0.004004009881875311;0;1;;"test0";24384;39471961
423;-899267648;true;0.004004020439711768;0;1;;"test0";30081;39471961
423;-1172153272;true;0.004004046605180653;0;1;;"test0";1;39471961
423;-412335012;true;0.004004046605180653;0;1;;"test0";2;39471961
423;-435208886;true;0.004004046605180653;0;1;;"test0";24005;39471961
424;-327969468;true;0.0028642005243457043;0;1;;"test0";33504;39645982
424;-1937269234;true;0.0028642005243457043;0;1;;"test0";29317;39645982
424;-978837690;true;0.003003432494279176;0;1;;"test0";31921;39645982
424;1743933778;true;0.0035617287559843885;0;1;;"test0";23994;39645982
424;2123168066;true;0.0035994427202612617;0;1;;"test0";27599;39645982
424;-2065068574;true;0.003808538223262757;0;1;;"test0";32192;39645982
424;-141501375;true;0.0038182446682853695;0;1;;"test0";34428;39645982
424;-141501375;true;0.0038182446682853695;0;1;;"test0";28409;39645982
424;612256880;true;0.0038246502069868814;0;1;;"test0";30634;39645982
424;-135347962;true;0.003826699344586451;0;1;;"test0";28163;39645982
424;-883135998;true;0.003980430254315684;0;1;;"test0";24938;39645982
424;-883135998;true;0.003980430254315684;0;1;;"test0";30947;39645982
424;1108007071;true;0.003981412244461138;0;1;;"test0";24905;39645982
424;2144494617;true;0.003981412244461138;0;1;;"test0";24815;39645982
424;-1155843367;true;0.003981412244461138;0;1;;"test0";23763;39645982
424;1389448739;true;0.003984746109336189;0;1;;"test0";34777;39645982
424;-2082314976;true;0.0039865342872755834;0;1;;"test0";22790;39645982
424;-649147099;true;0.0039865342872755834;0;1;;"test0";32381;39645982
424;-2082314976;true;0.0039865342872755834;0;1;;"test0";32381;39645982
424;332284962;true;0.003989383025835421;0;1;;"test0";26112;39645982
424;-538264546;true;0.003989383025835421;0;1;;"test0";27781;39645982
424;-538264546;true;0.003989383025835421;0;1;;"test0";27303;39645982
424;-538264546;true;0.003989383025835421;0;1;;"test0";24747;39645982
424;-336932719;true;0.003989383025835421;0;1;;"test0";27387;39645982
424;1727119787;true;0.003989938692892758;0;1;;"test0";22368;39645982
424;1479812915;true;0.00399175878063242;0;1;;"test0";30731;39645982
424;-1802034285;true;0.003992745730528032;0;1;;"test0";31521;39645982
424;358586538;true;0.003992745730528032;0;1;;"test0";32322;39645982
424;933367533;true;0.003994025606371592;0;1;;"test0";15973;39645982
424;36247897;true;0.003994025606371592;0;1;;"test0";27648;39645982
424;-1226625606;true;0.003994025606371592;0;1;;"test0";29400;39645982
424;-1409602175;true;0.003994025606371592;0;1;;"test0";27916;39645982
424;-433539434;true;0.003994025606371592;0;1;;"test0";28457;39645982
424;547383936;true;0.00399589151652645;0;1;;"test0";22973;39645982
424;1567329645;true;0.00400008520620526;0;1;;"test0";24466;39645982
424;-2098858705;true;0.004000149920955371;0;1;;"test0";29299;39645982
424;-372397157;true;0.004000149920955371;0;1;;"test0";29297;39645982
424;-103055127;true;0.004001263105149405;0;1;;"test0";32032;39645982
424;-1541935584;true;0.004001263105149405;0;1;;"test0";27206;39645982
424;-532577506;true;0.004001263105149405;0;1;;"test0";31560;39645982
424;1192632369;true;0.004004009881875311;0;1;;"test0";24775;39645982
424;-1552456656;true;0.004004009881875311;0;1;;"test0";22877;39645982
424;967232242;true;0.004004009881875311;0;1;;"test0";24237;39645982
424;468339497;true;0.004004020439711768;0;1;;"test0";30136;39645982
424;-899267648;true;0.004004020439711768;0;1;;"test0";25965;39645982
424;-1964205515;true;0.004004020439711768;0;1;;"test0";30289;39645982
424;-899267648;true;0.004004020439711768;0;1;;"test0";21594;39645982
424;7096268;true;0.004004020439711768;0;1;;"test0";19973;39645982
424;-435208886;true;0.004004046605180653;0;1;;"test0";1;39645982
424;-412335012;true;0.004004046605180653;0;1;;"test0";2;39645982
425;6916994;true;0.002002288329519451;0;1;;"test0";30464;39820980
425;-1797507082;true;0.0028642005243457043;0;1;;"test0";23743;39820980
425;1784391298;true;0.00286427732079906;0;1;;"test0";25645;39820980
425;2138775663;true;0.00286427732079906;0;1;;"test0";24931;39820980
425;1367133695;true;0.0028643572950366922;0;1;;"test0";27078;39820980
425;1712735014;true;0.003003432494279176;0;1;;"test0";25500;39820980
425;1784963376;true;0.003003432494279176;0;1;;"test0";23559;39820980
425;1832408210;true;0.003003432494279176;0;1;;"test0";30070;39820980
425;-242088030;true;0.003003432494279176;0;1;;"test0";21996;39820980
425;1743933778;true;0.0035617287559843885;0;1;;"test0";27673;39820980
425;596435487;true;0.0035752324956117815;0;1;;"test0";30026;39820980
425;2135004181;true;0.0035753068734544133;0;1;;"test0";22086;39820980
425;1816179574;true;0.0035994427202612617;0;1;;"test0";29934;39820980
425;-2065068574;true;0.003808538223262757;0;1;;"test0";30866;39820980
425;697738001;true;0.0038182446682853695;0;1;;"test0";27017;39820980
425;1019580349;true;0.0038246502069868814;0;1;;"test0";21423;39820980
425;-135347962;true;0.003826699344586451;0;1;;"test0";25262;39820980
425;-925596802;true;0.003980430254315684;0;1;;"test0";18813;39820980
425;-1161927242;true;0.003980430254315684;0;1;;"test0";29187;39820980
425;-1955298535;true;0.003981412244461138;0;1;;"test0";30965;39820980
425;-1010455859;true;0.003981412244461138;0;1;;"test0";30713;39820980
425;-707279037;true;0.003981412244461138;0;1;;"test0";30658;39820980
425;1108007071;true;0.003981412244461138;0;1;;"test0";31730;39820980
425;-206300032;true;0.003984746109336189;0;1;;"test0";24895;39820980
425;1389448739;true;0.003984746109336189;0;1;;"test0";24281;39820980
425;-538264546;true;0.003989383025835421;0;1;;"test0";27242;39820980
425;-538264546;true;0.003989383025835421;0;1;;"test0";30723;39820980
425;-1353085894;true;0.00399175878063242;0;1;;"test0";30325;39820980
425;1470255333;true;0.00399175878063242;0;1;;"test0";32240;39820980
425;1479812915;true;0.00399175878063242;0;1;;"test0";31245;39820980
425;44610723;true;0.00399175878063242;0;1;;"test0";32166;39820980
425;-1441606503;true;0.00399589151652645;0;1;;"test0";25391;39820980
425;547383936;true;0.00399589151652645;0;1;;"test0";27081;39820980
425;-371330728;true;0.0039983762994593944;0;1;;"test0";30359;39820980
425;1567329645;true;0.00400008520620526;0;1;;"test0";29874;39820980
425;1567329645;true;0.00400008520620526;0;1;;"test0";23877;39820980
425;1567329645;true;0.00400008520620526;0;1;;"test0";32408;39820980
425;1419243479;true;0.00400008520620526;0;1;;"test0";28466;39820980
425;634736830;true;0.00400008520620526;0;1;;"test0";18355;39820980
425;-1623602065;true;0.00400008520620526;0;1;;"test0";29820;39820980
425;-757937270;true;0.004000149920955371;0;1;;"test0";32233;39820980
425;967232242;true;0.004004009881875311;0;1;;"test0";28907;39820980
425;967232242;true;0.004004009881875311;0;1;;"test0";21712;39820980
425;-1488196891;true;0.004004009881875311;0;1;;"test0";23695;39820980
425;967232242;true;0.004004009881875311;0;1;;"test0";28981;39820980
425;-1552456656;true;0.004004009881875311;0;1;;"test0";27711;39820980
425;-899267648;true;0.004004020439711768;0;1;;"test0";23793;39820980
425;381409391;true;0.004004020439711768;0;1;;"test0";24024;39820980
425;-435208886;true;0.004004046605180653;0;1;;"test0";1;39820980
425;-412335012;true;0.004004046605180653;0;1;;"test0";1;39820980
426;-478126920;true;0.00286427732079906;0;1;;"test0";25649;39987313
426;53813034;true;0.00286427732079906;0;1;;"test0";25941;39987313
426;-2067904885;true;0.003442544388577638;0;1;;"test0";29100;39987313
426;1743933778;true;0.0035617287559843885;0;1;;"test0";29405;39987313
426;1289139502;true;0.0035617287559843885;0;1;;"test0";32569;39987313
426;451023229;true;0.0035752324956117815;0;1;;"test0";24566;39987313
426;230154277;true;0.0035753068734544133;0;1;;"test0";19496;39987313
426;990438790;true;0.0035754800850656128;0;1;;"test0";24304;39987313
426;-1868843464;true;0.0035994427202612617;0;1;;"test0";26009;39987313
426;1115036496;true;0.0035994427202612617;0;1;;"test0";24716;39987313
426;-1662713077;true;0.0035994427202612617;0;1;;"test0";18950;39987313
426;789243070;true;0.0035994427202612617;0;1;;"test0";28422;39987313
426;-1167932303;true;0.0035994427202612617;0;1;;"test0";32179;39987313
426;-2065068574;true;0.003808538223262757;0;1;;"test0";32229;39987313
426;-1756822487;true;0.0038182446682853695;0;1;;"test0";13573;39987313
426;710289741;true;0.0038182446682853695;0;1;;"test0";30748;39987313
426;697738001;true;0.0038182446682853695;0;1;;"test0";22315;39987313
426;697738001;true;0.0038182446682853695;0;1;;"test0";20045;39987313
426;2031822864;true;0.0038780211351182588;0;1;;"test0";35138;39987313
426;-925596802;true;0.003980430254315684;0;1;;"test0";28031;39987313
426;-1059323307;true;0.003980430254315684;0;1;;"test0";22925;39987313
426;-1353085894;true;0.00399175878063242;0;1;;"test0";19905;39987313
426;505767633;true;0.00399175878063242;0;1;;"test0";19366;39987313
426;1785575488;true;0.00399589151652645;0;1;;"test0";30408;39987313
426;1508914306;true;0.00399589151652645;0;1;;"test0";31445;39987313
426;1529842503;true;0.0039983762994593944;0;1;;"test0";24384;39987313
426;-371330728;true;0.0039983762994593944;0;1;;"test0";26091;39987313
426;634736830;true;0.00400008520620526;0;1;;"test0";33293;39987313
426;-1311927690;true;0.00400008520620526;0;1;;"test0";20246;39987313
426;2065312298;true;0.00400008520620526;0;1;;"test0";32549;39987313
426;-757937270;true;0.004000149920955371;0;1;;"test0";31462;39987313
426;604142745;true;0.004000149920955371;0;1;;"test0";27227;39987313
426;-757937270;true;0.004000149920955371;0;1;;"test0";18832;39987313
426;-1399546657;true;0.004000149920955371;0;1;;"test0";31165;39987313
426;-2119848512;true;0.004004009881875311;0;1;;"test0";21367;39987313
426;-66278586;true;0.004004009881875311;0;1;;"test0";19434;39987313
426;-493393332;true;0.004004009881875311;0;1;;"test0";26209;39987313
426;-519252231;true;0.004004009881875311;0;1;;"test0";25984;39987313
426;-213714161;true;0.004004009881875311;0;1;;"test0";31512;39987313
426;914420974;true;0.004004009881875311;0;1;;"test0";28432;39987313
426;-899267648;true;0.004004020439711768;0;1;;"test0";23484;39987313
426;381409391;true;0.004004020439711768;0;1;;"test0";29265;39987313
426;-435208886;true;0.004004046605180653;0;1;;"test0";24232;39987313
426;-435208886;true;0.004004046605180653;0;1;;"test0";27259;39987313
426;-1252652118;true;0.004004046605180653;0;1;;"test0";32151;39987313
426;-435208886;true;0.004004046605180653;0;1;;"test0";26981;39987313
426;1876822898;true;0.004004046605180653;0;1;;"test0";22583;39987313
426;-412335012;true;0.004004046605180653;0;1;;"test0";1;39987313
426;-630491673;true;0.004004046605180653;0;1;;"test0";22761;39987313
427;-1793862614;false;-1;0;0;;;27736;40167020
427;2079459368;true;0.0028642005243457043;0;1;;"test0";29239;40167020
427;1724243039;true;0.0028642005243457043;0;1;;"test0";22924;40167020
427;-2137894479;true;0.0028642005243457043;0;1;;"test0";28695;40167020
427;-1110673179;true;0.003003432494279176;0;1;;"test0";30823;40167020
427;1655359354;true;0.003451382431515155;0;1;;"test0";27015;40167020
427;-939314146;true;0.003557586116000347;0;1;;"test0";23626;40167020
427;684435717;true;0.0035617287559843885;0;1;;"test0";26762;40167020
427;1289139502;true;0.0035617287559843885;0;1;;"test0";24570;40167020
427;451023229;true;0.0035752324956117815;0;1;;"test0";20509;40167020
427;230154277;true;0.0035753068734544133;0;1;;"test0";24529;40167020
427;-564478771;true;0.0035753068734544133;0;1;;"test0";21966;40167020
427;222899898;true;0.0035753068734544133;0;1;;"test0";28979;40167020
427;-420502672;true;0.0035753068734544133;0;1;;"test0";27028;40167020
427;230154277;true;0.0035753068734544133;0;1;;"test0";18545;40167020
427;742363226;true;0.0035754800850656128;0;1;;"test0";30988;40167020
427;990438790;true;0.0035754800850656128;0;1;;"test0";26675;40167020
427;990438790;true;0.0035754800850656128;0;1;;"test0";30212;40167020
427;-618907100;true;0.003575706159533543;0;1;;"test0";28069;40167020
427;-236974991;true;0.003576304850000565;0;1;;"test0";26865;40167020
427;1053467818;true;0.0035763390749884013;0;1;;"test0";30493;40167020
427;-299132336;true;0.003584834278202431;0;1;;"test0";29071;40167020
427;897971032;true;0.0035994427202612617;0;1;;"test0";29774;40167020
427;-1053317425;true;0.0035994427202612617;0;1;;"test0";22811;40167020
427;-68262204;true;0.0038023308067724852;0;1;;"test0";31101;40167020
427;2033653197;true;0.0038780211351182588;0;1;;"test0";30866;40167020
427;-1529012356;true;0.003980430254315684;0;1;;"test0";31078;40167020
427;1351169371;true;0.003994025606371592;0;1;;"test0";29859;40167020
427;2143342530;true;0.003995290213099304;0;1;;"test0";32324;40167020
427;-381045208;true;0.0039983762994593944;0;1;;"test0";32868;40167020
427;347671396;true;0.0039983762994593944;0;1;;"test0";33183;40167020
427;-857548235;true;0.0039983762994593944;0;1;;"test0";29092;40167020
427;-546655612;true;0.0039983762994593944;0;1;;"test0";32600;40167020
427;-371330728;true;0.0039983762994593944;0;1;;"test0";24020;40167020
427;953354217;true;0.00400008520620526;0;1;;"test0";33494;40167020
427;-1399546657;true;0.004000149920955371;0;1;;"test0";29424;40167020
427;604142745;true;0.004000149920955371;0;1;;"test0";23683;40167020
427;-1399546657;true;0.004000149920955371;0;1;;"test0";30743;40167020
427;-11488171;true;0.004000149920955371;0;1;;"test0";26032;40167020
427;-119135070;true;0.004000149920955371;0;1;;"test0";27871;40167020
427;-519252231;true;0.004004009881875311;0;1;;"test0";17027;40167020
427;-899267648;true;0.004004020439711768;0;1;;"test0";29446;40167020
427;1118741056;true;0.004004020439711768;0;1;;"test0";30268;40167020
427;-899267648;true;0.004004020439711768;0;1;;"test0";24334;40167020
427;-899267648;true;0.004004020439711768;0;1;;"test0";30919;40167020
427;-899267648;true;0.004004020439711768;0;1;;"test0";30860;40167020
427;-406476283;true;0.004004020439711768;0;1;;"test0";28559;40167020
427;-1282970960;true;0.004004020439711768;0;1;;"test0";24611;40167020
427;-630491673;true;0.004004046605180653;0;1;;"test0";1;40167020
427;-412335012;true;0.004004046605180653;0;1;;"test0";2;40167020
428;1224602880;true;0.002574370709382151;0;1;;"test0";29740;40347604
428;-2029983914;true;0.00286427732079906;0;1;;"test0";33466;40347604
428;1550535454;true;0.003003432494279176;0;1;;"test0";33412;40347604
428;-754544197;true;0.0035144776755579293;0;1;;"test0";31551;40347604
428;-1620359703;true;0.0035172604940037953;0;1;;"test0";31121;40347604
428;-157728583;true;0.0035752324956117815;0;1;;"test0";29327;40347604
428;-2044477673;true;0.0035753068734544133;0;1;;"test0";31175;40347604
428;1472226444;true;0.0035754800850656128;0;1;;"test0";33166;40347604
428;2006258175;true;0.0035755480409207082;0;1;;"test0";31491;40347604
428;2105721841;true;0.0035755480409207082;0;1;;"test0";31211;40347604
428;-299132336;true;0.003584834278202431;0;1;;"test0";24260;40347604
428;-299132336;true;0.003584834278202431;0;1;;"test0";29315;40347604
428;1214813264;true;0.0035994427202612617;0;1;;"test0";29053;40347604
428;1534907982;true;0.0035994427202612617;0;1;;"test0";30245;40347604
428;786601912;true;0.0035994427202612617;0;1;;"test0";27642;40347604
428;-1651144329;true;0.0035994427202612617;0;1;;"test0";33308;40347604
428;1679781628;true;0.0038023308067724852;0;1;;"test0";24882;40347604
428;1994231689;true;0.0038023308067724852;0;1;;"test0";26919;40347604
428;-644621956;true;0.003804049210046014;0;1;;"test0";27800;40347604
428;-1501946449;true;0.003812478684766904;0;1;;"test0";31324;40347604
428;2033653197;true;0.0038780211351182588;0;1;;"test0";27767;40347604
428;1679828135;true;0.0038780211351182588;0;1;;"test0";28670;40347604
428;2033653197;true;0.0038780211351182588;0;1;;"test0";25788;40347604
428;-1553949096;true;0.0038780211351182588;0;1;;"test0";31856;40347604
428;378932851;true;0.0038792212642431074;0;1;;"test0";24958;40347604
428;-458547529;true;0.0038945636125646216;0;1;;"test0";26515;40347604
428;1245706144;true;0.0039865342872755834;0;1;;"test0";15938;40347604
428;1644493348;true;0.0039875200996365;0;1;;"test0";29316;40347604
428;-246768634;true;0.003989384122902249;0;1;;"test0";17863;40347604
428;1807966725;true;0.003994025606371592;0;1;;"test0";26673;40347604
428;1351169371;true;0.003994025606371592;0;1;;"test0";24146;40347604
428;710169004;true;0.003994025606371592;0;1;;"test0";30099;40347604
428;-964403010;true;0.00399589151652645;0;1;;"test0";31181;40347604
428;-857548235;true;0.0039983762994593944;0;1;;"test0";18488;40347604
428;-857548235;true;0.0039983762994593944;0;1;;"test0";31004;40347604
428;347671396;true;0.0039983762994593944;0;1;;"test0";24231;40347604
428;-1115355573;true;0.0039983762994593944;0;1;;"test0";24609;40347604
428;1562887926;true;0.0039983762994593944;0;1;;"test0";15504;40347604
428;-1585794181;true;0.00400008520620526;0;1;;"test0";30299;40347604
428;1987293871;true;0.004000149920955371;0;1;;"test0";26912;40347604
428;823391776;true;0.00400250309915532;0;1;;"test0";15739;40347604
428;-754234967;true;0.004004009881875311;0;1;;"test0";31102;40347604
428;-1843016487;true;0.004004009881875311;0;1;;"test0";33367;40347604
428;-899267648;true;0.004004020439711768;0;1;;"test0";31383;40347604
428;-412335012;true;0.004004046605180653;0;1;;"test0";32082;40347604
428;1313873554;true;0.004004046605180653;0;1;;"test0";29192;40347604
428;-412335012;true;0.004004046605180653;0;1;;"test0";28378;40347604
428;-630491673;true;0.004004046605180653;0;1;;"test0";25783;40347604
429;-1045708784;true;0.0028642005243457043;0;1;;"test0";25318;40523799
429;1814812488;true;0.0028642005243457043;0;1;;"test0";27157;40523799
429;-1342080795;true;0.0028642005243457043;0;1;;"test0";31641;40523799
429;-753581553;true;0.0028642005243457043;0;1;;"test0";30789;40523799
429;-824034154;true;0.00286427732079906;0;1;;"test0";29256;40523799
429;-146551232;true;0.00286427732079906;0;1;;"test0";23752;40523799
429;-1602342928;true;0.003003432494279176;0;1;;"test0";31099;40523799
429;-2071712127;true;0.003442145429476167;0;1;;"test0";25487;40523799
429;1426170079;true;0.0034546784230894746;0;1;;"test0";22828;40523799
429;-1620359703;true;0.0035172604940037953;0;1;;"test0";31748;40523799
429;-1017320068;true;0.0035172604940037953;0;1;;"test0";31932;40523799
429;-799674172;true;0.0035617287559843885;0;1;;"test0";31147;40523799
429;1204383128;true;0.003574424456180305;0;1;;"test0";28523;40523799
429;-2044477673;true;0.0035753068734544133;0;1;;"test0";23405;40523799
429;-2044477673;true;0.0035753068734544133;0;1;;"test0";21294;40523799
429;1472226444;true;0.0035754800850656128;0;1;;"test0";22657;40523799
429;1472226444;true;0.0035754800850656128;0;1;;"test0";22415;40523799
429;149634283;true;0.0035755480409207082;0;1;;"test0";32113;40523799
429;-299132336;true;0.003584834278202431;0;1;;"test0";27471;40523799
429;-299132336;true;0.003584834278202431;0;1;;"test0";30983;40523799
429;-1651144329;true;0.0035994427202612617;0;1;;"test0";27332;40523799
429;696197242;true;0.0035994427202612617;0;1;;"test0";32957;40523799
429;-1146538098;true;0.0037976609814644353;0;1;;"test0";27100;40523799
429;-1818455059;true;0.0038023308067724852;0;1;;"test0";27424;40523799
429;2066167551;true;0.003802408304409781;0;1;;"test0";27269;40523799
429;1666375549;true;0.003812478684766904;0;1;;"test0";29412;40523799
429;-2094145041;true;0.0038465331578461316;0;1;;"test0";26364;40523799
429;1761731099;true;0.0038780211351182588;0;1;;"test0";20849;40523799
429;-1240775397;true;0.0038780211351182588;0;1;;"test0";27967;40523799
429;1147006788;true;0.0038792212642431074;0;1;;"test0";31200;40523799
429;839864255;true;0.0038945636125646216;0;1;;"test0";21218;40523799
429;856209299;true;0.003989384122902249;0;1;;"test0";27367;40523799
429;-1539413300;true;0.003992276739029773;0;1;;"test0";24794;40523799
429;164721417;true;0.003993961084894316;0;1;;"test0";26170;40523799
429;1351169371;true;0.003994025606371592;0;1;;"test0";29488;40523799
429;-907703217;true;0.003994025606371592;0;1;;"test0";25615;40523799
429;-1806886435;true;0.00399589151652645;0;1;;"test0";29275;40523799
429;-1080963852;true;0.00399589151652645;0;1;;"test0";23714;40523799
429;-1585794181;true;0.00400008520620526;0;1;;"test0";32956;40523799
429;5540843;true;0.004000321967775602;0;1;;"test0";33090;40523799
429;823391776;true;0.00400250309915532;0;1;;"test0";31057;40523799
429;1338809395;true;0.004004009881875311;0;1;;"test0";31855;40523799
429;-899267648;true;0.004004020439711768;0;1;;"test0";23564;40523799
429;-930477042;true;0.004004020439711768;0;1;;"test0";23253;40523799
429;-1615542202;true;0.004004046605180653;0;1;;"test0";26867;40523799
429;450306596;true;0.004004046605180653;0;1;;"test0";30479;40523799
429;-630491673;true;0.004004046605180653;0;1;;"test0";2;40523799
429;-412335012;true;0.004004046605180653;0;1;;"test0";32007;40523799
429;-1537226348;true;0.004004046605180653;0;1;;"test0";24907;40523799
430;1186423477;true;0.0028642005243457043;0;1;;"test0";34035;40703107
430;-421279864;true;0.0028642005243457043;0;1;;"test0";24877;40703107
430;1755113854;true;0.00286427732079906;0;1;;"test0";30520;40703107
430;2076414629;true;0.00286427732079906;0;1;;"test0";36999;40703107
430;733288554;true;0.00286427732079906;0;1;;"test0";27425;40703107
430;-1362270753;true;0.00286427732079906;0;1;;"test0";30485;40703107
430;-1368302804;true;0.003003432494279176;0;1;;"test0";28678;40703107
430;911064907;true;0.0035144776755579293;0;1;;"test0";31044;40703107
430;-1620359703;true;0.0035172604940037953;0;1;;"test0";30592;40703107
430;1451927193;true;0.0035172604940037953;0;1;;"test0";17239;40703107
430;-489386141;true;0.003574424456180305;0;1;;"test0";26618;40703107
430;1274246933;true;0.003574424456180305;0;1;;"test0";29552;40703107
430;1404547782;true;0.00357484203686961;0;1;;"test0";32100;40703107
430;953393418;true;0.0035754800850656128;0;1;;"test0";29646;40703107
430;-299132336;true;0.003584834278202431;0;1;;"test0";25977;40703107
430;2036173455;true;0.003584834278202431;0;1;;"test0";29273;40703107
430;-299132336;true;0.003584834278202431;0;1;;"test0";30672;40703107
430;-299132336;true;0.003584834278202431;0;1;;"test0";29957;40703107
430;-1978693018;true;0.0035994427202612617;0;1;;"test0";29963;40703107
430;-1194658407;true;0.0035994427202612617;0;1;;"test0";29087;40703107
430;1318759609;true;0.003715856722125288;0;1;;"test0";30741;40703107
430;900917966;true;0.0037976609814644353;0;1;;"test0";22573;40703107
430;-1146538098;true;0.0037976609814644353;0;1;;"test0";22207;40703107
430;1666375549;true;0.003812478684766904;0;1;;"test0";22867;40703107
430;-1409803002;true;0.0038126936188080164;0;1;;"test0";16435;40703107
430;-219938289;true;0.0038460628482116857;0;1;;"test0";29085;40703107
430;-2094145041;true;0.0038465331578461316;0;1;;"test0";29658;40703107
430;-179359292;true;0.0038465331578461316;0;1;;"test0";28654;40703107
430;-496621663;true;0.0038465331578461316;0;1;;"test0";30972;40703107
430;-840575474;true;0.0038780211351182588;0;1;;"test0";27776;40703107
430;2117485533;true;0.0038792212642431074;0;1;;"test0";22041;40703107
430;-47665232;true;0.0038792212642431074;0;1;;"test0";25137;40703107
430;-133173648;true;0.0038792212642431074;0;1;;"test0";26681;40703107
430;-1649322850;true;0.0038803539024661526;0;1;;"test0";30560;40703107
430;1841863616;true;0.003889773627045186;0;1;;"test0";33097;40703107
430;900224011;true;0.0038965125468261763;0;1;;"test0";29009;40703107
430;-676945184;true;0.003981412244461138;0;1;;"test0";29606;40703107
430;1216097538;true;0.003993961084894316;0;1;;"test0";29189;40703107
430;164721417;true;0.003993961084894316;0;1;;"test0";34085;40703107
430;-1585794181;true;0.00400008520620526;0;1;;"test0";28059;40703107
430;697980223;true;0.004000149920955371;0;1;;"test0";16603;40703107
430;823391776;true;0.00400250309915532;0;1;;"test0";26246;40703107
430;-838401715;true;0.00400250309915532;0;1;;"test0";25719;40703107
430;-1310394486;true;0.00400250309915532;0;1;;"test0";20392;40703107
430;1338809395;true;0.004004009881875311;0;1;;"test0";22814;40703107
430;-930477042;true;0.004004020439711768;0;1;;"test0";30298;40703107
430;-930477042;true;0.004004020439711768;0;1;;"test0";34115;40703107
430;-930477042;true;0.004004020439711768;0;1;;"test0";30071;40703107
430;-412335012;true;0.004004046605180653;0;1;;"test0";2;40703107
430;-1537226348;true;0.004004046605180653;0;1;;"test0";1;40703107
431;-1573112548;true;0.00286412671996196;0;1;;"test0";31147;40860199
431;1615455332;true;0.00286427732079906;0;1;;"test0";22471;40860199
431;-2045867768;true;0.003003432494279176;0;1;;"test0";26507;40860199
431;-1626785619;true;0.0035215107722845126;0;1;;"test0";19283;40860199
431;2086326804;true;0.0035747335298115133;0;1;;"test0";18070;40860199
431;-1847021982;true;0.00357484203686961;0;1;;"test0";22446;40860199
431;-1791194880;true;0.00357484203686961;0;1;;"test0";22409;40860199
431;-86563722;true;0.0035757942474892073;0;1;;"test0";17335;40860199
431;145540685;true;0.0035757983721435974;0;1;;"test0";25459;40860199
431;1781641998;true;0.0035994427202612617;0;1;;"test0";21081;40860199
431;1318759609;true;0.003715856722125288;0;1;;"test0";22348;40860199
431;-1194853396;true;0.0038023308067724852;0;1;;"test0";15848;40860199
431;-693314820;true;0.0038126936188080164;0;1;;"test0";22510;40860199
431;643247609;true;0.0038156486892365507;0;1;;"test0";29322;40860199
431;482364185;true;0.0038460628482116857;0;1;;"test0";22334;40860199
431;-219938289;true;0.0038460628482116857;0;1;;"test0";23673;40860199
431;1679099591;true;0.0038460628482116857;0;1;;"test0";23027;40860199
431;19428810;true;0.0038780211351182588;0;1;;"test0";16260;40860199
431;-398326339;true;0.0038780211351182588;0;1;;"test0";18201;40860199
431;-133173648;true;0.0038792212642431074;0;1;;"test0";31800;40860199
431;-1319593909;true;0.0038792212642431074;0;1;;"test0";31476;40860199
431;1125419161;true;0.003889272220475405;0;1;;"test0";23542;40860199
431;1841863616;true;0.003889773627045186;0;1;;"test0";23133;40860199
431;-1622393056;true;0.003889773627045186;0;1;;"test0";31452;40860199
431;-1121534919;true;0.003892108904472613;0;1;;"test0";25460;40860199
431;1438697392;true;0.0038940473462301364;0;1;;"test0";23111;40860199
431;900224011;true;0.0038965125468261763;0;1;;"test0";27699;40860199
431;1724059536;true;0.0038965125468261763;0;1;;"test0";23337;40860199
431;1808033729;true;0.0038965125468261763;0;1;;"test0";22130;40860199
431;900224011;true;0.0038965125468261763;0;1;;"test0";24017;40860199
431;-676945184;true;0.003981412244461138;0;1;;"test0";29185;40860199
431;-676945184;true;0.003981412244461138;0;1;;"test0";29856;40860199
431;-676945184;true;0.003981412244461138;0;1;;"test0";30714;40860199
431;1952458539;true;0.003983604148751405;0;1;;"test0";29271;40860199
431;-647974634;true;0.003992276739029773;0;1;;"test0";19195;40860199
431;-1275432110;true;0.00400008520620526;0;1;;"test0";32466;40860199
431;-1585794181;true;0.00400008520620526;0;1;;"test0";29757;40860199
431;697980223;true;0.004000149920955371;0;1;;"test0";27907;40860199
431;-987493894;true;0.004000149920955371;0;1;;"test0";33071;40860199
431;539347565;true;0.004000149920955371;0;1;;"test0";29936;40860199
431;-86524740;true;0.004000149920955371;0;1;;"test0";23420;40860199
431;1338809395;true;0.004004009881875311;0;1;;"test0";34051;40860199
431;637519153;true;0.004004009881875311;0;1;;"test0";18469;40860199
431;-168043822;true;0.004004009881875311;0;1;;"test0";22352;40860199
431;-1824706458;true;0.004004009881875311;0;1;;"test0";17958;40860199
431;-1219044335;true;0.004004020439711768;0;1;;"test0";32868;40860199
431;-1537226348;true;0.004004046605180653;0;1;;"test0";5;40860199
431;-412335012;true;0.004004046605180653;0;1;;"test0";19651;40860199
431;-1760152928;true;0.004004046605180653;0;1;;"test0";15847;40860199
432;-961833720;true;0.00286412671996196;0;1;;"test0";17003;41035932
432;1615455332;true;0.00286427732079906;0;1;;"test0";29864;41035932
432;-1369530282;true;0.00286427732079906;0;1;;"test0";26720;41035932
432;-1478506507;true;0.00286427732079906;0;1;;"test0";34049;41035932
432;-1938610359;true;0.002942137953579601;0;1;;"test0";17396;41035932
432;-193013281;true;0.002942137953579601;0;1;;"test0";25670;41035932
432;-2045867768;true;0.003003432494279176;0;1;;"test0";34008;41035932
432;-716759517;true;0.003003432494279176;0;1;;"test0";28067;41035932
432;1009720327;true;0.003442413230753745;0;1;;"test0";21252;41035932
432;-877666768;true;0.0035747335298115133;0;1;;"test0";30299;41035932
432;-2030199342;true;0.0035757983721435974;0;1;;"test0";27376;41035932
432;-1461714875;true;0.003584834278202431;0;1;;"test0";26946;41035932
432;-833441597;true;0.003715856722125288;0;1;;"test0";15058;41035932
432;-1272211180;true;0.0037976002598750233;0;1;;"test0";29741;41035932
432;-920137376;true;0.003797630012932902;0;1;;"test0";26026;41035932
432;-1428510947;true;0.0038780211351182588;0;1;;"test0";31758;41035932
432;1391277315;true;0.0038792212642431074;0;1;;"test0";27123;41035932
432;-949960805;true;0.0038792212642431074;0;1;;"test0";34005;41035932
432;1963834897;true;0.0038792212642431074;0;1;;"test0";33998;41035932
432;-252713073;true;0.0038870282335081445;0;1;;"test0";22617;41035932
432;-1632324113;true;0.003889272220475405;0;1;;"test0";25723;41035932
432;-136878627;true;0.0038906725830367772;0;1;;"test0";25599;41035932
432;-1121534919;true;0.003892108904472613;0;1;;"test0";31683;41035932
432;-1116105631;true;0.003892108904472613;0;1;;"test0";28226;41035932
432;1925989586;true;0.0038940473462301364;0;1;;"test0";31257;41035932
432;-1122990151;true;0.0038940473462301364;0;1;;"test0";29059;41035932
432;2133331671;true;0.0038965125468261763;0;1;;"test0";29855;41035932
432;1761088124;true;0.0038965125468261763;0;1;;"test0";29138;41035932
432;-892009540;true;0.003978872071068245;0;1;;"test0";30654;41035932
432;-476219082;true;0.003981412244461138;0;1;;"test0";27763;41035932
432;-924985837;true;0.003981412244461138;0;1;;"test0";25313;41035932
432;1952458539;true;0.003983604148751405;0;1;;"test0";27728;41035932
432;1517647693;true;0.003989938692892758;0;1;;"test0";26679;41035932
432;1459936862;true;0.003992276739029773;0;1;;"test0";31079;41035932
432;-647974634;true;0.003992276739029773;0;1;;"test0";28302;41035932
432;-364553356;true;0.003992276739029773;0;1;;"test0";28042;41035932
432;-2008112061;true;0.003992276739029773;0;1;;"test0";30022;41035932
432;-915927053;true;0.003992276739029773;0;1;;"test0";22919;41035932
432;-1100055855;true;0.003992276739029773;0;1;;"test0";31193;41035932
432;-647974634;true;0.003992276739029773;0;1;;"test0";31635;41035932
432;-647974634;true;0.003992276739029773;0;1;;"test0";22218;41035932
432;-1275432110;true;0.00400008520620526;0;1;;"test0";20946;41035932
432;-449654857;true;0.004000149920955371;0;1;;"test0";29544;41035932
432;1827195477;true;0.004000149920955371;0;1;;"test0";25869;41035932
432;554817726;true;0.004004009881875311;0;1;;"test0";30939;41035932
432;1214168855;true;0.004004009881875311;0;1;;"test0";26963;41035932
432;120850381;true;0.004004009881875311;0;1;;"test0";14034;41035932
432;-168043822;true;0.004004009881875311;0;1;;"test0";27228;41035932
432;-1760152928;true;0.004004046605180653;0;1;;"test0";1;41035932
432;-412335012;true;0.004004046605180653;0;1;;"test0";1;41035932
433;-706280695;true;0.0028642005243457043;0;1;;"test0";26467;41215186
433;1195404086;true;0.00286427732079906;0;1;;"test0";33040;41215186
433;-2075524606;true;0.00286427732079906;0;1;;"test0";24535;41215186
433;-528869421;true;0.003003432494279176;0;1;;"test0";22957;41215186
433;598507058;true;0.003003432494279176;0;1;;"test0";22026;41215186
433;116660679;true;0.003442613049532508;0;1;;"test0";28120;41215186
433;-2066287501;true;0.0034523666030999104;0;1;;"test0";22181;41215186
433;80941276;true;0.0035728348119842676;0;1;;"test0";28725;41215186
433;-4717323;true;0.0035757983721435974;0;1;;"test0";35096;41215186
433;-2030199342;true;0.0035757983721435974;0;1;;"test0";28761;41215186
433;-1376597186;true;0.003584622509859455;0;1;;"test0";22887;41215186
433;-162505254;true;0.0035994427202612617;0;1;;"test0";22075;41215186
433;1215862171;true;0.0035994427202612617;0;1;;"test0";22902;41215186
433;-401110268;true;0.003715856722125288;0;1;;"test0";22343;41215186
433;-670293260;true;0.003723270040903956;0;1;;"test0";27643;41215186
433;-976117688;true;0.003796113882157877;0;1;;"test0";22568;41215186
433;1858448375;true;0.003804049210046014;0;1;;"test0";29635;41215186
433;-1159452555;true;0.0038772401216338277;0;1;;"test0";33025;41215186
433;-1000252108;true;0.0038792212642431074;0;1;;"test0";22681;41215186
433;-1339749974;true;0.0038792212642431074;0;1;;"test0";24159;41215186
433;1963834897;true;0.0038792212642431074;0;1;;"test0";14220;41215186
433;-136878627;true;0.0038906725830367772;0;1;;"test0";28812;41215186
433;-136878627;true;0.0038906725830367772;0;1;;"test0";35520;41215186
433;-1122990151;true;0.0038940473462301364;0;1;;"test0";14718;41215186
433;2133331671;true;0.0038965125468261763;0;1;;"test0";33376;41215186
433;-1538740748;true;0.0038965125468261763;0;1;;"test0";33411;41215186
433;-892009540;true;0.003978872071068245;0;1;;"test0";22553;41215186
433;-892009540;true;0.003978872071068245;0;1;;"test0";26052;41215186
433;-1686426910;true;0.003983604148751405;0;1;;"test0";25792;41215186
433;1988702486;true;0.003983604148751405;0;1;;"test0";25516;41215186
433;380695351;true;0.003985312928837007;0;1;;"test0";33702;41215186
433;-1379454421;true;0.003989383025835421;0;1;;"test0";31551;41215186
433;421968037;true;0.003992276739029773;0;1;;"test0";32555;41215186
433;-1325939271;true;0.003992276739029773;0;1;;"test0";33396;41215186
433;1708430020;true;0.003992276739029773;0;1;;"test0";34326;41215186
433;-1627858156;true;0.003997882765149081;0;1;;"test0";24602;41215186
433;-1275432110;true;0.00400008520620526;0;1;;"test0";28859;41215186
433;-1874941628;true;0.00400008520620526;0;1;;"test0";31482;41215186
433;-1275432110;true;0.00400008520620526;0;1;;"test0";22000;41215186
433;-978270743;true;0.00400008520620526;0;1;;"test0";30104;41215186
433;-1275432110;true;0.00400008520620526;0;1;;"test0";24569;41215186
433;-1543300516;true;0.004001263105149405;0;1;;"test0";32278;41215186
433;973375800;true;0.004004009881875311;0;1;;"test0";33382;41215186
433;554817726;true;0.004004009881875311;0;1;;"test0";33111;41215186
433;694176620;true;0.004004009881875311;0;1;;"test0";35503;41215186
433;-1737989552;true;0.004004046605180653;0;1;;"test0";30640;41215186
433;-412335012;true;0.004004046605180653;0;1;;"test0";1;41215186
433;-1760152928;true;0.004004046605180653;0;1;;"test0";26514;41215186
433;454627727;true;0.004004046605180653;0;1;;"test0";35557;41215186
434;-383604249;false;-1;0;1;;"test0";NaN;41399144
434;-816050900;true;0.00286412671996196;0;1;;"test0";28827;41399144
434;898262066;true;0.002866698518872432;0;1;;"test0";24078;41399144
434;-528869421;true;0.003003432494279176;0;1;;"test0";33811;41399144
434;-1330086531;true;0.003003432494279176;0;1;;"test0";25990;41399144
434;943722841;true;0.003003432494279176;0;1;;"test0";29385;41399144
434;673024436;true;0.003003432494279176;0;1;;"test0";34178;41399144
434;-1377054058;true;0.0034475335937849128;0;1;;"test0";30933;41399144
434;-623217873;true;0.0035617287559843885;0;1;;"test0";18498;41399144
434;27870600;true;0.003568989940184461;0;1;;"test0";21345;41399144
434;1976616628;true;0.0035741104671195034;0;1;;"test0";26999;41399144
434;397267027;true;0.0035849927320058075;0;1;;"test0";33427;41399144
434;-924644200;true;0.0035865412915230058;0;1;;"test0";31872;41399144
434;380288729;true;0.003796113882157877;0;1;;"test0";33129;41399144
434;-976117688;true;0.003796113882157877;0;1;;"test0";19363;41399144
434;-1341700981;true;0.003796113882157877;0;1;;"test0";35509;41399144
434;-1045589457;true;0.0038004342194965478;0;1;;"test0";32776;41399144
434;1858448375;true;0.003804049210046014;0;1;;"test0";31022;41399144
434;-1411168295;true;0.003804049210046014;0;1;;"test0";31190;41399144
434;1997720829;true;0.003804049210046014;0;1;;"test0";30787;41399144
434;-1745472889;true;0.0038095006537706834;0;1;;"test0";23514;41399144
434;-313315266;true;0.003876096134523445;0;1;;"test0";30175;41399144
434;-1159452555;true;0.0038772401216338277;0;1;;"test0";24501;41399144
434;1531558449;true;0.0038772401216338277;0;1;;"test0";24241;41399144
434;-136878627;true;0.0038906725830367772;0;1;;"test0";25355;41399144
434;1816280093;true;0.003895511722099351;0;1;;"test0";26920;41399144
434;2133331671;true;0.0038965125468261763;0;1;;"test0";20811;41399144
434;-1592965569;true;0.0038965125468261763;0;1;;"test0";30559;41399144
434;98896862;true;0.003899730281359158;0;1;;"test0";31842;41399144
434;1994828861;true;0.003978872071068245;0;1;;"test0";31842;41399144
434;833615109;true;0.003978872071068245;0;1;;"test0";27505;41399144
434;1573529848;true;0.003985312928837007;0;1;;"test0";25979;41399144
434;380695351;true;0.003985312928837007;0;1;;"test0";27152;41399144
434;380695351;true;0.003985312928837007;0;1;;"test0";21849;41399144
434;421968037;true;0.003992276739029773;0;1;;"test0";18699;41399144
434;-2143538734;true;0.003992276739029773;0;1;;"test0";11937;41399144
434;-1548714863;true;0.003992276739029773;0;1;;"test0";27759;41399144
434;1275716248;true;0.003997882765149081;0;1;;"test0";24050;41399144
434;292867228;true;0.004000149920955371;0;1;;"test0";28352;41399144
434;688574841;true;0.004001263105149405;0;1;;"test0";25388;41399144
434;-1543300516;true;0.004001263105149405;0;1;;"test0";24795;41399144
434;-1612543916;true;0.004004009881875311;0;1;;"test0";34948;41399144
434;-346327280;true;0.004004009881875311;0;1;;"test0";27772;41399144
434;1814717265;true;0.004004046605180653;0;1;;"test0";24733;41399144
434;454627727;true;0.004004046605180653;0;1;;"test0";1;41399144
434;-1760152928;true;0.004004046605180653;0;1;;"test0";32559;41399144
434;-761405723;true;0.004004046605180653;0;1;;"test0";33364;41399144
434;-1226255266;true;0.004004046605180653;0;1;;"test0";34562;41399144
434;847456362;true;0.004004046605180653;0;1;;"test0";23320;41399144
435;534316115;true;0.002002288329519451;0;1;;"test0";27906;41577901
435;-1068082317;true;0.00286427732079906;0;1;;"test0";25928;41577901
435;1110404019;true;0.002866698518872432;0;1;;"test0";29990;41577901
435;-387316832;true;0.002866698518872432;0;1;;"test0";26627;41577901
435;898262066;true;0.002866698518872432;0;1;;"test0";29481;41577901
435;-1562251530;true;0.002866698518872432;0;1;;"test0";27108;41577901
435;-2089606335;true;0.003003432494279176;0;1;;"test0";33425;41577901
435;597207542;true;0.003003432494279176;0;1;;"test0";32246;41577901
435;205812834;true;0.0035617287559843885;0;1;;"test0";32247;41577901
435;-623217873;true;0.0035617287559843885;0;1;;"test0";32157;41577901
435;-327754662;true;0.0035748401723240176;0;1;;"test0";33554;41577901
435;-789623849;true;0.0035985475139302292;0;1;;"test0";26871;41577901
435;4969946;true;0.0035994427202612617;0;1;;"test0";27816;41577901
435;-976117688;true;0.003796113882157877;0;1;;"test0";18945;41577901
435;-1364187140;true;0.003796113882157877;0;1;;"test0";24025;41577901
435;423615693;true;0.003796113882157877;0;1;;"test0";27911;41577901
435;-1251714904;true;0.003796113882157877;0;1;;"test0";29832;41577901
435;434437715;true;0.0038004342194965478;0;1;;"test0";27660;41577901
435;1057811561;true;0.0038004342194965478;0;1;;"test0";28529;41577901
435;1997720829;true;0.003804049210046014;0;1;;"test0";33596;41577901
435;1381342914;true;0.003804049210046014;0;1;;"test0";29933;41577901
435;1858448375;true;0.003804049210046014;0;1;;"test0";28156;41577901
435;-1066255765;true;0.003804049210046014;0;1;;"test0";23288;41577901
435;2044617473;true;0.0038092274555293227;0;1;;"test0";33008;41577901
435;-1792698572;true;0.0038095006537706834;0;1;;"test0";28708;41577901
435;670906101;true;0.0038236711570026278;0;1;;"test0";36246;41577901
435;-281297450;true;0.003824275018051929;0;1;;"test0";28159;41577901
435;456709015;true;0.0038772401216338277;0;1;;"test0";19401;41577901
435;-901579170;true;0.0038772401216338277;0;1;;"test0";18137;41577901
435;-1638918832;true;0.0038965125468261763;0;1;;"test0";32656;41577901
435;1131595450;true;0.0038965125468261763;0;1;;"test0";25813;41577901
435;2024790020;true;0.0038980521524831385;0;1;;"test0";37076;41577901
435;-66009779;true;0.003899730281359158;0;1;;"test0";15982;41577901
435;1638331218;true;0.003899730281359158;0;1;;"test0";21352;41577901
435;-1011007301;true;0.003977482233872973;0;1;;"test0";28346;41577901
435;380695351;true;0.003985312928837007;0;1;;"test0";36138;41577901
435;380695351;true;0.003985312928837007;0;1;;"test0";36565;41577901
435;-1189700853;true;0.003989383025835421;0;1;;"test0";25942;41577901
435;1536094344;true;0.003992276739029773;0;1;;"test0";27802;41577901
435;-2143538734;true;0.003992276739029773;0;1;;"test0";24963;41577901
435;-577524003;true;0.003994025606371592;0;1;;"test0";35609;41577901
435;1275716248;true;0.003997882765149081;0;1;;"test0";24727;41577901
435;1702423002;true;0.004000149920955371;0;1;;"test0";26821;41577901
435;-1612543916;true;0.004004009881875311;0;1;;"test0";27347;41577901
435;-1612543916;true;0.004004009881875311;0;1;;"test0";26360;41577901
435;-346327280;true;0.004004009881875311;0;1;;"test0";28156;41577901
435;-1226255266;true;0.004004046605180653;0;1;;"test0";1;41577901
435;847456362;true;0.004004046605180653;0;1;;"test0";1;41577901
435;351751406;true;0.004004046605180653;0;1;;"test0";26326;41577901
435;-1787668087;true;0.004004046605180653;0;1;;"test0";32302;41577901
436;-1052555532;true;0.00286427732079906;0;1;;"test0";34451;41761461
436;1500408664;true;0.00286427732079906;0;1;;"test0";32240;41761461
436;597207542;true;0.003003432494279176;0;1;;"test0";27640;41761461
436;207636446;true;0.003003432494279176;0;1;;"test0";27573;41761461
436;-278362202;true;0.003003432494279176;0;1;;"test0";33623;41761461
436;1689937755;true;0.003003432494279176;0;1;;"test0";25150;41761461
436;-899514263;true;0.003003432494279176;0;1;;"test0";19770;41761461
436;301460136;true;0.003003432494279176;0;1;;"test0";31884;41761461
436;-1652412848;true;0.0035742796969117415;0;1;;"test0";32195;41761461
436;-1263003632;true;0.0035748401723240176;0;1;;"test0";31572;41761461
436;1692510391;true;0.0035753294954836146;0;1;;"test0";31895;41761461
436;1483593222;true;0.0035766888016301062;0;1;;"test0";24579;41761461
436;-2134239324;true;0.0035994427202612617;0;1;;"test0";33210;41761461
436;1014111129;true;0.0035994427202612617;0;1;;"test0";33653;41761461
436;997162318;true;0.0038003487984556573;0;1;;"test0";25637;41761461
436;434437715;true;0.0038004342194965478;0;1;;"test0";25394;41761461
436;-1792698572;true;0.0038095006537706834;0;1;;"test0";20468;41761461
436;-63969869;true;0.0038095006537706834;0;1;;"test0";28657;41761461
436;1438586178;true;0.0038095006537706834;0;1;;"test0";23975;41761461
436;1447355802;true;0.0038236711570026278;0;1;;"test0";33097;41761461
436;442896666;true;0.0038236711570026278;0;1;;"test0";31128;41761461
436;670906101;true;0.0038236711570026278;0;1;;"test0";31584;41761461
436;-1389507982;true;0.003824275018051929;0;1;;"test0";33727;41761461
436;1357448384;true;0.003876096134523445;0;1;;"test0";27245;41761461
436;-1638918832;true;0.0038965125468261763;0;1;;"test0";18895;41761461
436;288177414;true;0.003971264222600891;0;1;;"test0";33043;41761461
436;546779195;true;0.003985312928837007;0;1;;"test0";31178;41761461
436;1069624678;true;0.003989383025835421;0;1;;"test0";27467;41761461
436;-193739201;true;0.003989383025835421;0;1;;"test0";28228;41761461
436;1536094344;true;0.003992276739029773;0;1;;"test0";26900;41761461
436;-1758091833;true;0.003992276739029773;0;1;;"test0";34433;41761461
436;-577524003;true;0.003994025606371592;0;1;;"test0";28552;41761461
436;-504884945;true;0.003994025606371592;0;1;;"test0";28531;41761461
436;-290747689;true;0.003994025606371592;0;1;;"test0";24404;41761461
436;-1554191717;true;0.003994025606371592;0;1;;"test0";19226;41761461
436;-577524003;true;0.003994025606371592;0;1;;"test0";24026;41761461
436;872737331;true;0.003994025606371592;0;1;;"test0";28814;41761461
436;-1354695572;true;0.003994025606371592;0;1;;"test0";32330;41761461
436;2015748039;true;0.003997882765149081;0;1;;"test0";25832;41761461
436;-265417889;true;0.003997882765149081;0;1;;"test0";28136;41761461
436;-2079247440;true;0.003997882765149081;0;1;;"test0";26401;41761461
436;1702423002;true;0.004000149920955371;0;1;;"test0";26257;41761461
436;-109076893;true;0.004000149920955371;0;1;;"test0";31127;41761461
436;-694719070;true;0.004000149920955371;0;1;;"test0";32029;41761461
436;-1612543916;true;0.004004009881875311;0;1;;"test0";32924;41761461
436;-1391993118;true;0.004004046605180653;0;1;;"test0";25303;41761461
436;-1787668087;true;0.004004046605180653;0;1;;"test0";2;41761461
436;1917641470;true;0.004004046605180653;0;1;;"test0";25933;41761461
436;351751406;true;0.004004046605180653;0;1;;"test0";32250;41761461
437;-1720235410;true;0.002942137953579601;0;1;;"test0";17146;41928804
437;-990840287;true;0.0034523666030999104;0;1;;"test0";34632;41928804
437;-588256431;true;0.0035142311623346523;0;1;;"test0";19341;41928804
437;1916306383;true;0.0035215107722845126;0;1;;"test0";17389;41928804
437;-839935358;true;0.0035742796969117415;0;1;;"test0";36386;41928804
437;-428219493;true;0.0035753294954836146;0;1;;"test0";28322;41928804
437;386746577;true;0.003575939452459612;0;1;;"test0";19386;41928804
437;-1137755923;true;0.003576189876471084;0;1;;"test0";30859;41928804
437;1244130709;true;0.003576497083696875;0;1;;"test0";22591;41928804
437;1483593222;true;0.0035766888016301062;0;1;;"test0";28287;41928804
437;-27582126;true;0.0035766888016301062;0;1;;"test0";22860;41928804
437;1483593222;true;0.0035766888016301062;0;1;;"test0";28346;41928804
437;1902237676;true;0.0035994427202612617;0;1;;"test0";18537;41928804
437;353963597;true;0.0035994427202612617;0;1;;"test0";26202;41928804
437;102328542;true;0.0035994427202612617;0;1;;"test0";25927;41928804
437;1487426786;true;0.0038004342194965478;0;1;;"test0";30328;41928804
437;2079657850;true;0.0038004342194965478;0;1;;"test0";30413;41928804
437;1150729233;true;0.0038093900197784434;0;1;;"test0";19638;41928804
437;-953011157;true;0.0038095006537706834;0;1;;"test0";17402;41928804
437;2010177785;true;0.0038236711570026278;0;1;;"test0";18057;41928804
437;-1389507982;true;0.003824275018051929;0;1;;"test0";31073;41928804
437;-1389507982;true;0.003824275018051929;0;1;;"test0";30889;41928804
437;1118474840;true;0.003824275018051929;0;1;;"test0";30832;41928804
437;-1389507982;true;0.003824275018051929;0;1;;"test0";33585;41928804
437;1331519038;true;0.0038243989800070227;0;1;;"test0";28934;41928804
437;1357448384;true;0.003876096134523445;0;1;;"test0";20693;41928804
437;1092534474;true;0.003876096134523445;0;1;;"test0";26876;41928804
437;1357448384;true;0.003876096134523445;0;1;;"test0";26622;41928804
437;870107176;true;0.0038780211351182588;0;1;;"test0";20021;41928804
437;764204029;true;0.003971264222600891;0;1;;"test0";31062;41928804
437;288177414;true;0.003971264222600891;0;1;;"test0";21434;41928804
437;288177414;true;0.003971264222600891;0;1;;"test0";30882;41928804
437;288177414;true;0.003971264222600891;0;1;;"test0";26868;41928804
437;-351496672;true;0.0039827491595335945;0;1;;"test0";23229;41928804
437;546779195;true;0.003985312928837007;0;1;;"test0";30585;41928804
437;546779195;true;0.003985312928837007;0;1;;"test0";36275;41928804
437;1514076555;true;0.003985312928837007;0;1;;"test0";32562;41928804
437;1754100852;true;0.003985312928837007;0;1;;"test0";28343;41928804
437;-1317418988;true;0.003989383025835421;0;1;;"test0";17633;41928804
437;1069624678;true;0.003989383025835421;0;1;;"test0";26755;41928804
437;423115561;true;0.00399589151652645;0;1;;"test0";30960;41928804
437;1403793724;true;0.003997882765149081;0;1;;"test0";19431;41928804
437;-694719070;true;0.004000149920955371;0;1;;"test0";28817;41928804
437;1009780739;true;0.004000149920955371;0;1;;"test0";29094;41928804
437;2069430667;true;0.004001622089358996;0;1;;"test0";36367;41928804
437;-888359411;true;0.004004009881875311;0;1;;"test0";30969;41928804
437;351751406;true;0.004004046605180653;0;1;;"test0";1;41928804
437;-897403416;true;0.004004046605180653;0;1;;"test0";26548;41928804
437;-127038707;true;0.004004046605180653;0;1;;"test0";21656;41928804
437;1917641470;true;0.004004046605180653;0;1;;"test0";1;41928804
438;-888359411;false;-1;0;0;;;33424;42119564
438;-767226971;true;0.00286412671996196;0;1;;"test0";26139;42119564
438;1522271349;true;0.003003432494279176;0;1;;"test0";26117;42119564
438;-993319320;true;0.003003432494279176;0;1;;"test0";23441;42119564
438;2041080835;true;0.003003432494279176;0;1;;"test0";33245;42119564
438;-1669585623;true;0.0035755480409207082;0;1;;"test0";22981;42119564
438;-1422236850;true;0.0035760681959571276;0;1;;"test0";28837;42119564
438;-929736502;true;0.003576497083696875;0;1;;"test0";33289;42119564
438;2079657850;true;0.0038004342194965478;0;1;;"test0";29243;42119564
438;2079657850;true;0.0038004342194965478;0;1;;"test0";30888;42119564
438;158201730;true;0.003800487146463087;0;1;;"test0";25846;42119564
438;-32681119;true;0.0038023308067724852;0;1;;"test0";21046;42119564
438;-328460119;true;0.0038093900197784434;0;1;;"test0";35663;42119564
438;-521467168;true;0.0038093900197784434;0;1;;"test0";36528;42119564
438;1294132810;true;0.0038236711570026278;0;1;;"test0";36180;42119564
438;2010177785;true;0.0038236711570026278;0;1;;"test0";35951;42119564
438;916847631;true;0.003860769039744377;0;1;;"test0";30550;42119564
438;1357448384;true;0.003876096134523445;0;1;;"test0";30477;42119564
438;1357448384;true;0.003876096134523445;0;1;;"test0";30797;42119564
438;-654295052;true;0.0039106686418316355;0;1;;"test0";26854;42119564
438;1908119765;true;0.003976494760669488;0;1;;"test0";23267;42119564
438;1768287372;true;0.003983688627780429;0;1;;"test0";30496;42119564
438;1394222188;true;0.003983688627780429;0;1;;"test0";30558;42119564
438;1134722676;true;0.003985312928837007;0;1;;"test0";30453;42119564
438;-474629868;true;0.003989383025835421;0;1;;"test0";32429;42119564
438;-167794137;true;0.003989938692892758;0;1;;"test0";26086;42119564
438;225167260;true;0.003992276739029773;0;1;;"test0";28677;42119564
438;1515873128;true;0.003994025606371592;0;1;;"test0";29079;42119564
438;423115561;true;0.00399589151652645;0;1;;"test0";28628;42119564
438;423115561;true;0.00399589151652645;0;1;;"test0";28664;42119564
438;423115561;true;0.00399589151652645;0;1;;"test0";26328;42119564
438;1062578556;true;0.0039976552685679085;0;1;;"test0";25923;42119564
438;1277462982;true;0.003997882765149081;0;1;;"test0";34636;42119564
438;1403793724;true;0.003997882765149081;0;1;;"test0";32827;42119564
438;2044842173;true;0.003999016376182121;0;1;;"test0";25951;42119564
438;1009780739;true;0.004000149920955371;0;1;;"test0";25798;42119564
438;-1322051630;true;0.004000149920955371;0;1;;"test0";30893;42119564
438;2069430667;true;0.004001622089358996;0;1;;"test0";25783;42119564
438;-952139561;true;0.004001622089358996;0;1;;"test0";32199;42119564
438;2069430667;true;0.004001622089358996;0;1;;"test0";26568;42119564
438;12507849;true;0.004004009881875311;0;1;;"test0";30732;42119564
438;1434954238;true;0.004004009881875311;0;1;;"test0";28024;42119564
438;-888359411;true;0.004004009881875311;0;1;;"test0";32242;42119564
438;351751406;true;0.004004046605180653;0;1;;"test0";34357;42119564
438;1917641470;true;0.004004046605180653;0;1;;"test0";34211;42119564
438;-1751491780;true;0.004004046605180653;0;1;;"test0";33316;42119564
438;-2123520641;true;0.004004046605180653;0;1;;"test0";28271;42119564
438;-127038707;true;0.004004046605180653;0;1;;"test0";1;42119564
438;2106506101;true;0.004004046605180653;0;1;;"test0";34900;42119564
439;-596871637;false;-1;0;1;;"test0";NaN;42299576
439;1666575949;true;0.003003432494279176;0;1;;"test0";26958;42299576
439;-1454952301;true;0.003003432494279176;0;1;;"test0";34224;42299576
439;-116655874;true;0.003003432494279176;0;1;;"test0";22690;42299576
439;1095682625;true;0.003003432494279176;0;1;;"test0";22081;42299576
439;523681409;true;0.0035753294954836146;0;1;;"test0";32958;42299576
439;1579675670;true;0.0035760681959571276;0;1;;"test0";29320;42299576
439;-1581718013;true;0.003576189876471084;0;1;;"test0";23134;42299576
439;-356328672;true;0.0035994427202612617;0;1;;"test0";24526;42299576
439;-1055987385;true;0.0035994427202612617;0;1;;"test0";26455;42299576
439;-469902705;true;0.0035994427202612617;0;1;;"test0";34958;42299576
439;591312276;true;0.003796113882157877;0;1;;"test0";21317;42299576
439;986504647;true;0.0038004342194965478;0;1;;"test0";27742;42299576
439;189750488;true;0.0038004342194965478;0;1;;"test0";21513;42299576
439;619002813;true;0.003805519643357486;0;1;;"test0";21270;42299576
439;2092960883;true;0.003876096134523445;0;1;;"test0";22086;42299576
439;1614642454;true;0.003876096134523445;0;1;;"test0";24117;42299576
439;-2134083412;true;0.0038780211351182588;0;1;;"test0";28150;42299576
439;-654295052;true;0.0039106686418316355;0;1;;"test0";21389;42299576
439;-2143808278;true;0.0039106686418316355;0;1;;"test0";20809;42299576
439;-578504794;true;0.003967775011484786;0;1;;"test0";28237;42299576
439;248319955;true;0.003984746109336189;0;1;;"test0";28579;42299576
439;400309085;true;0.0039859256410295744;0;1;;"test0";29316;42299576
439;-474629868;true;0.003989383025835421;0;1;;"test0";27393;42299576
439;1559650913;true;0.003989383025835421;0;1;;"test0";34178;42299576
439;-474629868;true;0.003989383025835421;0;1;;"test0";24830;42299576
439;-474629868;true;0.003989383025835421;0;1;;"test0";30909;42299576
439;1516346714;true;0.003992276739029773;0;1;;"test0";26937;42299576
439;2111676936;true;0.003992276739029773;0;1;;"test0";27615;42299576
439;225167260;true;0.003992276739029773;0;1;;"test0";26938;42299576
439;523898459;true;0.003992276739029773;0;1;;"test0";29273;42299576
439;-1754615767;true;0.003992276739029773;0;1;;"test0";28053;42299576
439;1506333190;true;0.003994025606371592;0;1;;"test0";32215;42299576
439;423115561;true;0.00399589151652645;0;1;;"test0";33185;42299576
439;1062578556;true;0.0039976552685679085;0;1;;"test0";22515;42299576
439;-1081864812;true;0.0039976552685679085;0;1;;"test0";32858;42299576
439;1277462982;true;0.003997882765149081;0;1;;"test0";21078;42299576
439;1277462982;true;0.003997882765149081;0;1;;"test0";20471;42299576
439;569124592;true;0.003999016376182121;0;1;;"test0";26303;42299576
439;-234520671;true;0.003999016376182121;0;1;;"test0";22491;42299576
439;2044842173;true;0.003999016376182121;0;1;;"test0";21359;42299576
439;2069430667;true;0.004001622089358996;0;1;;"test0";27651;42299576
439;2069430667;true;0.004001622089358996;0;1;;"test0";25142;42299576
439;-2089146034;true;0.004001622089358996;0;1;;"test0";24454;42299576
439;2007071370;true;0.0040036583369203954;0;1;;"test0";32722;42299576
439;-1020172085;true;0.004004009881875311;0;1;;"test0";29413;42299576
439;-127038707;true;0.004004046605180653;0;1;;"test0";1;42299576
439;1774567650;true;0.004004046605180653;0;1;;"test0";24287;42299576
439;1599582154;true;0.004004046605180653;0;1;;"test0";28891;42299576
439;2106506101;true;0.004004046605180653;0;1;;"test0";1;42299576
440;2066957507;false;-1;0;1;;"test0";NaN;42502654
440;-1692260697;true;0.001906941266209001;0;1;;"test0";31867;42502654
440;-717646889;true;0.002002288329519451;0;1;;"test0";31581;42502654
440;65533747;true;0.00286412671996196;0;1;;"test0";28511;42502654
440;-512102426;true;0.003003432494279176;0;1;;"test0";23931;42502654
440;-573775277;true;0.003513425450029829;0;1;;"test0";23864;42502654
440;121409281;true;0.0035755723846711057;0;1;;"test0";32054;42502654
440;1090571503;true;0.0035994427202612617;0;1;;"test0";22430;42502654
440;1503672037;true;0.003800487146463087;0;1;;"test0";33532;42502654
440;-1840957634;true;0.003802356426408999;0;1;;"test0";28717;42502654
440;682184297;true;0.003805404273161116;0;1;;"test0";31640;42502654
440;272819885;true;0.003805404273161116;0;1;;"test0";34778;42502654
440;382944637;true;0.003805404273161116;0;1;;"test0";28455;42502654
440;2090633597;true;0.0038106688984682726;0;1;;"test0";36326;42502654
440;-436622296;true;0.0038780211351182588;0;1;;"test0";32486;42502654
440;470471051;true;0.0038780211351182588;0;1;;"test0";32449;42502654
440;729173075;true;0.003977482233872973;0;1;;"test0";30608;42502654
440;-787903508;true;0.0039859256410295744;0;1;;"test0";32032;42502654
440;-284288012;true;0.0039859256410295744;0;1;;"test0";28558;42502654
440;577350121;true;0.0039865342872755834;0;1;;"test0";22346;42502654
440;-1925666799;true;0.0039865342872755834;0;1;;"test0";34144;42502654
440;1479693058;true;0.003989383025835421;0;1;;"test0";27636;42502654
440;1348059726;true;0.003989383025835421;0;1;;"test0";28986;42502654
440;-474629868;true;0.003989383025835421;0;1;;"test0";30579;42502654
440;-1058118852;true;0.003995074642049437;0;1;;"test0";36128;42502654
440;1373457452;true;0.003995074642049437;0;1;;"test0";34496;42502654
440;-1956399481;true;0.00399589151652645;0;1;;"test0";22423;42502654
440;1062578556;true;0.0039976552685679085;0;1;;"test0";25546;42502654
440;1962803694;true;0.0039976552685679085;0;1;;"test0";32710;42502654
440;-1292043873;true;0.0039976552685679085;0;1;;"test0";19450;42502654
440;-1081864812;true;0.0039976552685679085;0;1;;"test0";31516;42502654
440;1277462982;true;0.003997882765149081;0;1;;"test0";25456;42502654
440;1146029825;true;0.003997882765149081;0;1;;"test0";27852;42502654
440;-1411127089;true;0.003999016376182121;0;1;;"test0";33497;42502654
440;378202676;true;0.003999016376182121;0;1;;"test0";25620;42502654
440;-234520671;true;0.003999016376182121;0;1;;"test0";25284;42502654
440;-2107605519;true;0.004000149920955371;0;1;;"test0";36158;42502654
440;1864923424;true;0.004001622089358996;0;1;;"test0";24742;42502654
440;-1385081623;true;0.004001622089358996;0;1;;"test0";24989;42502654
440;2099295275;true;0.0040036583369203954;0;1;;"test0";32126;42502654
440;2007071370;true;0.0040036583369203954;0;1;;"test0";32404;42502654
440;2007071370;true;0.0040036583369203954;0;1;;"test0";27156;42502654
440;975749581;true;0.0040036583369203954;0;1;;"test0";26901;42502654
440;2007071370;true;0.0040036583369203954;0;1;;"test0";24457;42502654
440;909897832;true;0.0040036583369203954;0;1;;"test0";28569;42502654
440;-1020172085;true;0.004004009881875311;0;1;;"test0";33587;42502654
440;-1183317196;true;0.004004046605180653;0;1;;"test0";20125;42502654
440;2106506101;true;0.004004046605180653;0;1;;"test0";20264;42502654
440;1599582154;true;0.004004046605180653;0;1;;"test0";1;42502654
441;-1692260697;true;0.001906941266209001;0;1;;"test0";26788;42683817
441;-1692260697;true;0.001906941266209001;0;1;;"test0";31849;42683817
441;1308010622;true;0.003003432494279176;0;1;;"test0";32129;42683817
441;-606372970;true;0.003003432494279176;0;1;;"test0";17534;42683817
441;379602039;true;0.0034423281028644593;0;1;;"test0";22341;42683817
441;-1498162025;true;0.0035994427202612617;0;1;;"test0";30490;42683817
441;731022050;true;0.0035994427202612617;0;1;;"test0";32057;42683817
441;-1541957885;true;0.003796113882157877;0;1;;"test0";28990;42683817
441;522914746;true;0.0038003487984556573;0;1;;"test0";32601;42683817
441;1503672037;true;0.003800487146463087;0;1;;"test0";29329;42683817
441;-1174893943;true;0.003800487146463087;0;1;;"test0";31515;42683817
441;1503672037;true;0.003800487146463087;0;1;;"test0";27737;42683817
441;-1840957634;true;0.003802356426408999;0;1;;"test0";31889;42683817
441;-861886823;true;0.003802408304409781;0;1;;"test0";25673;42683817
441;46607926;true;0.003805404273161116;0;1;;"test0";26449;42683817
441;272819885;true;0.003805404273161116;0;1;;"test0";26880;42683817
441;-1221856589;true;0.003805404273161116;0;1;;"test0";31657;42683817
441;-1986276197;true;0.003805404273161116;0;1;;"test0";31406;42683817
441;1064356782;true;0.0038075221991196472;0;1;;"test0";27665;42683817
441;-1695702764;true;0.0038106688984682726;0;1;;"test0";26621;42683817
441;-706979968;true;0.0038106688984682726;0;1;;"test0";31596;42683817
441;713080392;true;0.0038236711570026278;0;1;;"test0";24278;42683817
441;-81197939;true;0.003983688627780429;0;1;;"test0";27739;42683817
441;1200255980;true;0.0039859256410295744;0;1;;"test0";19240;42683817
441;577350121;true;0.0039865342872755834;0;1;;"test0";31641;42683817
441;577350121;true;0.0039865342872755834;0;1;;"test0";30973;42683817
441;48318274;true;0.003987064276223162;0;1;;"test0";30242;42683817
441;-1019095041;true;0.003989383025835421;0;1;;"test0";30733;42683817
441;1205384744;true;0.003989383025835421;0;1;;"test0";32237;42683817
441;-985853671;true;0.003989383025835421;0;1;;"test0";32144;42683817
441;449027952;true;0.003989383025835421;0;1;;"test0";28001;42683817
441;-2003419636;true;0.003989938692892758;0;1;;"test0";24123;42683817
441;2009540461;true;0.003994025606371592;0;1;;"test0";27562;42683817
441;1373457452;true;0.003995074642049437;0;1;;"test0";24128;42683817
441;899422788;true;0.003995074642049437;0;1;;"test0";24698;42683817
441;1427502436;true;0.003995074642049437;0;1;;"test0";26969;42683817
441;-1058118852;true;0.003995074642049437;0;1;;"test0";32233;42683817
441;1373457452;true;0.003995074642049437;0;1;;"test0";19200;42683817
441;-1327532322;true;0.00399589151652645;0;1;;"test0";30810;42683817
441;-1188929279;true;0.00399589151652645;0;1;;"test0";35064;42683817
441;-1956399481;true;0.00399589151652645;0;1;;"test0";26435;42683817
441;1493551820;true;0.00399589151652645;0;1;;"test0";35087;42683817
441;1469586714;true;0.0039976552685679085;0;1;;"test0";27348;42683817
441;-2116954015;true;0.0039976552685679085;0;1;;"test0";30469;42683817
441;46672769;true;0.003999016376182121;0;1;;"test0";22869;42683817
441;-1802084192;true;0.004001263105149405;0;1;;"test0";27841;42683817
441;-532407503;true;0.0040036583369203954;0;1;;"test0";35197;42683817
441;1598915422;true;0.004004009881875311;0;1;;"test0";30732;42683817
441;2106506101;true;0.004004046605180653;0;1;;"test0";1;42683817
441;1599582154;true;0.004004046605180653;0;1;;"test0";1;42683817
442;-234314818;true;0.00286412671996196;0;1;;"test0";23735;42871492
442;780735782;true;0.0028642005243457043;0;1;;"test0";28467;42871492
442;2100344297;true;0.00286427732079906;0;1;;"test0";24040;42871492
442;734282304;true;0.003003432494279176;0;1;;"test0";27568;42871492
442;1622416325;true;0.003003432494279176;0;1;;"test0";31648;42871492
442;1382963724;true;0.003557586116000347;0;1;;"test0";25133;42871492
442;-1004864651;true;0.0035617287559843885;0;1;;"test0";32573;42871492
442;1137377598;true;0.003800487146463087;0;1;;"test0";33931;42871492
442;-50059905;true;0.003800487146463087;0;1;;"test0";34278;42871492
442;-1221856589;true;0.003805404273161116;0;1;;"test0";29139;42871492
442;-310199961;true;0.0038057184291177136;0;1;;"test0";22037;42871492
442;1678944153;true;0.0038075221991196472;0;1;;"test0";33124;42871492
442;-1390884837;true;0.0038075221991196472;0;1;;"test0";33179;42871492
442;-1695702764;true;0.0038106688984682726;0;1;;"test0";28755;42871492
442;975327491;true;0.0038106688984682726;0;1;;"test0";32191;42871492
442;-1858796371;true;0.0038106688984682726;0;1;;"test0";31071;42871492
442;1559832051;true;0.003941938523055678;0;1;;"test0";33257;42871492
442;1240069256;true;0.003941938523055678;0;1;;"test0";24934;42871492
442;725438686;true;0.0039859256410295744;0;1;;"test0";23690;42871492
442;2021123282;true;0.0039859256410295744;0;1;;"test0";32393;42871492
442;419763974;true;0.0039859256410295744;0;1;;"test0";32259;42871492
442;-77219440;true;0.0039859256410295744;0;1;;"test0";28774;42871492
442;1734565122;true;0.0039865342872755834;0;1;;"test0";21957;42871492
442;48318274;true;0.003987064276223162;0;1;;"test0";30516;42871492
442;-2003419636;true;0.003989938692892758;0;1;;"test0";35018;42871492
442;415851789;true;0.003989938692892758;0;1;;"test0";30892;42871492
442;-2003419636;true;0.003989938692892758;0;1;;"test0";27546;42871492
442;-222396903;true;0.003989938692892758;0;1;;"test0";30976;42871492
442;760138293;true;0.003989938692892758;0;1;;"test0";28154;42871492
442;2009540461;true;0.003994025606371592;0;1;;"test0";28357;42871492
442;-74483738;true;0.003994025606371592;0;1;;"test0";33213;42871492
442;1427502436;true;0.003995074642049437;0;1;;"test0";23587;42871492
442;-1058118852;true;0.003995074642049437;0;1;;"test0";30970;42871492
442;-1497111287;true;0.003995074642049437;0;1;;"test0";31281;42871492
442;1732609923;true;0.003995074642049437;0;1;;"test0";27817;42871492
442;-1956399481;true;0.00399589151652645;0;1;;"test0";25369;42871492
442;1390195453;true;0.00399589151652645;0;1;;"test0";21799;42871492
442;-1188929279;true;0.00399589151652645;0;1;;"test0";26333;42871492
442;1493551820;true;0.00399589151652645;0;1;;"test0";29712;42871492
442;-595158544;true;0.00399589151652645;0;1;;"test0";33184;42871492
442;-1188929279;true;0.00399589151652645;0;1;;"test0";23443;42871492
442;-2116954015;true;0.0039976552685679085;0;1;;"test0";28234;42871492
442;-60110026;true;0.0039976552685679085;0;1;;"test0";26476;42871492
442;-1802084192;true;0.004001263105149405;0;1;;"test0";27642;42871492
442;341741637;true;0.004001622089358996;0;1;;"test0";31376;42871492
442;-980467981;true;0.0040036583369203954;0;1;;"test0";32633;42871492
442;-532407503;true;0.0040036583369203954;0;1;;"test0";30634;42871492
442;-1117881099;true;0.004004009881875311;0;1;;"test0";30493;42871492
442;2106506101;true;0.004004046605180653;0;1;;"test0";1;42871492
442;1599582154;true;0.004004046605180653;0;1;;"test0";1;42871492
443;-1761666290;true;0.00286412671996196;0;1;;"test0";29240;43057957
443;843479421;true;0.0028642005243457043;0;1;;"test0";23250;43057957
443;-1576288541;true;0.003557586116000347;0;1;;"test0";32674;43057957
443;-1193837558;true;0.003557586116000347;0;1;;"test0";32685;43057957
443;-1711823094;true;0.003599118604235558;0;1;;"test0";33280;43057957
443;-2140461048;true;0.0035994427202612617;0;1;;"test0";25759;43057957
443;-50059905;true;0.003800487146463087;0;1;;"test0";27565;43057957
443;-50059905;true;0.003800487146463087;0;1;;"test0";32597;43057957
443;-310199961;true;0.0038057184291177136;0;1;;"test0";34871;43057957
443;-248089229;true;0.0038057184291177136;0;1;;"test0";30192;43057957
443;-310199961;true;0.0038057184291177136;0;1;;"test0";30106;43057957
443;-2145724174;true;0.0038106688984682726;0;1;;"test0";32153;43057957
443;-1149919267;true;0.0038106688984682726;0;1;;"test0";32222;43057957
443;580599677;true;0.003982510361550124;0;1;;"test0";26119;43057957
443;-1252007910;true;0.0039859256410295744;0;1;;"test0";26713;43057957
443;419763974;true;0.0039859256410295744;0;1;;"test0";32873;43057957
443;-418517925;true;0.0039859256410295744;0;1;;"test0";32235;43057957
443;48318274;true;0.003987064276223162;0;1;;"test0";30142;43057957
443;417794538;true;0.003987064276223162;0;1;;"test0";30045;43057957
443;-222396903;true;0.003989938692892758;0;1;;"test0";34412;43057957
443;1753405924;true;0.003992276739029773;0;1;;"test0";23600;43057957
443;-74483738;true;0.003994025606371592;0;1;;"test0";29423;43057957
443;1980768986;true;0.003994025606371592;0;1;;"test0";32586;43057957
443;1256913830;true;0.003994025606371592;0;1;;"test0";32625;43057957
443;-1267794754;true;0.003995074642049437;0;1;;"test0";29357;43057957
443;-1404484133;true;0.003995074642049437;0;1;;"test0";29395;43057957
443;-1842972663;true;0.00399589151652645;0;1;;"test0";35016;43057957
443;137236851;true;0.00399589151652645;0;1;;"test0";29931;43057957
443;1109901393;true;0.00399589151652645;0;1;;"test0";23436;43057957
443;2096470896;true;0.00399589151652645;0;1;;"test0";30783;43057957
443;-1188929279;true;0.00399589151652645;0;1;;"test0";34880;43057957
443;-1188929279;true;0.00399589151652645;0;1;;"test0";25939;43057957
443;818330997;true;0.00399589151652645;0;1;;"test0";23361;43057957
443;-546166832;true;0.0039976552685679085;0;1;;"test0";34707;43057957
443;2050884606;true;0.0039976552685679085;0;1;;"test0";22772;43057957
443;-307475399;true;0.003997882765149081;0;1;;"test0";30870;43057957
443;460434335;true;0.004001263105149405;0;1;;"test0";25511;43057957
443;-1802084192;true;0.004001263105149405;0;1;;"test0";25016;43057957
443;-980467981;true;0.0040036583369203954;0;1;;"test0";32605;43057957
443;617487846;true;0.0040036583369203954;0;1;;"test0";32537;43057957
443;-1117881099;true;0.004004009881875311;0;1;;"test0";28226;43057957
443;28002958;true;0.004004009881875311;0;1;;"test0";27589;43057957
443;-1117881099;true;0.004004009881875311;0;1;;"test0";30251;43057957
443;2106506101;true;0.004004046605180653;0;1;;"test0";25531;43057957
443;1599582154;true;0.004004046605180653;0;1;;"test0";25262;43057957
443;-112489346;true;0.004004046605180653;0;1;;"test0";25642;43057957
443;1702953321;true;0.004004046605180653;0;1;;"test0";25755;43057957
443;2106506101;true;0.004004046605180653;0;1;;"test0";28116;43057957
444;336949834;true;0.002002288329519451;0;1;;"test0";25042;43236518
444;-435632684;true;0.00286412671996196;0;1;;"test0";27413;43236518
444;1582346308;true;0.0028642005243457043;0;1;;"test0";32031;43236518
444;1853022581;true;0.0028642005243457043;0;1;;"test0";27991;43236518
444;843479421;true;0.0028642005243457043;0;1;;"test0";24093;43236518
444;-293977336;true;0.00286427732079906;0;1;;"test0";20747;43236518
444;-1705320701;true;0.003442488365561788;0;1;;"test0";26799;43236518
444;436798604;true;0.0035759541036183007;0;1;;"test0";29637;43236518
444;766155304;true;0.0035994427202612617;0;1;;"test0";29058;43236518
444;-1671613588;true;0.0035994427202612617;0;1;;"test0";21520;43236518
444;-1579832133;true;0.0035994427202612617;0;1;;"test0";32997;43236518
444;-1772463508;true;0.003796113882157877;0;1;;"test0";25238;43236518
444;-1248449606;true;0.0037976361070562134;0;1;;"test0";30073;43236518
444;-1926345481;true;0.0038057184291177136;0;1;;"test0";24070;43236518
444;-713079088;true;0.003980430254315684;0;1;;"test0";32716;43236518
444;636455963;true;0.0039859256410295744;0;1;;"test0";32422;43236518
444;-418517925;true;0.0039859256410295744;0;1;;"test0";24181;43236518
444;-418517925;true;0.0039859256410295744;0;1;;"test0";33262;43236518
444;1913250712;true;0.003987064276223162;0;1;;"test0";24689;43236518
444;417794538;true;0.003987064276223162;0;1;;"test0";30458;43236518
444;417794538;true;0.003987064276223162;0;1;;"test0";24441;43236518
444;-222396903;true;0.003989938692892758;0;1;;"test0";29697;43236518
444;-1251952447;true;0.003989938692892758;0;1;;"test0";29508;43236518
444;-1471820335;true;0.003992276739029773;0;1;;"test0";27612;43236518
444;1778901701;true;0.003992276739029773;0;1;;"test0";20856;43236518
444;1492026774;true;0.003994025606371592;0;1;;"test0";26760;43236518
444;1103736302;true;0.003994025606371592;0;1;;"test0";26283;43236518
444;165282183;true;0.003994025606371592;0;1;;"test0";26220;43236518
444;-1267794754;true;0.003995074642049437;0;1;;"test0";21458;43236518
444;724751057;true;0.003995074642049437;0;1;;"test0";22208;43236518
444;-922089125;true;0.00399589151652645;0;1;;"test0";24064;43236518
444;818330997;true;0.00399589151652645;0;1;;"test0";26899;43236518
444;27532754;true;0.00399589151652645;0;1;;"test0";29994;43236518
444;1109901393;true;0.00399589151652645;0;1;;"test0";32683;43236518
444;-1188929279;true;0.00399589151652645;0;1;;"test0";29027;43236518
444;-546166832;true;0.0039976552685679085;0;1;;"test0";34724;43236518
444;2050884606;true;0.0039976552685679085;0;1;;"test0";36008;43236518
444;-307475399;true;0.003997882765149081;0;1;;"test0";31349;43236518
444;-307475399;true;0.003997882765149081;0;1;;"test0";32579;43236518
444;-1802084192;true;0.004001263105149405;0;1;;"test0";33651;43236518
444;1964706594;true;0.004001263105149405;0;1;;"test0";20984;43236518
444;-1802084192;true;0.004001263105149405;0;1;;"test0";33351;43236518
444;-1802084192;true;0.004001263105149405;0;1;;"test0";22888;43236518
444;2056672862;true;0.004001263105149405;0;1;;"test0";32149;43236518
444;-439663095;true;0.004004009881875311;0;1;;"test0";28349;43236518
444;-1117881099;true;0.004004009881875311;0;1;;"test0";26324;43236518
444;-1117881099;true;0.004004009881875311;0;1;;"test0";29936;43236518
444;1599582154;true;0.004004046605180653;0;1;;"test0";21395;43236518
444;1702953321;true;0.004004046605180653;0;1;;"test0";1;43236518
444;2106506101;true;0.004004046605180653;0;1;;"test0";1;43236518
445;511180911;true;0.0028642005243457043;0;1;;"test0";20527;43424715
445;631276746;true;0.00286427732079906;0;1;;"test0";26548;43424715
445;-776278563;true;0.002866698518872432;0;1;;"test0";27451;43424715
445;-1901053197;true;0.003003432494279176;0;1;;"test0";32449;43424715
445;-1782364450;true;0.003442064824368654;0;1;;"test0";21698;43424715
445;90585807;true;0.0035755480409207082;0;1;;"test0";30738;43424715
445;-431363479;true;0.0035994427202612617;0;1;;"test0";26917;43424715
445;74846891;true;0.003796113882157877;0;1;;"test0";31986;43424715
445;-1409415495;true;0.003800487146463087;0;1;;"test0";31258;43424715
445;-385614755;true;0.003805598161991991;0;1;;"test0";30753;43424715
445;1644486462;true;0.0038772401216338277;0;1;;"test0";28149;43424715
445;1828692831;true;0.003980430254315684;0;1;;"test0";28425;43424715
445;-1111006306;true;0.003980430254315684;0;1;;"test0";28333;43424715
445;-1241039194;true;0.003984746109336189;0;1;;"test0";26396;43424715
445;-190623558;true;0.0039865342872755834;0;1;;"test0";36136;43424715
445;968101453;true;0.003992276739029773;0;1;;"test0";27702;43424715
445;-1661890298;true;0.003992276739029773;0;1;;"test0";35905;43424715
445;-1213578684;true;0.003992276739029773;0;1;;"test0";33829;43424715
445;-892349946;true;0.003992276739029773;0;1;;"test0";34278;43424715
445;1376994068;true;0.003992276739029773;0;1;;"test0";21429;43424715
445;-2008522209;true;0.003992276739029773;0;1;;"test0";34158;43424715
445;-2107499724;true;0.003994025606371592;0;1;;"test0";26739;43424715
445;-1240745935;true;0.003994025606371592;0;1;;"test0";37128;43424715
445;17392053;true;0.003994025606371592;0;1;;"test0";29199;43424715
445;921030288;true;0.003995074642049437;0;1;;"test0";20023;43424715
445;-1081680754;true;0.003995074642049437;0;1;;"test0";25673;43424715
445;1625574049;true;0.003995074642049437;0;1;;"test0";26157;43424715
445;78894015;true;0.003995074642049437;0;1;;"test0";21746;43424715
445;-1267794754;true;0.003995074642049437;0;1;;"test0";32527;43424715
445;818330997;true;0.00399589151652645;0;1;;"test0";31418;43424715
445;-134670439;true;0.00399589151652645;0;1;;"test0";33522;43424715
445;1109901393;true;0.00399589151652645;0;1;;"test0";33204;43424715
445;-881929541;true;0.00399589151652645;0;1;;"test0";26988;43424715
445;-208319342;true;0.0039976552685679085;0;1;;"test0";28464;43424715
445;-1175408653;true;0.0039976552685679085;0;1;;"test0";34483;43424715
445;-1499687564;true;0.003997882765149081;0;1;;"test0";32056;43424715
445;-307475399;true;0.003997882765149081;0;1;;"test0";28656;43424715
445;-307475399;true;0.003997882765149081;0;1;;"test0";31337;43424715
445;-1312955021;true;0.004000149920955371;0;1;;"test0";32355;43424715
445;1625444583;true;0.004001263105149405;0;1;;"test0";29145;43424715
445;50742429;true;0.004001263105149405;0;1;;"test0";28523;43424715
445;684179230;true;0.004004009881875311;0;1;;"test0";28979;43424715
445;267920781;true;0.004004009881875311;0;1;;"test0";26199;43424715
445;-1117881099;true;0.004004009881875311;0;1;;"test0";25916;43424715
445;-1117881099;true;0.004004009881875311;0;1;;"test0";26945;43424715
445;1702953321;true;0.004004046605180653;0;1;;"test0";29442;43424715
445;2106506101;true;0.004004046605180653;0;1;;"test0";31322;43424715
445;1717121484;true;0.004004046605180653;0;1;;"test0";33172;43424715
446;643366013;true;0.00286427732079906;0;1;;"test0";26524;43613000
446;373322151;true;0.00286427732079906;0;1;;"test0";33501;43613000
446;-1089516535;true;0.00286427732079906;0;1;;"test0";27275;43613000
446;1151554244;true;0.00286427732079906;0;1;;"test0";26986;43613000
446;-776278563;true;0.002866698518872432;0;1;;"test0";26761;43613000
446;2069064524;true;0.003003432494279176;0;1;;"test0";32566;43613000
446;-1901053197;true;0.003003432494279176;0;1;;"test0";27961;43613000
446;-1782364450;true;0.003442064824368654;0;1;;"test0";37413;43613000
446;229260445;true;0.003442488365561788;0;1;;"test0";34089;43613000
446;-1881213185;true;0.003575706159533543;0;1;;"test0";31410;43613000
446;971467472;true;0.0035994427202612617;0;1;;"test0";32441;43613000
446;-447993858;true;0.003796113882157877;0;1;;"test0";31369;43613000
446;-1980329630;true;0.003796113882157877;0;1;;"test0";34583;43613000
446;1260895373;true;0.003800487146463087;0;1;;"test0";32286;43613000
446;209157852;true;0.003800700507647299;0;1;;"test0";28863;43613000
446;-107465290;true;0.003805598161991991;0;1;;"test0";20756;43613000
446;-385614755;true;0.003805598161991991;0;1;;"test0";21534;43613000
446;1828692831;true;0.003980430254315684;0;1;;"test0";30503;43613000
446;1828692831;true;0.003980430254315684;0;1;;"test0";30342;43613000
446;-1241039194;true;0.003984746109336189;0;1;;"test0";27075;43613000
446;1323826831;true;0.003984746109336189;0;1;;"test0";28318;43613000
446;1303564411;true;0.003984746109336189;0;1;;"test0";31774;43613000
446;693942099;true;0.003984746109336189;0;1;;"test0";30749;43613000
446;-60249005;true;0.0039865342872755834;0;1;;"test0";25639;43613000
446;-1310962270;true;0.0039865342872755834;0;1;;"test0";28750;43613000
446;227284650;true;0.003990577375150086;0;1;;"test0";32177;43613000
446;-1213578684;true;0.003992276739029773;0;1;;"test0";32702;43613000
446;-556454186;true;0.003992276739029773;0;1;;"test0";31941;43613000
446;-2075012150;true;0.003994025606371592;0;1;;"test0";27306;43613000
446;125353012;true;0.003994025606371592;0;1;;"test0";27466;43613000
446;1542257093;true;0.003995074642049437;0;1;;"test0";27034;43613000
446;-1737110632;true;0.00399589151652645;0;1;;"test0";34803;43613000
446;-291192194;true;0.00399589151652645;0;1;;"test0";29288;43613000
446;-208319342;true;0.0039976552685679085;0;1;;"test0";29994;43613000
446;-723762608;true;0.0039976552685679085;0;1;;"test0";31648;43613000
446;902875047;true;0.0039976552685679085;0;1;;"test0";26285;43613000
446;-307475399;true;0.003997882765149081;0;1;;"test0";27207;43613000
446;184781294;true;0.003997882765149081;0;1;;"test0";20599;43613000
446;-1312955021;true;0.004000149920955371;0;1;;"test0";30478;43613000
446;1159221889;true;0.004000149920955371;0;1;;"test0";27557;43613000
446;-878097510;true;0.004001263105149405;0;1;;"test0";36026;43613000
446;-177760485;true;0.004001263105149405;0;1;;"test0";32875;43613000
446;-1015807837;true;0.004004009881875311;0;1;;"test0";31501;43613000
446;992285510;true;0.004004009881875311;0;1;;"test0";26980;43613000
446;267920781;true;0.004004009881875311;0;1;;"test0";30999;43613000
446;2106506101;true;0.004004046605180653;0;1;;"test0";1;43613000
446;1717121484;true;0.004004046605180653;0;1;;"test0";27380;43613000
446;1712534082;true;0.004004046605180653;0;1;;"test0";27539;43613000
446;1702953321;true;0.004004046605180653;0;1;;"test0";33151;43613000
447;-1317186058;false;-1;0;0;;;28292;43791799
447;135362931;true;0.00286412671996196;0;1;;"test0";27346;43791799
447;-2067544220;true;0.00286427732079906;0;1;;"test0";30712;43791799
447;197536391;true;0.00286427732079906;0;1;;"test0";30018;43791799
447;-83752047;true;0.002866698518872432;0;1;;"test0";36157;43791799
447;-1461330390;true;0.002866698518872432;0;1;;"test0";31246;43791799
447;1204728437;true;0.0034351283554646026;0;1;;"test0";23462;43791799
447;-1018649206;true;0.003442222206620492;0;1;;"test0";28692;43791799
447;1571560978;true;0.003442488365561788;0;1;;"test0";29398;43791799
447;-1610801260;true;0.003442488365561788;0;1;;"test0";31645;43791799
447;765766957;true;0.0034546784230894746;0;1;;"test0";28193;43791799
447;2048903034;true;0.0035215107722845126;0;1;;"test0";26643;43791799
447;-608289489;true;0.0035994427202612617;0;1;;"test0";22958;43791799
447;-308818397;true;0.0035994427202612617;0;1;;"test0";36113;43791799
447;1814256351;true;0.003889494001552823;0;1;;"test0";31269;43791799
447;-1073511985;true;0.003967613791140132;0;1;;"test0";33141;43791799
447;1828692831;true;0.003980430254315684;0;1;;"test0";28322;43791799
447;-5917734;true;0.003980430254315684;0;1;;"test0";38265;43791799
447;1828692831;true;0.003980430254315684;0;1;;"test0";30947;43791799
447;568254583;true;0.003984746109336189;0;1;;"test0";21110;43791799
447;-1241039194;true;0.003984746109336189;0;1;;"test0";21947;43791799
447;-336753643;true;0.003984746109336189;0;1;;"test0";20977;43791799
447;1303564411;true;0.003984746109336189;0;1;;"test0";19232;43791799
447;819230119;true;0.0039865342872755834;0;1;;"test0";32981;43791799
447;-1310962270;true;0.0039865342872755834;0;1;;"test0";21083;43791799
447;-1310962270;true;0.0039865342872755834;0;1;;"test0";32972;43791799
447;-354732923;true;0.0039865342872755834;0;1;;"test0";23209;43791799
447;-803470550;true;0.003989383025835421;0;1;;"test0";25222;43791799
447;227284650;true;0.003990577375150086;0;1;;"test0";21474;43791799
447;592233436;true;0.003992276739029773;0;1;;"test0";27892;43791799
447;-556454186;true;0.003992276739029773;0;1;;"test0";27373;43791799
447;-1291874613;true;0.003992276739029773;0;1;;"test0";27220;43791799
447;1790469229;true;0.003992276739029773;0;1;;"test0";25864;43791799
447;-1737110632;true;0.00399589151652645;0;1;;"test0";28289;43791799
447;-291192194;true;0.00399589151652645;0;1;;"test0";24217;43791799
447;1999106220;true;0.00399589151652645;0;1;;"test0";28314;43791799
447;559481177;true;0.00399589151652645;0;1;;"test0";21576;43791799
447;-1552705406;true;0.0039976552685679085;0;1;;"test0";28926;43791799
447;-1339146531;true;0.0039976552685679085;0;1;;"test0";33049;43791799
447;-307475399;true;0.003997882765149081;0;1;;"test0";30610;43791799
447;184781294;true;0.003997882765149081;0;1;;"test0";29242;43791799
447;831065718;true;0.004000149920955371;0;1;;"test0";28385;43791799
447;-751627551;true;0.004000149920955371;0;1;;"test0";36393;43791799
447;-643174172;true;0.004001263105149405;0;1;;"test0";32684;43791799
447;-177760485;true;0.004001263105149405;0;1;;"test0";27948;43791799
447;352955018;true;0.004002221568728205;0;1;;"test0";25125;43791799
447;992285510;true;0.004004009881875311;0;1;;"test0";25925;43791799
447;992285510;true;0.004004009881875311;0;1;;"test0";20413;43791799
447;1712534082;true;0.004004046605180653;0;1;;"test0";2;43791799
447;1702953321;true;0.004004046605180653;0;1;;"test0";2;43791799
448;-60181611;true;0.00286412671996196;0;1;;"test0";33491;43978438
448;-2067544220;true;0.00286427732079906;0;1;;"test0";30729;43978438
448;-929015660;true;0.00286427732079906;0;1;;"test0";30738;43978438
448;-1355322718;true;0.002866698518872432;0;1;;"test0";19996;43978438
448;2135122231;true;0.002866698518872432;0;1;;"test0";24890;43978438
448;1628412012;true;0.003575662828641259;0;1;;"test0";34046;43978438
448;-1052363994;true;0.003575662828641259;0;1;;"test0";27942;43978438
448;884061151;true;0.0035760681959571276;0;1;;"test0";26304;43978438
448;-1258126523;true;0.0035994427202612617;0;1;;"test0";26790;43978438
448;833361212;true;0.003830177706362501;0;1;;"test0";32660;43978438
448;2071672942;true;0.003883749796821244;0;1;;"test0";33611;43978438
448;1814256351;true;0.003889494001552823;0;1;;"test0";30717;43978438
448;-483434752;true;0.003889494001552823;0;1;;"test0";30693;43978438
448;210161905;true;0.003980620845446413;0;1;;"test0";30907;43978438
448;-354732923;true;0.0039865342872755834;0;1;;"test0";21303;43978438
448;-1310962270;true;0.0039865342872755834;0;1;;"test0";33358;43978438
448;550259186;true;0.0039865342872755834;0;1;;"test0";24974;43978438
448;703379666;true;0.003989383025835421;0;1;;"test0";21374;43978438
448;444450523;true;0.003989383025835421;0;1;;"test0";35134;43978438
448;-901144602;true;0.003989938692892758;0;1;;"test0";32957;43978438
448;-1285029954;true;0.003989938692892758;0;1;;"test0";27629;43978438
448;227284650;true;0.003990577375150086;0;1;;"test0";35078;43978438
448;227284650;true;0.003990577375150086;0;1;;"test0";31072;43978438
448;1182341383;true;0.003992276739029773;0;1;;"test0";26767;43978438
448;1152572743;true;0.003994025606371592;0;1;;"test0";22332;43978438
448;767002374;true;0.003994025606371592;0;1;;"test0";30935;43978438
448;1681284173;true;0.003994769213003892;0;1;;"test0";33832;43978438
448;-326379499;true;0.003994769213003892;0;1;;"test0";26389;43978438
448;-1592155675;true;0.00399589151652645;0;1;;"test0";30967;43978438
448;-139251492;true;0.00399589151652645;0;1;;"test0";33523;43978438
448;-293745601;true;0.00399589151652645;0;1;;"test0";35083;43978438
448;-1552705406;true;0.0039976552685679085;0;1;;"test0";29855;43978438
448;151667120;true;0.0039976552685679085;0;1;;"test0";30307;43978438
448;184781294;true;0.003997882765149081;0;1;;"test0";33610;43978438
448;-824998467;true;0.003997882765149081;0;1;;"test0";20097;43978438
448;184781294;true;0.003997882765149081;0;1;;"test0";25639;43978438
448;-307475399;true;0.003997882765149081;0;1;;"test0";20193;43978438
448;903558182;true;0.00399850666548967;0;1;;"test0";32911;43978438
448;797686574;true;0.003999642014304875;0;1;;"test0";30815;43978438
448;-177760485;true;0.004001263105149405;0;1;;"test0";32645;43978438
448;-813158041;true;0.004002221568728205;0;1;;"test0";34884;43978438
448;352955018;true;0.004002221568728205;0;1;;"test0";32977;43978438
448;352955018;true;0.004002221568728205;0;1;;"test0";34625;43978438
448;1144245931;true;0.004004009881875311;0;1;;"test0";33504;43978438
448;992285510;true;0.004004009881875311;0;1;;"test0";30174;43978438
448;1702953321;true;0.004004046605180653;0;1;;"test0";34956;43978438
448;1712534082;true;0.004004046605180653;0;1;;"test0";2;43978438
448;732253659;true;0.004004046605180653;0;1;;"test0";27990;43978438
448;1702953321;true;0.004004046605180653;0;1;;"test0";34328;43978438
449;-929015660;true;0.00286427732079906;0;1;;"test0";28813;44162938
449;-970019848;true;0.00286427732079906;0;1;;"test0";27448;44162938
449;-377617821;true;0.00286427732079906;0;1;;"test0";32655;44162938
449;-1438977584;true;0.00286427732079906;0;1;;"test0";28122;44162938
449;896264499;true;0.003003432494279176;0;1;;"test0";27596;44162938
449;1076938830;true;0.003575662828641259;0;1;;"test0";27096;44162938
449;1628412012;true;0.003575662828641259;0;1;;"test0";36065;44162938
449;-720452745;true;0.0035994427202612617;0;1;;"test0";33101;44162938
449;-1966306558;true;0.0035994427202612617;0;1;;"test0";28430;44162938
449;-787612662;true;0.0035994427202612617;0;1;;"test0";32458;44162938
449;-661477031;true;0.0035994427202612617;0;1;;"test0";32286;44162938
449;-1353735928;true;0.003883749796821244;0;1;;"test0";23117;44162938
449;-1922391289;true;0.003883749796821244;0;1;;"test0";27134;44162938
449;572100215;true;0.0039009572955101147;0;1;;"test0";23927;44162938
449;-453245736;true;0.0039859256410295744;0;1;;"test0";30439;44162938
449;-940711597;true;0.0039865342872755834;0;1;;"test0";32149;44162938
449;-1310962270;true;0.0039865342872755834;0;1;;"test0";24659;44162938
449;1235213578;true;0.0039865342872755834;0;1;;"test0";32719;44162938
449;-2024445952;true;0.0039865342872755834;0;1;;"test0";23127;44162938
449;1656079994;true;0.003989127553999796;0;1;;"test0";32545;44162938
449;783688524;true;0.003989383025835421;0;1;;"test0";36403;44162938
449;444450523;true;0.003989383025835421;0;1;;"test0";35666;44162938
449;1182341383;true;0.003992276739029773;0;1;;"test0";27143;44162938
449;1182341383;true;0.003992276739029773;0;1;;"test0";28975;44162938
449;603641317;true;0.003992276739029773;0;1;;"test0";25359;44162938
449;479165030;true;0.003992276739029773;0;1;;"test0";27288;44162938
449;1681284173;true;0.003994769213003892;0;1;;"test0";27855;44162938
449;-477417480;true;0.00399589151652645;0;1;;"test0";25997;44162938
449;1332246535;true;0.00399589151652645;0;1;;"test0";25737;44162938
449;-1552705406;true;0.0039976552685679085;0;1;;"test0";33213;44162938
449;-1552705406;true;0.0039976552685679085;0;1;;"test0";35357;44162938
449;391872946;true;0.003997882765149081;0;1;;"test0";20368;44162938
449;-824998467;true;0.003997882765149081;0;1;;"test0";31874;44162938
449;420691540;true;0.00399850666548967;0;1;;"test0";27587;44162938
449;767365632;true;0.00399850666548967;0;1;;"test0";28954;44162938
449;-1208505344;true;0.003999642014304875;0;1;;"test0";27640;44162938
449;797686574;true;0.003999642014304875;0;1;;"test0";33199;44162938
449;-324392531;true;0.004000149920955371;0;1;;"test0";31095;44162938
449;-1714154261;true;0.004001263105149405;0;1;;"test0";31159;44162938
449;-177760485;true;0.004001263105149405;0;1;;"test0";27715;44162938
449;1665728623;true;0.004001263105149405;0;1;;"test0";31802;44162938
449;895239574;true;0.004002221568728205;0;1;;"test0";35983;44162938
449;-477772839;true;0.00400250309915532;0;1;;"test0";27794;44162938
449;992285510;true;0.004004009881875311;0;1;;"test0";28587;44162938
449;1144245931;true;0.004004009881875311;0;1;;"test0";25472;44162938
449;-1990589698;true;0.004004009881875311;0;1;;"test0";26251;44162938
449;1702953321;true;0.004004046605180653;0;1;;"test0";28461;44162938
449;1702953321;true;0.004004046605180653;0;1;;"test0";32035;44162938
449;732253659;true;0.004004046605180653;0;1;;"test0";1;44162938
450;-907476377;true;0.00286412671996196;0;1;;"test0";23393;44344912
450;260020446;true;0.003003432494279176;0;1;;"test0";29862;44344912
450;-121324157;true;0.003003432494279176;0;1;;"test0";31880;44344912
450;896264499;true;0.003003432494279176;0;1;;"test0";32516;44344912
450;-594743257;true;0.003003432494279176;0;1;;"test0";33223;44344912
450;766493413;true;0.003558876240773306;0;1;;"test0";32941;44344912
450;-85563603;true;0.0035766888016301062;0;1;;"test0";23545;44344912
450;-1610319424;true;0.0035994427202612617;0;1;;"test0";20007;44344912
450;-1179533585;true;0.0035994427202612617;0;1;;"test0";20085;44344912
450;-193949314;true;0.0035994427202612617;0;1;;"test0";36163;44344912
450;-634862245;true;0.0038004342194965478;0;1;;"test0";32446;44344912
450;-557854555;true;0.003802408304409781;0;1;;"test0";32347;44344912
450;-95002961;true;0.003802541851806623;0;1;;"test0";29780;44344912
450;-1769410493;true;0.0039026198417446783;0;1;;"test0";23442;44344912
450;1980838365;true;0.003906049653667902;0;1;;"test0";24854;44344912
450;-923678576;true;0.0039859256410295744;0;1;;"test0";33299;44344912
450;1315718758;true;0.0039865342872755834;0;1;;"test0";29784;44344912
450;-1642673088;true;0.003989938692892758;0;1;;"test0";24943;44344912
450;1535373468;true;0.003992276739029773;0;1;;"test0";22785;44344912
450;479165030;true;0.003992276739029773;0;1;;"test0";28400;44344912
450;1804372148;true;0.003992276739029773;0;1;;"test0";29586;44344912
450;-1919351661;true;0.003994025606371592;0;1;;"test0";20209;44344912
450;-1322916449;true;0.0039976552685679085;0;1;;"test0";36521;44344912
450;391872946;true;0.003997882765149081;0;1;;"test0";21840;44344912
450;-1550616571;true;0.003997882765149081;0;1;;"test0";37254;44344912
450;-252261185;true;0.003997882765149081;0;1;;"test0";28324;44344912
450;-515951215;true;0.003997882765149081;0;1;;"test0";19532;44344912
450;391872946;true;0.003997882765149081;0;1;;"test0";31500;44344912
450;-206033198;true;0.00399850666548967;0;1;;"test0";29588;44344912
450;-679795185;true;0.003999642014304875;0;1;;"test0";21627;44344912
450;-1714154261;true;0.004001263105149405;0;1;;"test0";24740;44344912
450;58538977;true;0.004001263105149405;0;1;;"test0";31119;44344912
450;2071580161;true;0.004001263105149405;0;1;;"test0";27054;44344912
450;508752;true;0.004001263105149405;0;1;;"test0";25662;44344912
450;-636523600;true;0.004001263105149405;0;1;;"test0";24688;44344912
450;731819839;true;0.004002221568728205;0;1;;"test0";32115;44344912
450;895239574;true;0.004002221568728205;0;1;;"test0";32413;44344912
450;-680576940;true;0.004002221568728205;0;1;;"test0";33351;44344912
450;-477772839;true;0.00400250309915532;0;1;;"test0";19908;44344912
450;-52815568;true;0.004004009881875311;0;1;;"test0";20985;44344912
450;1354654603;true;0.004004009881875311;0;1;;"test0";23183;44344912
450;-1653638971;true;0.004004009881875311;0;1;;"test0";33223;44344912
450;1702953321;true;0.004004046605180653;0;1;;"test0";32300;44344912
450;1099483037;true;0.004004046605180653;0;1;;"test0";26443;44344912
450;732253659;true;0.004004046605180653;0;1;;"test0";35805;44344912
450;44667474;true;0.004004046605180653;0;1;;"test0";36896;44344912
450;1702953321;true;0.004004046605180653;0;1;;"test0";33700;44344912
450;-58267906;true;0.004004046605180653;0;1;;"test0";32224;44344912
451;1946880892;true;0.003558906806945936;0;1;;"test0";26082;44530204
451;526848454;true;0.0035759541036183007;0;1;;"test0";26701;44530204
451;2070017293;true;0.0035759541036183007;0;1;;"test0";36774;44530204
451;-85563603;true;0.0035766888016301062;0;1;;"test0";34339;44530204
451;1246385992;true;0.0035994427202612617;0;1;;"test0";36007;44530204
451;743899609;true;0.0035994427202612617;0;1;;"test0";36638;44530204
451;531075191;true;0.0035994427202612617;0;1;;"test0";31937;44530204
451;1662358560;true;0.0035994427202612617;0;1;;"test0";32252;44530204
451;229732867;true;0.0035994427202612617;0;1;;"test0";29352;44530204
451;1586406991;true;0.0035994427202612617;0;1;;"test0";32570;44530204
451;-95002961;true;0.003802541851806623;0;1;;"test0";30806;44530204
451;2060936834;true;0.003802541851806623;0;1;;"test0";31510;44530204
451;-1085465624;true;0.003876096134523445;0;1;;"test0";26968;44530204
451;1980838365;true;0.003906049653667902;0;1;;"test0";19036;44530204
451;-1226963949;true;0.003908983965014133;0;1;;"test0";17465;44530204
451;15010866;true;0.003938234600825831;0;1;;"test0";18746;44530204
451;-1256562198;true;0.003977482233872973;0;1;;"test0";34427;44530204
451;-1450749637;true;0.0039859256410295744;0;1;;"test0";33840;44530204
451;-923678576;true;0.0039859256410295744;0;1;;"test0";27401;44530204
451;-923678576;true;0.0039859256410295744;0;1;;"test0";28614;44530204
451;1315718758;true;0.0039865342872755834;0;1;;"test0";29111;44530204
451;-1642673088;true;0.003989938692892758;0;1;;"test0";25635;44530204
451;-780727327;true;0.003989938692892758;0;1;;"test0";31519;44530204
451;-1642673088;true;0.003989938692892758;0;1;;"test0";27491;44530204
451;-2016156544;true;0.003989938692892758;0;1;;"test0";26408;44530204
451;-1642673088;true;0.003989938692892758;0;1;;"test0";27406;44530204
451;-1919351661;true;0.003994025606371592;0;1;;"test0";31475;44530204
451;-1919351661;true;0.003994025606371592;0;1;;"test0";30849;44530204
451;97582964;true;0.00399589151652645;0;1;;"test0";27860;44530204
451;950602779;true;0.0039976552685679085;0;1;;"test0";37372;44530204
451;391872946;true;0.003997882765149081;0;1;;"test0";30516;44530204
451;-626195300;true;0.003997882765149081;0;1;;"test0";29678;44530204
451;1458328561;true;0.0039983762994593944;0;1;;"test0";25958;44530204
451;-206033198;true;0.00399850666548967;0;1;;"test0";29040;44530204
451;525935448;true;0.00399850666548967;0;1;;"test0";29589;44530204
451;-2082009546;true;0.003998678592409576;0;1;;"test0";32162;44530204
451;556625119;true;0.003998678592409576;0;1;;"test0";25880;44530204
451;-910947949;true;0.004000149920955371;0;1;;"test0";28762;44530204
451;1933832781;true;0.004001263105149405;0;1;;"test0";28410;44530204
451;2071580161;true;0.004001263105149405;0;1;;"test0";21829;44530204
451;-1714154261;true;0.004001263105149405;0;1;;"test0";34403;44530204
451;2107346471;true;0.004001263105149405;0;1;;"test0";33242;44530204
451;-1746730280;true;0.0040015364238503845;0;1;;"test0";16942;44530204
451;-680576940;true;0.004002221568728205;0;1;;"test0";37761;44530204
451;-1344757710;true;0.004002221568728205;0;1;;"test0";37785;44530204
451;-477772839;true;0.00400250309915532;0;1;;"test0";30402;44530204
451;-477772839;true;0.00400250309915532;0;1;;"test0";24446;44530204
451;-850781764;true;0.00400250309915532;0;1;;"test0";21038;44530204
451;1702953321;true;0.004004046605180653;0;1;;"test0";1;44530204
451;-58267906;true;0.004004046605180653;0;1;;"test0";3;44530204
452;1646068965;true;0.00286427732079906;0;1;;"test0";31080;44716712
452;-1206818421;true;0.003003432494279176;0;1;;"test0";30704;44716712
452;1564865678;true;0.003003432494279176;0;1;;"test0";33530;44716712
452;1392703883;true;0.003442222206620492;0;1;;"test0";32158;44716712
452;-1716779789;true;0.00345049114166193;0;1;;"test0";29322;44716712
452;964873137;true;0.0034961733965398075;0;1;;"test0";35132;44716712
452;234434273;true;0.0035753849233862095;0;1;;"test0";33432;44716712
452;1360869219;true;0.0035830667855240397;0;1;;"test0";32439;44716712
452;-39755661;true;0.0035994427202612617;0;1;;"test0";33912;44716712
452;-126577199;true;0.0035994427202612617;0;1;;"test0";30789;44716712
452;896624749;true;0.0037976801773796226;0;1;;"test0";32333;44716712
452;53549182;true;0.0038024610518894403;0;1;;"test0";26868;44716712
452;2060936834;true;0.003802541851806623;0;1;;"test0";33124;44716712
452;2060936834;true;0.003802541851806623;0;1;;"test0";33588;44716712
452;-298106226;true;0.003824275018051929;0;1;;"test0";21788;44716712
452;1212338897;true;0.0038246502069868814;0;1;;"test0";30884;44716712
452;986860665;true;0.003908983965014133;0;1;;"test0";21863;44716712
452;1805591735;true;0.003908983965014133;0;1;;"test0";23068;44716712
452;714153862;true;0.003938234600825831;0;1;;"test0";33370;44716712
452;-1462639628;true;0.003948039247129501;0;1;;"test0";33432;44716712
452;1935660041;true;0.003967486555095063;0;1;;"test0";33446;44716712
452;-282443806;true;0.003967486555095063;0;1;;"test0";30649;44716712
452;-2046152687;true;0.003973718250708501;0;1;;"test0";22051;44716712
452;1894481207;true;0.003977482233872973;0;1;;"test0";28563;44716712
452;-746113815;true;0.0039859256410295744;0;1;;"test0";29368;44716712
452;-923678576;true;0.0039859256410295744;0;1;;"test0";30124;44716712
452;-1717149292;true;0.003994025606371592;0;1;;"test0";29189;44716712
452;-1919351661;true;0.003994025606371592;0;1;;"test0";28675;44716712
452;391872946;true;0.003997882765149081;0;1;;"test0";28031;44716712
452;-284596923;true;0.003997882765149081;0;1;;"test0";21764;44716712
452;-1074691675;true;0.0039983762994593944;0;1;;"test0";32718;44716712
452;1458328561;true;0.0039983762994593944;0;1;;"test0";31988;44716712
452;-1805282905;true;0.00399850666548967;0;1;;"test0";30843;44716712
452;-2082009546;true;0.003998678592409576;0;1;;"test0";33353;44716712
452;-1328168509;true;0.003998678592409576;0;1;;"test0";33634;44716712
452;-1714154261;true;0.004001263105149405;0;1;;"test0";22839;44716712
452;828936925;true;0.004001263105149405;0;1;;"test0";27003;44716712
452;1876919703;true;0.0040015364238503845;0;1;;"test0";32003;44716712
452;-1746730280;true;0.0040015364238503845;0;1;;"test0";26441;44716712
452;-451508831;true;0.004002221568728205;0;1;;"test0";32455;44716712
452;-680576940;true;0.004002221568728205;0;1;;"test0";28077;44716712
452;-1344757710;true;0.004002221568728205;0;1;;"test0";30730;44716712
452;-680576940;true;0.004002221568728205;0;1;;"test0";27619;44716712
452;-850781764;true;0.00400250309915532;0;1;;"test0";32017;44716712
452;-477772839;true;0.00400250309915532;0;1;;"test0";22884;44716712
452;-58267906;true;0.004004046605180653;0;1;;"test0";1;44716712
452;-1653327571;true;0.004004046605180653;0;1;;"test0";30489;44716712
452;1702953321;true;0.004004046605180653;0;1;;"test0";1;44716712
452;-2120747889;true;0.004004046605180653;0;1;;"test0";22310;44716712
452;-1811336943;true;0.004004046605180653;0;1;;"test0";27224;44716712
453;1645552964;true;0.003003432494279176;0;1;;"test0";22824;44898051
453;-1233036958;true;0.003003432494279176;0;1;;"test0";29371;44898051
453;-1992070448;true;0.003003432494279176;0;1;;"test0";23748;44898051
453;-834689036;true;0.003003432494279176;0;1;;"test0";37133;44898051
453;-2031690970;true;0.003442222206620492;0;1;;"test0";35954;44898051
453;-1294368986;true;0.003575939452459612;0;1;;"test0";36989;44898051
453;-107956281;true;0.0035830667855240397;0;1;;"test0";34155;44898051
453;1194038569;true;0.0035830667855240397;0;1;;"test0";32478;44898051
453;1360869219;true;0.0035830667855240397;0;1;;"test0";35952;44898051
453;2040811226;true;0.0035830667855240397;0;1;;"test0";31738;44898051
453;-75070752;true;0.0035994427202612617;0;1;;"test0";30905;44898051
453;1914674777;true;0.0035994427202612617;0;1;;"test0";23303;44898051
453;455329977;true;0.0035994427202612617;0;1;;"test0";32675;44898051
453;2062824712;true;0.003796113882157877;0;1;;"test0";25957;44898051
453;-1990548768;true;0.0037976801773796226;0;1;;"test0";15897;44898051
453;-270601724;true;0.0037976801773796226;0;1;;"test0";23424;44898051
453;-458970856;true;0.0038015944438268496;0;1;;"test0";36128;44898051
453;1690094893;true;0.0038022057994825807;0;1;;"test0";20333;44898051
453;2060936834;true;0.003802541851806623;0;1;;"test0";19804;44898051
453;-209613676;true;0.0038240303254605088;0;1;;"test0";36791;44898051
453;1997660678;true;0.0038246502069868814;0;1;;"test0";30418;44898051
453;528277899;true;0.003964948277336747;0;1;;"test0";36620;44898051
453;1935660041;true;0.003967486555095063;0;1;;"test0";32620;44898051
453;65425378;true;0.003967486555095063;0;1;;"test0";20594;44898051
453;-793470130;true;0.003973718250708501;0;1;;"test0";15937;44898051
453;-1149942925;true;0.003981412244461138;0;1;;"test0";31697;44898051
453;1783885469;true;0.0039859256410295744;0;1;;"test0";31588;44898051
453;-746113815;true;0.0039859256410295744;0;1;;"test0";28187;44898051
453;-746113815;true;0.0039859256410295744;0;1;;"test0";31367;44898051
453;1462146520;true;0.0039859256410295744;0;1;;"test0";26866;44898051
453;388137778;true;0.00399175878063242;0;1;;"test0";24198;44898051
453;-2137112100;true;0.003994769213003892;0;1;;"test0";20079;44898051
453;-2062809512;true;0.003997882765149081;0;1;;"test0";19528;44898051
453;-370701909;true;0.003997882765149081;0;1;;"test0";31953;44898051
453;154003914;true;0.0039983762994593944;0;1;;"test0";20892;44898051
453;47624658;true;0.003999642014304875;0;1;;"test0";30825;44898051
453;-1033345160;true;0.004000149920955371;0;1;;"test0";32704;44898051
453;828936925;true;0.004001263105149405;0;1;;"test0";27561;44898051
453;949144891;true;0.004001263105149405;0;1;;"test0";24815;44898051
453;-1746730280;true;0.0040015364238503845;0;1;;"test0";28304;44898051
453;-2029878954;true;0.004002221568728205;0;1;;"test0";27060;44898051
453;-680576940;true;0.004002221568728205;0;1;;"test0";22405;44898051
453;-680576940;true;0.004002221568728205;0;1;;"test0";29418;44898051
453;-866905293;true;0.004002221568728205;0;1;;"test0";22129;44898051
453;-955961314;true;0.00400250309915532;0;1;;"test0";36023;44898051
453;537465674;true;0.00400250309915532;0;1;;"test0";24937;44898051
453;-477772839;true;0.00400250309915532;0;1;;"test0";24590;44898051
453;1190098082;true;0.00400250309915532;0;1;;"test0";34493;44898051
453;-1811336943;true;0.004004046605180653;0;1;;"test0";1;44898051
453;-2120747889;true;0.004004046605180653;0;1;;"test0";1;44898051
454;1721030351;true;0.003003432494279176;0;1;;"test0";31566;45083863
454;-1731315764;true;0.003003432494279176;0;1;;"test0";35747;45083863
454;-8238638;true;0.003003432494279176;0;1;;"test0";36293;45083863
454;-699567127;true;0.003442544388577638;0;1;;"test0";29064;45083863
454;-1767368117;true;0.0035830667855240397;0;1;;"test0";31597;45083863
454;528101263;true;0.003598164092115642;0;1;;"test0";28467;45083863
454;1913285672;true;0.0035994427202612617;0;1;;"test0";31003;45083863
454;441026839;true;0.0035994427202612617;0;1;;"test0";30670;45083863
454;433891838;true;0.0035994427202612617;0;1;;"test0";32512;45083863
454;1721518332;true;0.003796113882157877;0;1;;"test0";32728;45083863
454;-1990548768;true;0.0037976801773796226;0;1;;"test0";29973;45083863
454;-1374293409;true;0.0037976801773796226;0;1;;"test0";29061;45083863
454;-1203501842;true;0.0038022057994825807;0;1;;"test0";30154;45083863
454;-30302220;true;0.0038024610518894403;0;1;;"test0";31833;45083863
454;2060936834;true;0.003802541851806623;0;1;;"test0";27525;45083863
454;1526141627;true;0.003824275018051929;0;1;;"test0";22530;45083863
454;178834659;true;0.0038246502069868814;0;1;;"test0";24423;45083863
454;-1025739742;true;0.003935746929629172;0;1;;"test0";26959;45083863
454;528277899;true;0.003964948277336747;0;1;;"test0";31557;45083863
454;528277899;true;0.003964948277336747;0;1;;"test0";31584;45083863
454;65425378;true;0.003967486555095063;0;1;;"test0";26383;45083863
454;65425378;true;0.003967486555095063;0;1;;"test0";33031;45083863
454;1908374338;true;0.003967486555095063;0;1;;"test0";31893;45083863
454;767795067;true;0.003981412244461138;0;1;;"test0";29090;45083863
454;-1797079273;true;0.0039859256410295744;0;1;;"test0";24400;45083863
454;1630456544;true;0.003989383025835421;0;1;;"test0";24373;45083863
454;-401267190;true;0.003989938692892758;0;1;;"test0";26687;45083863
454;-1388507599;true;0.003992276739029773;0;1;;"test0";30315;45083863
454;-2137112100;true;0.003994769213003892;0;1;;"test0";27858;45083863
454;-866208698;true;0.003994769213003892;0;1;;"test0";31397;45083863
454;-1424348633;true;0.003994769213003892;0;1;;"test0";29485;45083863
454;-1383944776;true;0.0039976552685679085;0;1;;"test0";31647;45083863
454;-1618708315;true;0.0039983762994593944;0;1;;"test0";27946;45083863
454;-2097585901;true;0.00399850666548967;0;1;;"test0";31452;45083863
454;1502168485;true;0.00399850666548967;0;1;;"test0";28664;45083863
454;719880057;true;0.003998678592409576;0;1;;"test0";23399;45083863
454;-201330533;true;0.004000149920955371;0;1;;"test0";32764;45083863
454;-1385069592;true;0.004000149920955371;0;1;;"test0";31649;45083863
454;949144891;true;0.004001263105149405;0;1;;"test0";26352;45083863
454;-1212256693;true;0.0040015364238503845;0;1;;"test0";26345;45083863
454;-1746730280;true;0.0040015364238503845;0;1;;"test0";24043;45083863
454;-383460118;true;0.004002221568728205;0;1;;"test0";31560;45083863
454;-955961314;true;0.00400250309915532;0;1;;"test0";35482;45083863
454;-1482835791;true;0.00400250309915532;0;1;;"test0";21997;45083863
454;-477772839;true;0.00400250309915532;0;1;;"test0";29815;45083863
454;-1188040468;true;0.00400250309915532;0;1;;"test0";31493;45083863
454;-1556876644;true;0.00400250309915532;0;1;;"test0";24000;45083863
454;-1811336943;true;0.004004046605180653;0;1;;"test0";2;45083863
454;-2120747889;true;0.004004046605180653;0;1;;"test0";1;45083863
454;234060694;true;0.004004046605180653;0;1;;"test0";31329;45083863
455;-1633117374;true;0.0028642005243457043;0;1;;"test0";34960;45273893
455;-1025074187;true;0.003003432494279176;0;1;;"test0";21436;45273893
455;-542465702;true;0.003003432494279176;0;1;;"test0";35453;45273893
455;1020130778;true;0.003003432494279176;0;1;;"test0";28878;45273893
455;1056903825;true;0.003003432494279176;0;1;;"test0";33517;45273893
455;207372345;true;0.003434399733084878;0;1;;"test0";34116;45273893
455;-1477840867;true;0.0035211459545530957;0;1;;"test0";27265;45273893
455;-969207283;true;0.003570973513185152;0;1;;"test0";31626;45273893
455;225428678;true;0.0035753068734544133;0;1;;"test0";23165;45273893
455;-1767368117;true;0.0035830667855240397;0;1;;"test0";33947;45273893
455;-193205413;true;0.0035941090850162925;0;1;;"test0";25249;45273893
455;1308389230;true;0.003599121214859809;0;1;;"test0";34125;45273893
455;12563111;true;0.0035994427202612617;0;1;;"test0";29016;45273893
455;-625228299;true;0.0035994427202612617;0;1;;"test0";32735;45273893
455;378437035;true;0.0035994427202612617;0;1;;"test0";27148;45273893
455;23837850;true;0.0035994427202612617;0;1;;"test0";34754;45273893
455;1927853092;true;0.0035994427202612617;0;1;;"test0";29571;45273893
455;1721518332;true;0.003796113882157877;0;1;;"test0";34444;45273893
455;575417714;true;0.003796113882157877;0;1;;"test0";35791;45273893
455;-1203501842;true;0.0038022057994825807;0;1;;"test0";27169;45273893
455;1470852676;true;0.0038024610518894403;0;1;;"test0";31822;45273893
455;-30302220;true;0.0038024610518894403;0;1;;"test0";31830;45273893
455;88835127;true;0.003824275018051929;0;1;;"test0";22941;45273893
455;1350913905;true;0.0038772401216338277;0;1;;"test0";33096;45273893
455;1252002913;true;0.003935746929629172;0;1;;"test0";31274;45273893
455;-578342800;true;0.003981412244461138;0;1;;"test0";31348;45273893
455;-97728336;true;0.003981412244461138;0;1;;"test0";31727;45273893
455;-892137636;true;0.003981412244461138;0;1;;"test0";32871;45273893
455;767795067;true;0.003981412244461138;0;1;;"test0";24359;45273893
455;-647238150;true;0.003987036140891227;0;1;;"test0";24676;45273893
455;1274002197;true;0.003989383025835421;0;1;;"test0";27627;45273893
455;-1646183079;true;0.003989383025835421;0;1;;"test0";28859;45273893
455;2085355477;true;0.003992276739029773;0;1;;"test0";31652;45273893
455;668556154;true;0.003995433982345418;0;1;;"test0";34192;45273893
455;-1940866358;true;0.0039983762994593944;0;1;;"test0";24536;45273893
455;1868529332;true;0.00399850666548967;0;1;;"test0";31668;45273893
455;-2097585901;true;0.00399850666548967;0;1;;"test0";31241;45273893
455;946825758;true;0.00399850666548967;0;1;;"test0";35660;45273893
455;723259896;true;0.003998678592409576;0;1;;"test0";30952;45273893
455;-716083865;true;0.004000149920955371;0;1;;"test0";33064;45273893
455;-201330533;true;0.004000149920955371;0;1;;"test0";33433;45273893
455;949144891;true;0.004001263105149405;0;1;;"test0";24992;45273893
455;2108562183;true;0.0040015364238503845;0;1;;"test0";35137;45273893
455;-1482835791;true;0.00400250309915532;0;1;;"test0";31817;45273893
455;716901291;true;0.00400250309915532;0;1;;"test0";31932;45273893
455;-2120747889;true;0.004004046605180653;0;1;;"test0";21836;45273893
455;-260555145;true;0.004004046605180653;0;1;;"test0";25502;45273893
455;509723006;true;0.004004046605180653;0;1;;"test0";23809;45273893
455;234060694;true;0.004004046605180653;0;1;;"test0";1;45273893
456;-463552158;true;0.0028640557361279133;0;1;;"test0";28223;45462987
456;1534145401;true;0.00286427732079906;0;1;;"test0";28116;45462987
456;-790734951;true;0.003003432494279176;0;1;;"test0";27842;45462987
456;1879089751;true;0.003003432494279176;0;1;;"test0";24933;45462987
456;-711762401;true;0.003575496717574774;0;1;;"test0";29486;45462987
456;-390821210;true;0.0035755480409207082;0;1;;"test0";32453;45462987
456;-1373369740;true;0.0035757942474892073;0;1;;"test0";31606;45462987
456;-648611763;true;0.0035941090850162925;0;1;;"test0";32847;45462987
456;2100420494;true;0.0035981891887279537;0;1;;"test0";35067;45462987
456;1308389230;true;0.003599121214859809;0;1;;"test0";24257;45462987
456;-2020741745;true;0.0035994427202612617;0;1;;"test0";23691;45462987
456;-108984329;true;0.0035994427202612617;0;1;;"test0";30946;45462987
456;629206290;true;0.003620932888176569;0;1;;"test0";29049;45462987
456;-1203501842;true;0.0038022057994825807;0;1;;"test0";35348;45462987
456;-614948113;true;0.0038024610518894403;0;1;;"test0";35217;45462987
456;1470852676;true;0.0038024610518894403;0;1;;"test0";35799;45462987
456;-185729102;true;0.003824275018051929;0;1;;"test0";35372;45462987
456;88835127;true;0.003824275018051929;0;1;;"test0";35696;45462987
456;39849748;true;0.0038249059367281594;0;1;;"test0";31101;45462987
456;666186007;true;0.0038772401216338277;0;1;;"test0";28740;45462987
456;-1261353697;true;0.0038792212642431074;0;1;;"test0";28339;45462987
456;1285877998;true;0.0038800410814160483;0;1;;"test0";22265;45462987
456;222077280;true;0.003889272220475405;0;1;;"test0";32217;45462987
456;-892137636;true;0.003981412244461138;0;1;;"test0";28190;45462987
456;-647238150;true;0.003987036140891227;0;1;;"test0";25758;45462987
456;-647238150;true;0.003987036140891227;0;1;;"test0";26017;45462987
456;-647238150;true;0.003987036140891227;0;1;;"test0";28465;45462987
456;-379445321;true;0.0039976552685679085;0;1;;"test0";22660;45462987
456;-1940866358;true;0.0039983762994593944;0;1;;"test0";35077;45462987
456;1665456530;true;0.0039983762994593944;0;1;;"test0";29025;45462987
456;1208394211;true;0.0039983762994593944;0;1;;"test0";35284;45462987
456;-1940866358;true;0.0039983762994593944;0;1;;"test0";31883;45462987
456;1499969259;true;0.0039983762994593944;0;1;;"test0";21811;45462987
456;1164987220;true;0.0039983762994593944;0;1;;"test0";37110;45462987
456;1444078001;true;0.0039983762994593944;0;1;;"test0";36043;45462987
456;1398853188;true;0.0039983762994593944;0;1;;"test0";35417;45462987
456;1482317794;true;0.00399850666548967;0;1;;"test0";27903;45462987
456;946825758;true;0.00399850666548967;0;1;;"test0";29497;45462987
456;876989900;true;0.00399850666548967;0;1;;"test0";23502;45462987
456;1868529332;true;0.00399850666548967;0;1;;"test0";27902;45462987
456;1868529332;true;0.00399850666548967;0;1;;"test0";31261;45462987
456;-549442182;true;0.003998678592409576;0;1;;"test0";33123;45462987
456;-239456298;true;0.004002221568728205;0;1;;"test0";30304;45462987
456;716901291;true;0.00400250309915532;0;1;;"test0";23625;45462987
456;-1482835791;true;0.00400250309915532;0;1;;"test0";28035;45462987
456;751879520;true;0.00400250309915532;0;1;;"test0";27855;45462987
456;1126087860;true;0.004004046605180653;0;1;;"test0";32738;45462987
456;686706159;true;0.004004046605180653;0;1;;"test0";26317;45462987
456;234060694;true;0.004004046605180653;0;1;;"test0";1;45462987
456;509723006;true;0.004004046605180653;0;1;;"test0";1;45462987
457;879587011;true;0.002574370709382151;0;1;;"test0";30030;45645307
457;-1124511919;true;0.00286427732079906;0;1;;"test0";32661;45645307
457;-1893618752;true;0.003575939452459612;0;1;;"test0";17572;45645307
457;563978899;true;0.0035759541036183007;0;1;;"test0";19876;45645307
457;-759659279;true;0.003576497083696875;0;1;;"test0";25463;45645307
457;1930796438;true;0.003598164092115642;0;1;;"test0";18201;45645307
457;-1125875236;true;0.0035981891887279537;0;1;;"test0";24259;45645307
457;-1385082789;true;0.003599121214859809;0;1;;"test0";24481;45645307
457;-1727816041;true;0.0035994427202612617;0;1;;"test0";32526;45645307
457;-108984329;true;0.0035994427202612617;0;1;;"test0";28302;45645307
457;-108984329;true;0.0035994427202612617;0;1;;"test0";19031;45645307
457;-975896276;true;0.0035994427202612617;0;1;;"test0";18478;45645307
457;150392244;true;0.0035994427202612617;0;1;;"test0";33622;45645307
457;-1417338520;true;0.003796113882157877;0;1;;"test0";31074;45645307
457;1662224907;true;0.0038024610518894403;0;1;;"test0";32137;45645307
457;-1284041567;true;0.0038095006537706834;0;1;;"test0";31499;45645307
457;1195789262;true;0.003819445857318003;0;1;;"test0";32579;45645307
457;-829361724;true;0.003824275018051929;0;1;;"test0";32417;45645307
457;-33914773;true;0.0038249059367281594;0;1;;"test0";33742;45645307
457;1971785066;true;0.0038772401216338277;0;1;;"test0";29129;45645307
457;783462323;true;0.0038772401216338277;0;1;;"test0";23689;45645307
457;-1261353697;true;0.0038792212642431074;0;1;;"test0";29049;45645307
457;602335190;true;0.003976110182310492;0;1;;"test0";29539;45645307
457;1797867592;true;0.003992276739029773;0;1;;"test0";23069;45645307
457;1660200437;true;0.003994769213003892;0;1;;"test0";32134;45645307
457;1092678555;true;0.0039976552685679085;0;1;;"test0";32763;45645307
457;-228445286;true;0.0039976552685679085;0;1;;"test0";29043;45645307
457;-379445321;true;0.0039976552685679085;0;1;;"test0";32726;45645307
457;-1904086211;true;0.0039976552685679085;0;1;;"test0";33707;45645307
457;1665456530;true;0.0039983762994593944;0;1;;"test0";27783;45645307
457;332548867;true;0.0039983762994593944;0;1;;"test0";27419;45645307
457;328429096;true;0.0039983762994593944;0;1;;"test0";27720;45645307
457;-2022930221;true;0.0039983762994593944;0;1;;"test0";31696;45645307
457;1795553132;true;0.00399850666548967;0;1;;"test0";32348;45645307
457;1868529332;true;0.00399850666548967;0;1;;"test0";24014;45645307
457;-691389775;true;0.003998678592409576;0;1;;"test0";33976;45645307
457;-877476386;true;0.004002221568728205;0;1;;"test0";33557;45645307
457;-239456298;true;0.004002221568728205;0;1;;"test0";33321;45645307
457;-239456298;true;0.004002221568728205;0;1;;"test0";33612;45645307
457;-1482835791;true;0.00400250309915532;0;1;;"test0";13924;45645307
457;564737230;true;0.00400250309915532;0;1;;"test0";29051;45645307
457;751879520;true;0.00400250309915532;0;1;;"test0";31197;45645307
457;1170045730;true;0.00400250309915532;0;1;;"test0";31833;45645307
457;751879520;true;0.00400250309915532;0;1;;"test0";33184;45645307
457;-2068606230;true;0.00400250309915532;0;1;;"test0";24719;45645307
457;-403493141;true;0.004004046605180653;0;1;;"test0";32552;45645307
457;1501859607;true;0.004004046605180653;0;1;;"test0";27117;45645307
457;509723006;true;0.004004046605180653;0;1;;"test0";33400;45645307
457;234060694;true;0.004004046605180653;0;1;;"test0";2;45645307
458;1930796438;true;0.003598164092115642;0;1;;"test0";28571;45833050
458;1930796438;true;0.003598164092115642;0;1;;"test0";27832;45833050
458;-391809318;true;0.0035994427202612617;0;1;;"test0";26502;45833050
458;983176516;true;0.0035994427202612617;0;1;;"test0";26592;45833050
458;872770452;true;0.0035994427202612617;0;1;;"test0";33144;45833050
458;92795065;true;0.0035994427202612617;0;1;;"test0";33238;45833050
458;-1725319644;true;0.0035994427202612617;0;1;;"test0";25738;45833050
458;-1529346751;true;0.0035994427202612617;0;1;;"test0";33365;45833050
458;-830241604;true;0.003796113882157877;0;1;;"test0";31370;45833050
458;175924267;true;0.003796113882157877;0;1;;"test0";24507;45833050
458;587361729;true;0.003796113882157877;0;1;;"test0";32146;45833050
458;-1525065503;true;0.003796113882157877;0;1;;"test0";32588;45833050
458;446198002;true;0.0038024610518894403;0;1;;"test0";28283;45833050
458;-807107311;true;0.0038099622644726275;0;1;;"test0";25425;45833050
458;-1397675942;true;0.003819445857318003;0;1;;"test0";29667;45833050
458;-1632600119;true;0.003824275018051929;0;1;;"test0";24871;45833050
458;-829361724;true;0.003824275018051929;0;1;;"test0";23911;45833050
458;-1266314106;true;0.0038246502069868814;0;1;;"test0";25442;45833050
458;-33914773;true;0.0038249059367281594;0;1;;"test0";25944;45833050
458;-761012336;true;0.0038772401216338277;0;1;;"test0";31812;45833050
458;-110198424;true;0.003881301589164388;0;1;;"test0";27766;45833050
458;-2060314243;true;0.003899730281359158;0;1;;"test0";28563;45833050
458;41648274;true;0.003976110182310492;0;1;;"test0";25696;45833050
458;-1263308946;true;0.003979704703478041;0;1;;"test0";32883;45833050
458;-1473273429;true;0.00399175878063242;0;1;;"test0";33518;45833050
458;1660200437;true;0.003994769213003892;0;1;;"test0";25994;45833050
458;1660200437;true;0.003994769213003892;0;1;;"test0";34934;45833050
458;-533723757;true;0.003995433982345418;0;1;;"test0";25098;45833050
458;-1548917440;true;0.0039983762994593944;0;1;;"test0";34413;45833050
458;332548867;true;0.0039983762994593944;0;1;;"test0";33858;45833050
458;2086124543;true;0.0039983762994593944;0;1;;"test0";34457;45833050
458;1916900867;true;0.0039983762994593944;0;1;;"test0";33171;45833050
458;1669174375;true;0.00399850666548967;0;1;;"test0";27727;45833050
458;413077804;true;0.00399850666548967;0;1;;"test0";33884;45833050
458;90502561;true;0.00399850666548967;0;1;;"test0";27905;45833050
458;1868529332;true;0.00399850666548967;0;1;;"test0";28073;45833050
458;-791770033;true;0.003998678592409576;0;1;;"test0";25831;45833050
458;-691389775;true;0.003998678592409576;0;1;;"test0";34106;45833050
458;1994426954;true;0.003998678592409576;0;1;;"test0";18444;45833050
458;-691389775;true;0.003998678592409576;0;1;;"test0";28521;45833050
458;-691389775;true;0.003998678592409576;0;1;;"test0";25890;45833050
458;-691389775;true;0.003998678592409576;0;1;;"test0";34433;45833050
458;-691389775;true;0.003998678592409576;0;1;;"test0";33745;45833050
458;-691389775;true;0.003998678592409576;0;1;;"test0";28077;45833050
458;234060694;true;0.004004046605180653;0;1;;"test0";2;45833050
458;1501859607;true;0.004004046605180653;0;1;;"test0";35195;45833050
458;-127871832;true;0.004004046605180653;0;1;;"test0";27683;45833050
458;-403493141;true;0.004004046605180653;0;1;;"test0";34396;45833050
458;509723006;true;0.004004046605180653;0;1;;"test0";2;45833050
458;-403493141;true;0.004004046605180653;0;1;;"test0";34558;45833050
459;-1171707573;true;0.0028642005243457043;0;1;;"test0";28072;46018902
459;1370450621;true;0.003003432494279176;0;1;;"test0";33456;46018902
459;-529511556;true;0.0035994427202612617;0;1;;"test0";28078;46018902
459;-1104398709;true;0.0035994427202612617;0;1;;"test0";22660;46018902
459;1925160561;true;0.0035994427202612617;0;1;;"test0";25852;46018902
459;-2124770829;true;0.003796113882157877;0;1;;"test0";31209;46018902
459;-1650179048;true;0.003796113882157877;0;1;;"test0";30506;46018902
459;1613856689;true;0.0038104411148121944;0;1;;"test0";29658;46018902
459;-1397675942;true;0.003819445857318003;0;1;;"test0";36377;46018902
459;-1397675942;true;0.003819445857318003;0;1;;"test0";33423;46018902
459;-1397675942;true;0.003819445857318003;0;1;;"test0";22770;46018902
459;1046376382;true;0.0038246502069868814;0;1;;"test0";28225;46018902
459;-1627094228;true;0.0038246502069868814;0;1;;"test0";32722;46018902
459;-1632183170;true;0.0038249059367281594;0;1;;"test0";27969;46018902
459;-1447859374;true;0.003846687158034909;0;1;;"test0";25840;46018902
459;-1186809786;true;0.0038772401216338277;0;1;;"test0";32853;46018902
459;1129450362;true;0.0038772401216338277;0;1;;"test0";36906;46018902
459;-110198424;true;0.003881301589164388;0;1;;"test0";32228;46018902
459;2040854586;true;0.003881301589164388;0;1;;"test0";32603;46018902
459;-1281008823;true;0.003889272220475405;0;1;;"test0";32433;46018902
459;-1869047011;true;0.003899730281359158;0;1;;"test0";23972;46018902
459;460032902;true;0.003899730281359158;0;1;;"test0";28063;46018902
459;-441524238;true;0.003976110182310492;0;1;;"test0";27266;46018902
459;41648274;true;0.003976110182310492;0;1;;"test0";28886;46018902
459;41648274;true;0.003976110182310492;0;1;;"test0";34490;46018902
459;41648274;true;0.003976110182310492;0;1;;"test0";24231;46018902
459;-2126313340;true;0.003979704703478041;0;1;;"test0";36513;46018902
459;-2113189772;true;0.003979704703478041;0;1;;"test0";26412;46018902
459;-1263308946;true;0.003979704703478041;0;1;;"test0";26142;46018902
459;1777592450;true;0.003979704703478041;0;1;;"test0";35833;46018902
459;898801389;true;0.0039859256410295744;0;1;;"test0";33033;46018902
459;-533723757;true;0.003995433982345418;0;1;;"test0";21262;46018902
459;-1245245746;true;0.003995433982345418;0;1;;"test0";22078;46018902
459;1217938334;true;0.0039983762994593944;0;1;;"test0";25367;46018902
459;332548867;true;0.0039983762994593944;0;1;;"test0";32567;46018902
459;1454435360;true;0.0039983762994593944;0;1;;"test0";33083;46018902
459;332548867;true;0.0039983762994593944;0;1;;"test0";19466;46018902
459;2074707332;true;0.0039983762994593944;0;1;;"test0";36124;46018902
459;1669174375;true;0.00399850666548967;0;1;;"test0";34568;46018902
459;1669174375;true;0.00399850666548967;0;1;;"test0";27994;46018902
459;-691389775;true;0.003998678592409576;0;1;;"test0";27474;46018902
459;1994426954;true;0.003998678592409576;0;1;;"test0";27516;46018902
459;-691389775;true;0.003998678592409576;0;1;;"test0";29100;46018902
459;1994426954;true;0.003998678592409576;0;1;;"test0";29559;46018902
459;-85776799;true;0.004004046605180653;0;1;;"test0";21036;46018902
459;-403493141;true;0.004004046605180653;0;1;;"test0";1;46018902
459;-999235520;true;0.004004046605180653;0;1;;"test0";28607;46018902
459;509723006;true;0.004004046605180653;0;1;;"test0";28945;46018902
459;2006499214;true;0.004004046605180653;0;1;;"test0";22646;46018902
460;-1148972771;true;0.00286427732079906;0;1;;"test0";27603;46208934
460;452476308;true;0.0035774120306526374;0;1;;"test0";30497;46208934
460;1921619203;true;0.0035994427202612617;0;1;;"test0";23190;46208934
460;420055229;true;0.0035994427202612617;0;1;;"test0";31488;46208934
460;1492769393;true;0.0038099622644726275;0;1;;"test0";35552;46208934
460;1046376382;true;0.0038246502069868814;0;1;;"test0";26765;46208934
460;-1627094228;true;0.0038246502069868814;0;1;;"test0";24085;46208934
460;-1627094228;true;0.0038246502069868814;0;1;;"test0";26424;46208934
460;-1632183170;true;0.0038249059367281594;0;1;;"test0";24632;46208934
460;-1447859374;true;0.003846687158034909;0;1;;"test0";27495;46208934
460;-519391757;true;0.003846687158034909;0;1;;"test0";17832;46208934
460;-1154038307;true;0.0038703495768857414;0;1;;"test0";27564;46208934
460;3595395;true;0.0038780211351182588;0;1;;"test0";27102;46208934
460;1711379610;true;0.0038792212642431074;0;1;;"test0";33596;46208934
460;-110198424;true;0.003881301589164388;0;1;;"test0";28877;46208934
460;1854135869;true;0.003899730281359158;0;1;;"test0";21976;46208934
460;-1551180927;true;0.003899730281359158;0;1;;"test0";27347;46208934
460;1801011623;true;0.003964311218871615;0;1;;"test0";29396;46208934
460;-925678101;true;0.003971264222600891;0;1;;"test0";31754;46208934
460;41648274;true;0.003976110182310492;0;1;;"test0";34182;46208934
460;999909127;true;0.003976110182310492;0;1;;"test0";29134;46208934
460;-441524238;true;0.003976110182310492;0;1;;"test0";37099;46208934
460;-441524238;true;0.003976110182310492;0;1;;"test0";24906;46208934
460;985947402;true;0.003979704703478041;0;1;;"test0";32950;46208934
460;-2126313340;true;0.003979704703478041;0;1;;"test0";33232;46208934
460;-461618792;true;0.003979704703478041;0;1;;"test0";30796;46208934
460;520414176;true;0.003979704703478041;0;1;;"test0";29752;46208934
460;-2113189772;true;0.003979704703478041;0;1;;"test0";25688;46208934
460;-657435265;true;0.003979704703478041;0;1;;"test0";33505;46208934
460;-2126313340;true;0.003979704703478041;0;1;;"test0";37333;46208934
460;863218695;true;0.0039859256410295744;0;1;;"test0";26407;46208934
460;-1562689743;true;0.0039859256410295744;0;1;;"test0";29376;46208934
460;898801389;true;0.0039859256410295744;0;1;;"test0";33806;46208934
460;898801389;true;0.0039859256410295744;0;1;;"test0";28232;46208934
460;-97491419;true;0.003995433982345418;0;1;;"test0";32267;46208934
460;452661652;true;0.003995433982345418;0;1;;"test0";36287;46208934
460;-1626339603;true;0.003995433982345418;0;1;;"test0";29782;46208934
460;-1864876255;true;0.003995433982345418;0;1;;"test0";33927;46208934
460;-1245442614;true;0.003995433982345418;0;1;;"test0";35053;46208934
460;-533723757;true;0.003995433982345418;0;1;;"test0";27521;46208934
460;1923610440;true;0.0039983762994593944;0;1;;"test0";33427;46208934
460;-1541261094;true;0.0039983762994593944;0;1;;"test0";31410;46208934
460;-1031487984;true;0.0039983762994593944;0;1;;"test0";32997;46208934
460;1217938334;true;0.0039983762994593944;0;1;;"test0";34233;46208934
460;19377357;true;0.00399850666548967;0;1;;"test0";27962;46208934
460;-338039909;true;0.00399850666548967;0;1;;"test0";28968;46208934
460;2006499214;true;0.004004046605180653;0;1;;"test0";27654;46208934
460;509723006;true;0.004004046605180653;0;1;;"test0";31766;46208934
461;104085073;true;0.00286412671996196;0;1;;"test0";27367;46405174
461;-19770754;true;0.00286427732079906;0;1;;"test0";29191;46405174
461;-1128757965;true;0.00286427732079906;0;1;;"test0";32524;46405174
461;-529498868;true;0.00286427732079906;0;1;;"test0";27070;46405174
461;-622475222;true;0.0035760979391788665;0;1;;"test0";29216;46405174
461;-965441086;true;0.0035760979391788665;0;1;;"test0";34946;46405174
461;-1637053266;true;0.003577158705760135;0;1;;"test0";33901;46405174
461;-1609583248;true;0.0035774120306526374;0;1;;"test0";25019;46405174
461;1131213074;true;0.0035862080779732936;0;1;;"test0";27047;46405174
461;-1110723239;true;0.0035994427202612617;0;1;;"test0";33926;46405174
461;-178661013;true;0.0035994427202612617;0;1;;"test0";33265;46405174
461;1492769393;true;0.0038099622644726275;0;1;;"test0";25964;46405174
461;1492769393;true;0.0038099622644726275;0;1;;"test0";32545;46405174
461;1046376382;true;0.0038246502069868814;0;1;;"test0";24180;46405174
461;744442255;true;0.003846687158034909;0;1;;"test0";33615;46405174
461;967333558;true;0.0038780211351182588;0;1;;"test0";21971;46405174
461;1860312388;true;0.0038780211351182588;0;1;;"test0";33355;46405174
461;453899038;true;0.0038792212642431074;0;1;;"test0";31406;46405174
461;-519683880;true;0.0038792212642431074;0;1;;"test0";31877;46405174
461;678046634;true;0.0038792212642431074;0;1;;"test0";36638;46405174
461;-110198424;true;0.003881301589164388;0;1;;"test0";35059;46405174
461;-1695575956;true;0.003881301589164388;0;1;;"test0";31056;46405174
461;-1031562760;true;0.0038906725830367772;0;1;;"test0";32395;46405174
461;1011645702;true;0.003893102481039297;0;1;;"test0";30458;46405174
461;-217673344;true;0.003964311218871615;0;1;;"test0";34858;46405174
461;993171409;true;0.003964311218871615;0;1;;"test0";34857;46405174
461;-925678101;true;0.003971264222600891;0;1;;"test0";28371;46405174
461;-453607248;true;0.003976110182310492;0;1;;"test0";33475;46405174
461;1324078797;true;0.003976110182310492;0;1;;"test0";36381;46405174
461;41648274;true;0.003976110182310492;0;1;;"test0";34403;46405174
461;999909127;true;0.003976110182310492;0;1;;"test0";34270;46405174
461;1879839300;true;0.003977482233872973;0;1;;"test0";33227;46405174
461;-1981758363;true;0.003979704703478041;0;1;;"test0";32876;46405174
461;-984455253;true;0.0039859256410295744;0;1;;"test0";33625;46405174
461;-405245037;true;0.0039859256410295744;0;1;;"test0";29016;46405174
461;-748548719;true;0.003995433982345418;0;1;;"test0";21760;46405174
461;-510746047;true;0.003995433982345418;0;1;;"test0";24110;46405174
461;-941920308;true;0.003995433982345418;0;1;;"test0";28413;46405174
461;1217938334;true;0.0039983762994593944;0;1;;"test0";36781;46405174
461;-726948147;true;0.0039983762994593944;0;1;;"test0";36046;46405174
461;-1359392433;true;0.0039983762994593944;0;1;;"test0";34995;46405174
461;-1541261094;true;0.0039983762994593944;0;1;;"test0";32416;46405174
461;33800002;true;0.0039983762994593944;0;1;;"test0";23575;46405174
461;-262979911;true;0.00399850666548967;0;1;;"test0";32120;46405174
461;25313443;true;0.00399850666548967;0;1;;"test0";28364;46405174
461;-338039909;true;0.00399850666548967;0;1;;"test0";23871;46405174
461;1456791515;true;0.004000149920955371;0;1;;"test0";24761;46405174
461;321137728;true;0.004002221568728205;0;1;;"test0";32924;46405174
461;2006499214;true;0.004004046605180653;0;1;;"test0";2;46405174
461;509723006;true;0.004004046605180653;0;1;;"test0";1;46405174
462;750118896;false;-1;0;1;;"test0";NaN;46600601
462;1232591547;true;0.002942137953579601;0;1;;"test0";32729;46600601
462;-1609505746;true;0.003003432494279176;0;1;;"test0";26653;46600601
462;-563988759;true;0.003003432494279176;0;1;;"test0";35840;46600601
462;1512448452;true;0.003051106025934401;0;1;;"test0";26498;46600601
462;630301944;true;0.003447890914591477;0;1;;"test0";35532;46600601
462;2062370508;true;0.003575550341637835;0;1;;"test0";23683;46600601
462;-1609583248;true;0.0035774120306526374;0;1;;"test0";28045;46600601
462;-985722979;true;0.0035782742324607032;0;1;;"test0";32948;46600601
462;1704383908;true;0.0035994427202612617;0;1;;"test0";28167;46600601
462;1200736541;true;0.0038099622644726275;0;1;;"test0";38309;46600601
462;1492769393;true;0.0038099622644726275;0;1;;"test0";38330;46600601
462;1046376382;true;0.0038246502069868814;0;1;;"test0";35717;46600601
462;-1737807050;true;0.0038792212642431074;0;1;;"test0";27002;46600601
462;678046634;true;0.0038792212642431074;0;1;;"test0";26668;46600601
462;1923586350;true;0.003889272220475405;0;1;;"test0";19232;46600601
462;52444890;true;0.003889272220475405;0;1;;"test0";38471;46600601
462;-88730750;true;0.0038906725830367772;0;1;;"test0";20120;46600601
462;1133610514;true;0.003892108904472613;0;1;;"test0";31096;46600601
462;460497903;true;0.003893102481039297;0;1;;"test0";30536;46600601
462;-217673344;true;0.003964311218871615;0;1;;"test0";23565;46600601
462;1918444871;true;0.003964311218871615;0;1;;"test0";32637;46600601
462;1134439538;true;0.003969312591701658;0;1;;"test0";24861;46600601
462;-895750184;true;0.003971264222600891;0;1;;"test0";23566;46600601
462;1468488788;true;0.003971264222600891;0;1;;"test0";30931;46600601
462;-349742989;true;0.003971264222600891;0;1;;"test0";34969;46600601
462;39336291;true;0.003979704703478041;0;1;;"test0";38600;46600601
462;-984455253;true;0.0039859256410295744;0;1;;"test0";35500;46600601
462;-984455253;true;0.0039859256410295744;0;1;;"test0";33748;46600601
462;518688429;true;0.003990577375150086;0;1;;"test0";30594;46600601
462;545461966;true;0.003992276739029773;0;1;;"test0";10788;46600601
462;-1399296941;true;0.003992276739029773;0;1;;"test0";25402;46600601
462;1217938334;true;0.0039983762994593944;0;1;;"test0";24890;46600601
462;-725416824;true;0.00399850666548967;0;1;;"test0";24917;46600601
462;-852058388;true;0.00399850666548967;0;1;;"test0";34941;46600601
462;-584486875;true;0.00399850666548967;0;1;;"test0";23777;46600601
462;821653636;true;0.00399850666548967;0;1;;"test0";30640;46600601
462;827535554;true;0.00399850666548967;0;1;;"test0";29939;46600601
462;1456791515;true;0.004000149920955371;0;1;;"test0";35422;46600601
462;1456791515;true;0.004000149920955371;0;1;;"test0";19520;46600601
462;-823604582;true;0.004000149920955371;0;1;;"test0";32914;46600601
462;321137728;true;0.004002221568728205;0;1;;"test0";23112;46600601
462;321137728;true;0.004002221568728205;0;1;;"test0";32145;46600601
462;-2129774227;true;0.004002221568728205;0;1;;"test0";19794;46600601
462;1414401373;true;0.004004009881875311;0;1;;"test0";29700;46600601
462;-1892209340;true;0.004004009881875311;0;1;;"test0";35725;46600601
462;509723006;true;0.004004046605180653;0;1;;"test0";35135;46600601
462;2072925962;true;0.004004046605180653;0;1;;"test0";31720;46600601
462;2006499214;true;0.004004046605180653;0;1;;"test0";3;46600601
463;1571938230;true;0.0028642005243457043;0;1;;"test0";19602;46788926
463;996982304;true;0.002942137953579601;0;1;;"test0";13662;46788926
463;-170331798;true;0.002942137953579601;0;1;;"test0";34424;46788926
463;-1145307562;true;0.002942137953579601;0;1;;"test0";34243;46788926
463;104631604;true;0.0035994427202612617;0;1;;"test0";34191;46788926
463;-1546505110;true;0.003797630012932902;0;1;;"test0";13746;46788926
463;-311485147;true;0.003824275018051929;0;1;;"test0";29139;46788926
463;-1292784069;true;0.0038246502069868814;0;1;;"test0";25500;46788926
463;-1847191579;true;0.0038792212642431074;0;1;;"test0";36300;46788926
463;678046634;true;0.0038792212642431074;0;1;;"test0";36423;46788926
463;153475873;true;0.003889272220475405;0;1;;"test0";25922;46788926
463;1384934710;true;0.0038906725830367772;0;1;;"test0";30266;46788926
463;-88730750;true;0.0038906725830367772;0;1;;"test0";33533;46788926
463;1133610514;true;0.003892108904472613;0;1;;"test0";29564;46788926
463;-890487541;true;0.003892108904472613;0;1;;"test0";28099;46788926
463;1133610514;true;0.003892108904472613;0;1;;"test0";23674;46788926
463;460497903;true;0.003893102481039297;0;1;;"test0";29030;46788926
463;460497903;true;0.003893102481039297;0;1;;"test0";27399;46788926
463;599959424;true;0.003969312591701658;0;1;;"test0";35222;46788926
463;492638125;true;0.003969312591701658;0;1;;"test0";28389;46788926
463;39336291;true;0.003979704703478041;0;1;;"test0";37245;46788926
463;1235548516;true;0.003979704703478041;0;1;;"test0";38726;46788926
463;122785624;true;0.003979704703478041;0;1;;"test0";25572;46788926
463;2146142001;true;0.003979704703478041;0;1;;"test0";29455;46788926
463;1138690204;true;0.003979704703478041;0;1;;"test0";37862;46788926
463;39336291;true;0.003979704703478041;0;1;;"test0";25827;46788926
463;-399233970;true;0.003979704703478041;0;1;;"test0";29603;46788926
463;1550461671;true;0.003984746109336189;0;1;;"test0";27578;46788926
463;-397251843;true;0.003990577375150086;0;1;;"test0";29347;46788926
463;470618427;true;0.003990577375150086;0;1;;"test0";32880;46788926
463;331912451;true;0.003992276739029773;0;1;;"test0";33281;46788926
463;-942708070;true;0.003993436241177046;0;1;;"test0";29302;46788926
463;-162437842;true;0.003994769213003892;0;1;;"test0";26180;46788926
463;1580518599;true;0.0039983762994593944;0;1;;"test0";38476;46788926
463;-848210991;true;0.0039983762994593944;0;1;;"test0";27472;46788926
463;1153888218;true;0.0039983762994593944;0;1;;"test0";32544;46788926
463;1217938334;true;0.0039983762994593944;0;1;;"test0";36381;46788926
463;-1892732204;true;0.0039983762994593944;0;1;;"test0";32918;46788926
463;1571717707;true;0.0039983762994593944;0;1;;"test0";26041;46788926
463;1217938334;true;0.0039983762994593944;0;1;;"test0";27692;46788926
463;-1681328379;true;0.0039983762994593944;0;1;;"test0";29383;46788926
463;-1491230801;true;0.0039983762994593944;0;1;;"test0";27424;46788926
463;1217938334;true;0.0039983762994593944;0;1;;"test0";28964;46788926
463;-768709261;true;0.0040015364238503845;0;1;;"test0";32497;46788926
463;-2129774227;true;0.004002221568728205;0;1;;"test0";34042;46788926
463;-1572878733;true;0.004002221568728205;0;1;;"test0";30761;46788926
463;1414401373;true;0.004004009881875311;0;1;;"test0";29781;46788926
463;2145293341;true;0.004004009881875311;0;1;;"test0";27513;46788926
463;2072925962;true;0.004004046605180653;0;1;;"test0";1;46788926
463;2006499214;true;0.004004046605180653;0;1;;"test0";1;46788926
464;1737569330;true;0.002574370709382151;0;1;;"test0";34096;46983259
464;-1921740417;true;0.00286412671996196;0;1;;"test0";38093;46983259
464;1196801956;true;0.0028642005243457043;0;1;;"test0";30678;46983259
464;649527191;true;0.00286427732079906;0;1;;"test0";29626;46983259
464;-1333698944;true;0.003003432494279176;0;1;;"test0";29763;46983259
464;-1179625797;true;0.003003432494279176;0;1;;"test0";24463;46983259
464;2072688426;true;0.003442222206620492;0;1;;"test0";32904;46983259
464;1608469163;true;0.0035755480409207082;0;1;;"test0";35049;46983259
464;-1045497938;true;0.003575550341637835;0;1;;"test0";27827;46983259
464;941256881;true;0.0035759077187907037;0;1;;"test0";32793;46983259
464;870149109;true;0.0035782742324607032;0;1;;"test0";25179;46983259
464;-1991847230;true;0.0035941507604621407;0;1;;"test0";29535;46983259
464;104631604;true;0.0035994427202612617;0;1;;"test0";27645;46983259
464;-97267565;true;0.0035994427202612617;0;1;;"test0";20185;46983259
464;-178908154;true;0.0035994427202612617;0;1;;"test0";28743;46983259
464;1009580425;true;0.0038514177931356732;0;1;;"test0";28398;46983259
464;-757441708;true;0.0038792212642431074;0;1;;"test0";34099;46983259
464;1256536876;true;0.0038916297839121103;0;1;;"test0";33685;46983259
464;460497903;true;0.003893102481039297;0;1;;"test0";29224;46983259
464;-1469887911;true;0.003969312591701658;0;1;;"test0";28253;46983259
464;2146142001;true;0.003979704703478041;0;1;;"test0";24268;46983259
464;1674463814;true;0.003984746109336189;0;1;;"test0";29736;46983259
464;1128874787;true;0.003984746109336189;0;1;;"test0";29447;46983259
464;1672064953;true;0.0039858842168266646;0;1;;"test0";34409;46983259
464;-714542207;true;0.003988792950875767;0;1;;"test0";25950;46983259
464;-1942019203;true;0.003990577375150086;0;1;;"test0";34681;46983259
464;-88520701;true;0.003990577375150086;0;1;;"test0";34195;46983259
464;-397251843;true;0.003990577375150086;0;1;;"test0";32857;46983259
464;270723171;true;0.003990577375150086;0;1;;"test0";36997;46983259
464;-2021222643;true;0.003990577375150086;0;1;;"test0";26237;46983259
464;-803792530;true;0.003990577375150086;0;1;;"test0";35545;46983259
464;-1050247621;true;0.003992276739029773;0;1;;"test0";30345;46983259
464;-816946961;true;0.003992276739029773;0;1;;"test0";34088;46983259
464;331912451;true;0.003992276739029773;0;1;;"test0";32250;46983259
464;-942708070;true;0.003993436241177046;0;1;;"test0";34159;46983259
464;129206204;true;0.003993436241177046;0;1;;"test0";28633;46983259
464;703119751;true;0.003994769213003892;0;1;;"test0";22581;46983259
464;761096243;true;0.00399589151652645;0;1;;"test0";40570;46983259
464;1217938334;true;0.0039983762994593944;0;1;;"test0";28895;46983259
464;1217938334;true;0.0039983762994593944;0;1;;"test0";25497;46983259
464;-201981007;true;0.0040015364238503845;0;1;;"test0";26540;46983259
464;267200073;true;0.0040015364238503845;0;1;;"test0";35017;46983259
464;-1913029237;true;0.0040015364238503845;0;1;;"test0";32545;46983259
464;2145293341;true;0.004004009881875311;0;1;;"test0";20989;46983259
464;1350392735;true;0.004004009881875311;0;1;;"test0";34331;46983259
464;1361735653;true;0.004004009881875311;0;1;;"test0";32761;46983259
464;-2033542478;true;0.004004009881875311;0;1;;"test0";27687;46983259
464;2072925962;true;0.004004046605180653;0;1;;"test0";2;46983259
464;2010668006;true;0.004004046605180653;0;1;;"test0";35048;46983259
464;2006499214;true;0.004004046605180653;0;1;;"test0";2;46983259
465;655665445;true;0.00286427732079906;0;1;;"test0";23503;47181443
465;24109191;true;0.00286427732079906;0;1;;"test0";23284;47181443
465;1076314797;true;0.0034343973187605788;0;1;;"test0";35818;47181443
465;-980939945;true;0.003442222206620492;0;1;;"test0";41163;47181443
465;2072688426;true;0.003442222206620492;0;1;;"test0";30913;47181443
465;1856606157;true;0.003574808278128687;0;1;;"test0";27202;47181443
465;-589842741;true;0.003575550341637835;0;1;;"test0";32152;47181443
465;1685023273;true;0.003575939452459612;0;1;;"test0";27650;47181443
465;159579868;true;0.0035770398347859406;0;1;;"test0";28591;47181443
465;-290964501;true;0.0035994427202612617;0;1;;"test0";32461;47181443
465;1514577123;true;0.0035997107193391667;0;1;;"test0";29873;47181443
465;-1216773067;true;0.003796113882157877;0;1;;"test0";31447;47181443
465;632502454;true;0.003800487146463087;0;1;;"test0";34870;47181443
465;1009580425;true;0.0038514177931356732;0;1;;"test0";34773;47181443
465;460497903;true;0.003893102481039297;0;1;;"test0";31642;47181443
465;1220112665;true;0.003893102481039297;0;1;;"test0";31297;47181443
465;2103480994;true;0.00396111073505079;0;1;;"test0";32205;47181443
465;1105799507;true;0.00397925437354949;0;1;;"test0";23889;47181443
465;-1825920971;true;0.003981412244461138;0;1;;"test0";30404;47181443
465;-1165723811;true;0.003984746109336189;0;1;;"test0";26538;47181443
465;843607132;true;0.003984746109336189;0;1;;"test0";26196;47181443
465;-1842945372;true;0.0039858842168266646;0;1;;"test0";30168;47181443
465;-914436982;true;0.0039858842168266646;0;1;;"test0";32654;47181443
465;439988760;true;0.003988792950875767;0;1;;"test0";34765;47181443
465;-714542207;true;0.003988792950875767;0;1;;"test0";35392;47181443
465;-803792530;true;0.003990577375150086;0;1;;"test0";30403;47181443
465;1947152078;true;0.003992276739029773;0;1;;"test0";27200;47181443
465;-877079622;true;0.003993436241177046;0;1;;"test0";32024;47181443
465;-195884535;true;0.003994769213003892;0;1;;"test0";34812;47181443
465;-1413694519;true;0.003994769213003892;0;1;;"test0";22929;47181443
465;-1534518527;true;0.00399589151652645;0;1;;"test0";31670;47181443
465;-445562464;true;0.00399589151652645;0;1;;"test0";31547;47181443
465;1965023346;true;0.00399589151652645;0;1;;"test0";31728;47181443
465;761096243;true;0.00399589151652645;0;1;;"test0";30884;47181443
465;761096243;true;0.00399589151652645;0;1;;"test0";39497;47181443
465;-1805970193;true;0.00399589151652645;0;1;;"test0";30215;47181443
465;422630569;true;0.00399589151652645;0;1;;"test0";31708;47181443
465;761096243;true;0.00399589151652645;0;1;;"test0";23338;47181443
465;1217938334;true;0.0039983762994593944;0;1;;"test0";25551;47181443
465;-506163793;true;0.00399850666548967;0;1;;"test0";34364;47181443
465;-666124612;true;0.004001263105149405;0;1;;"test0";27949;47181443
465;664681982;true;0.0040015364238503845;0;1;;"test0";25808;47181443
465;1328628580;true;0.004004009881875311;0;1;;"test0";31936;47181443
465;-2033542478;true;0.004004009881875311;0;1;;"test0";31618;47181443
465;2006499214;true;0.004004046605180653;0;1;;"test0";40927;47181443
465;2010668006;true;0.004004046605180653;0;1;;"test0";34852;47181443
465;-1666361883;true;0.004004046605180653;0;1;;"test0";34889;47181443
465;-1877316465;true;0.004004046605180653;0;1;;"test0";34879;47181443
466;-609175011;true;0.002574370709382151;0;1;;"test0";26569;47375711
466;-2111394494;true;0.00286412671996196;0;1;;"test0";32854;47375711
466;-2139110739;true;0.002942137953579601;0;1;;"test0";29169;47375711
466;-261886876;true;0.003003432494279176;0;1;;"test0";33608;47375711
466;-973845695;true;0.0035350102430225694;0;1;;"test0";35924;47375711
466;-539841362;true;0.003567355272185632;0;1;;"test0";36010;47375711
466;-135819600;true;0.0035760681959571276;0;1;;"test0";22753;47375711
466;-616996597;true;0.0035994427202612617;0;1;;"test0";31475;47375711
466;-206813493;true;0.0035994427202612617;0;1;;"test0";25026;47375711
466;-204566296;true;0.0035997107193391667;0;1;;"test0";30614;47375711
466;182702891;true;0.0037948387361784936;0;1;;"test0";25362;47375711
466;632502454;true;0.003800487146463087;0;1;;"test0";28017;47375711
466;632502454;true;0.003800487146463087;0;1;;"test0";30766;47375711
466;1777867903;true;0.003841896100746354;0;1;;"test0";33051;47375711
466;-1828160362;true;0.0038594737087072426;0;1;;"test0";34653;47375711
466;933329584;true;0.003867141659880797;0;1;;"test0";33493;47375711
466;124468328;true;0.003952503838303388;0;1;;"test0";30746;47375711
466;2103480994;true;0.00396111073505079;0;1;;"test0";31785;47375711
466;2103480994;true;0.00396111073505079;0;1;;"test0";25064;47375711
466;1933835943;true;0.00396111073505079;0;1;;"test0";26297;47375711
466;1304634161;true;0.003975506452572013;0;1;;"test0";33334;47375711
466;-1165723811;true;0.003984746109336189;0;1;;"test0";34797;47375711
466;-172195806;true;0.003988792950875767;0;1;;"test0";38371;47375711
466;-803792530;true;0.003990577375150086;0;1;;"test0";26661;47375711
466;773440974;true;0.003990577375150086;0;1;;"test0";19729;47375711
466;612296435;true;0.003993436241177046;0;1;;"test0";35082;47375711
466;-696557635;true;0.003993436241177046;0;1;;"test0";34878;47375711
466;-877079622;true;0.003993436241177046;0;1;;"test0";23971;47375711
466;-195884535;true;0.003994769213003892;0;1;;"test0";25360;47375711
466;761096243;true;0.00399589151652645;0;1;;"test0";27257;47375711
466;761096243;true;0.00399589151652645;0;1;;"test0";33389;47375711
466;596769334;true;0.0039983762994593944;0;1;;"test0";33406;47375711
466;-1469213836;true;0.0039983762994593944;0;1;;"test0";33510;47375711
466;1217938334;true;0.0039983762994593944;0;1;;"test0";29557;47375711
466;1100894445;true;0.00399850666548967;0;1;;"test0";35025;47375711
466;1111509824;true;0.00399850666548967;0;1;;"test0";18735;47375711
466;1917118418;true;0.00399850666548967;0;1;;"test0";32524;47375711
466;-506163793;true;0.00399850666548967;0;1;;"test0";27227;47375711
466;-506163793;true;0.00399850666548967;0;1;;"test0";30837;47375711
466;-108272160;true;0.003998678592409576;0;1;;"test0";34681;47375711
466;-194015889;true;0.004001263105149405;0;1;;"test0";24467;47375711
466;-666124612;true;0.004001263105149405;0;1;;"test0";35508;47375711
466;-1600732578;true;0.004001263105149405;0;1;;"test0";26297;47375711
466;664681982;true;0.0040015364238503845;0;1;;"test0";36403;47375711
466;664681982;true;0.0040015364238503845;0;1;;"test0";32853;47375711
466;-934521615;true;0.0040015364238503845;0;1;;"test0";34740;47375711
466;-2033542478;true;0.004004009881875311;0;1;;"test0";34334;47375711
466;-1786378113;true;0.004004009881875311;0;1;;"test0";34691;47375711
466;-1877316465;true;0.004004046605180653;0;1;;"test0";2;47375711
466;-1666361883;true;0.004004046605180653;0;1;;"test0";2;47375711
467;956581254;false;-1;0;0;;;35123;47570774
467;117893263;true;0.00286412671996196;0;1;;"test0";31346;47570774
467;-1826924181;true;0.003003432494279176;0;1;;"test0";31670;47570774
467;-182953875;true;0.003447886508763982;0;1;;"test0";33626;47570774
467;1576694371;true;0.003575143372390271;0;1;;"test0";32734;47570774
467;431625093;true;0.0035994427202612617;0;1;;"test0";27927;47570774
467;212375333;true;0.0035994427202612617;0;1;;"test0";33696;47570774
467;1061260219;true;0.003800487146463087;0;1;;"test0";35135;47570774
467;632502454;true;0.003800487146463087;0;1;;"test0";28811;47570774
467;-466773834;true;0.003867141659880797;0;1;;"test0";32030;47570774
467;-1973689578;true;0.003868517439866243;0;1;;"test0";25266;47570774
467;1429114096;true;0.0038697374102995108;0;1;;"test0";34951;47570774
467;365150727;true;0.003872333712565512;0;1;;"test0";21623;47570774
467;-1004504368;true;0.003883749796821244;0;1;;"test0";29092;47570774
467;2103480994;true;0.00396111073505079;0;1;;"test0";27965;47570774
467;754113311;true;0.003983010518948079;0;1;;"test0";26018;47570774
467;-867394734;true;0.003984746109336189;0;1;;"test0";32950;47570774
467;1122666494;true;0.003984746109336189;0;1;;"test0";29896;47570774
467;-1165723811;true;0.003984746109336189;0;1;;"test0";29976;47570774
467;-1165723811;true;0.003984746109336189;0;1;;"test0";34886;47570774
467;1339169537;true;0.003988792950875767;0;1;;"test0";31681;47570774
467;-1881089888;true;0.003988792950875767;0;1;;"test0";31769;47570774
467;1356461932;true;0.003990577375150086;0;1;;"test0";33002;47570774
467;2000341919;true;0.003990577375150086;0;1;;"test0";32772;47570774
467;1288990775;true;0.003990577375150086;0;1;;"test0";28065;47570774
467;1318736712;true;0.003990577375150086;0;1;;"test0";21314;47570774
467;1264382180;true;0.003990577375150086;0;1;;"test0";23149;47570774
467;270407651;true;0.003993436241177046;0;1;;"test0";32928;47570774
467;761096243;true;0.00399589151652645;0;1;;"test0";26462;47570774
467;786045959;true;0.00399589151652645;0;1;;"test0";28735;47570774
467;761096243;true;0.00399589151652645;0;1;;"test0";33418;47570774
467;-2140323692;true;0.0039983762994593944;0;1;;"test0";21724;47570774
467;1217938334;true;0.0039983762994593944;0;1;;"test0";24027;47570774
467;-1311367236;true;0.00399850666548967;0;1;;"test0";29783;47570774
467;1917118418;true;0.00399850666548967;0;1;;"test0";29466;47570774
467;-90797046;true;0.00399850666548967;0;1;;"test0";32767;47570774
467;-108272160;true;0.003998678592409576;0;1;;"test0";35835;47570774
467;-30415202;true;0.003998678592409576;0;1;;"test0";30142;47570774
467;-108272160;true;0.003998678592409576;0;1;;"test0";30120;47570774
467;-108272160;true;0.003998678592409576;0;1;;"test0";35078;47570774
467;-108272160;true;0.003998678592409576;0;1;;"test0";33812;47570774
467;532145367;true;0.00400008520620526;0;1;;"test0";32871;47570774
467;-666124612;true;0.004001263105149405;0;1;;"test0";34874;47570774
467;-666124612;true;0.004001263105149405;0;1;;"test0";34999;47570774
467;-1646646762;true;0.0040015364238503845;0;1;;"test0";25422;47570774
467;-457189881;true;0.00400250309915532;0;1;;"test0";34981;47570774
467;516451257;true;0.004004009881875311;0;1;;"test0";33530;47570774
467;623461776;true;0.004004046605180653;0;1;;"test0";24602;47570774
467;-1666361883;true;0.004004046605180653;0;1;;"test0";1;47570774
467;-1877316465;true;0.004004046605180653;0;1;;"test0";1;47570774
468;803001790;true;0.003003432494279176;0;1;;"test0";36126;47753657
468;-648440007;true;0.003003432494279176;0;1;;"test0";26487;47753657
468;835196758;true;0.003003432494279176;0;1;;"test0";24534;47753657
468;-1826924181;true;0.003003432494279176;0;1;;"test0";20683;47753657
468;-628227542;true;0.003576929413860968;0;1;;"test0";20789;47753657
468;42032267;true;0.0035994427202612617;0;1;;"test0";29420;47753657
468;-262559635;true;0.0035994427202612617;0;1;;"test0";22968;47753657
468;1456599517;true;0.0035994427202612617;0;1;;"test0";22677;47753657
468;-1584120234;true;0.0035994427202612617;0;1;;"test0";19168;47753657
468;-319654240;true;0.0035994427202612617;0;1;;"test0";34244;47753657
468;1895084173;true;0.0037976673276088726;0;1;;"test0";26768;47753657
468;-1402097918;true;0.003802541851806623;0;1;;"test0";32509;47753657
468;-1973689578;true;0.003868517439866243;0;1;;"test0";32041;47753657
468;1161974944;true;0.003868517439866243;0;1;;"test0";27619;47753657
468;1821408133;true;0.003868517439866243;0;1;;"test0";33485;47753657
468;2125862020;true;0.003868517439866243;0;1;;"test0";27860;47753657
468;723651586;true;0.003981412244461138;0;1;;"test0";31159;47753657
468;1943603062;true;0.003983010518948079;0;1;;"test0";33243;47753657
468;-2090976455;true;0.003983010518948079;0;1;;"test0";33163;47753657
468;862421736;true;0.003984746109336189;0;1;;"test0";30916;47753657
468;-818371292;true;0.003984746109336189;0;1;;"test0";34225;47753657
468;1303687269;true;0.003989383025835421;0;1;;"test0";30145;47753657
468;1264382180;true;0.003990577375150086;0;1;;"test0";30876;47753657
468;-997043964;true;0.003990577375150086;0;1;;"test0";36481;47753657
468;1318736712;true;0.003990577375150086;0;1;;"test0";33324;47753657
468;1439709935;true;0.003994769213003892;0;1;;"test0";19325;47753657
468;-1508703541;true;0.00399589151652645;0;1;;"test0";36860;47753657
468;-1375969215;true;0.00399589151652645;0;1;;"test0";29535;47753657
468;761096243;true;0.00399589151652645;0;1;;"test0";25998;47753657
468;-1487168213;true;0.00399589151652645;0;1;;"test0";36691;47753657
468;761096243;true;0.00399589151652645;0;1;;"test0";36831;47753657
468;-1770279415;true;0.0039983762994593944;0;1;;"test0";24262;47753657
468;-2140323692;true;0.0039983762994593944;0;1;;"test0";30946;47753657
468;1217938334;true;0.0039983762994593944;0;1;;"test0";37114;47753657
468;291750064;true;0.00399850666548967;0;1;;"test0";16723;47753657
468;2073881097;true;0.004001263105149405;0;1;;"test0";32936;47753657
468;-666124612;true;0.004001263105149405;0;1;;"test0";18425;47753657
468;516451257;true;0.004004009881875311;0;1;;"test0";33490;47753657
468;282717347;true;0.004004009881875311;0;1;;"test0";30029;47753657
468;1720395085;true;0.004004009881875311;0;1;;"test0";29359;47753657
468;1439141463;true;0.004004009881875311;0;1;;"test0";32046;47753657
468;-70082759;true;0.004004009881875311;0;1;;"test0";27303;47753657
468;-1902736185;true;0.004004009881875311;0;1;;"test0";18740;47753657
468;-361982761;true;0.004004009881875311;0;1;;"test0";33266;47753657
468;-1756381974;true;0.004004009881875311;0;1;;"test0";27896;47753657
468;1325246799;true;0.004004046605180653;0;1;;"test0";23225;47753657
468;-1877316465;true;0.004004046605180653;0;1;;"test0";4;47753657
468;-954235090;true;0.004004046605180653;0;1;;"test0";19043;47753657
468;-1666361883;true;0.004004046605180653;0;1;;"test0";1;47753657
468;623461776;true;0.004004046605180653;0;1;;"test0";24599;47753657
469;556645336;true;0.00286412671996196;0;1;;"test0";31766;47947632
469;59227434;true;0.00286412671996196;0;1;;"test0";32905;47947632
469;1217877903;true;0.003003432494279176;0;1;;"test0";17060;47947632
469;55206947;true;0.003003432494279176;0;1;;"test0";35158;47947632
469;997286074;true;0.003003432494279176;0;1;;"test0";27777;47947632
469;548453961;true;0.003003432494279176;0;1;;"test0";25671;47947632
469;1394377558;true;0.003003432494279176;0;1;;"test0";34443;47947632
469;-628227542;true;0.003576929413860968;0;1;;"test0";25791;47947632
469;-628227542;true;0.003576929413860968;0;1;;"test0";36253;47947632
469;-304454790;true;0.003576929413860968;0;1;;"test0";25284;47947632
469;-1913487762;true;0.0035994427202612617;0;1;;"test0";32549;47947632
469;356851709;true;0.0035994427202612617;0;1;;"test0";20538;47947632
469;-25362941;true;0.0035994427202612617;0;1;;"test0";33125;47947632
469;1317606178;true;0.0037948489909922587;0;1;;"test0";37687;47947632
469;-683185189;true;0.003796113882157877;0;1;;"test0";28664;47947632
469;-1402097918;true;0.003802541851806623;0;1;;"test0";35786;47947632
469;339912600;true;0.003802541851806623;0;1;;"test0";29947;47947632
469;-375028079;true;0.003984746109336189;0;1;;"test0";34822;47947632
469;-2118510947;true;0.003984746109336189;0;1;;"test0";32997;47947632
469;-818371292;true;0.003984746109336189;0;1;;"test0";34825;47947632
469;1303687269;true;0.003989383025835421;0;1;;"test0";30832;47947632
469;980773424;true;0.003989383025835421;0;1;;"test0";36282;47947632
469;1318736712;true;0.003990577375150086;0;1;;"test0";34944;47947632
469;411903160;true;0.003990577375150086;0;1;;"test0";34811;47947632
469;740870636;true;0.003990577375150086;0;1;;"test0";29854;47947632
469;1264382180;true;0.003990577375150086;0;1;;"test0";34313;47947632
469;453678411;true;0.003990577375150086;0;1;;"test0";29810;47947632
469;1318736712;true;0.003990577375150086;0;1;;"test0";26513;47947632
469;-1819079109;true;0.003994769213003892;0;1;;"test0";26153;47947632
469;1439709935;true;0.003994769213003892;0;1;;"test0";31721;47947632
469;1439709935;true;0.003994769213003892;0;1;;"test0";31534;47947632
469;427444543;true;0.003994769213003892;0;1;;"test0";31878;47947632
469;-1725715761;true;0.003994769213003892;0;1;;"test0";29881;47947632
469;1614252845;true;0.003994769213003892;0;1;;"test0";30203;47947632
469;-1770279415;true;0.0039983762994593944;0;1;;"test0";27716;47947632
469;473294441;true;0.0039983762994593944;0;1;;"test0";30515;47947632
469;-133306776;true;0.0039983762994593944;0;1;;"test0";25816;47947632
469;1217938334;true;0.0039983762994593944;0;1;;"test0";28203;47947632
469;-1770279415;true;0.0039983762994593944;0;1;;"test0";29939;47947632
469;-1770279415;true;0.0039983762994593944;0;1;;"test0";31643;47947632
469;1821632679;true;0.00399850666548967;0;1;;"test0";19764;47947632
469;-1071815876;true;0.00399850666548967;0;1;;"test0";17875;47947632
469;-666124612;true;0.004001263105149405;0;1;;"test0";34165;47947632
469;-88349339;true;0.004001263105149405;0;1;;"test0";26159;47947632
469;-759656986;true;0.004004009881875311;0;1;;"test0";32831;47947632
469;1720395085;true;0.004004009881875311;0;1;;"test0";36282;47947632
469;-1464775045;true;0.004004009881875311;0;1;;"test0";31148;47947632
469;-1666361883;true;0.004004046605180653;0;1;;"test0";1;47947632
469;623461776;true;0.004004046605180653;0;1;;"test0";1;47947632
469;-1877316465;true;0.004004046605180653;0;1;;"test0";34004;47947632
470;-256842483;true;0.003003432494279176;0;1;;"test0";32845;48146170
470;-1487976467;true;0.003003432494279176;0;1;;"test0";39073;48146170
470;-1537172900;true;0.003003432494279176;0;1;;"test0";31746;48146170
470;1394377558;true;0.003003432494279176;0;1;;"test0";31377;48146170
470;-476380720;true;0.003003432494279176;0;1;;"test0";22295;48146170
470;-447808982;true;0.0035994427202612617;0;1;;"test0";39724;48146170
470;232026142;true;0.0035994427202612617;0;1;;"test0";28779;48146170
470;510159478;true;0.00374181106050754;0;1;;"test0";28816;48146170
470;1317606178;true;0.0037948489909922587;0;1;;"test0";25973;48146170
470;-1552529044;true;0.0037948489909922587;0;1;;"test0";27221;48146170
470;-309299474;true;0.003802541851806623;0;1;;"test0";32891;48146170
470;-1402097918;true;0.003802541851806623;0;1;;"test0";32811;48146170
470;522091440;true;0.003802541851806623;0;1;;"test0";34744;48146170
470;1187828334;true;0.003802541851806623;0;1;;"test0";34392;48146170
470;927464540;true;0.003971264222600891;0;1;;"test0";33117;48146170
470;-2118510947;true;0.003984746109336189;0;1;;"test0";32177;48146170
470;-2118510947;true;0.003984746109336189;0;1;;"test0";26723;48146170
470;-1220269380;true;0.003984746109336189;0;1;;"test0";39017;48146170
470;846629442;true;0.003989383025835421;0;1;;"test0";28897;48146170
470;1303687269;true;0.003989383025835421;0;1;;"test0";26263;48146170
470;-2099908438;true;0.003990577375150086;0;1;;"test0";31727;48146170
470;-448063445;true;0.003990577375150086;0;1;;"test0";39450;48146170
470;1264382180;true;0.003990577375150086;0;1;;"test0";26071;48146170
470;1614252845;true;0.003994769213003892;0;1;;"test0";32407;48146170
470;1181881744;true;0.003994769213003892;0;1;;"test0";32114;48146170
470;-557165276;true;0.0039983762994593944;0;1;;"test0";34419;48146170
470;-1770279415;true;0.0039983762994593944;0;1;;"test0";33617;48146170
470;-1460738766;true;0.0039983762994593944;0;1;;"test0";25168;48146170
470;1616985412;true;0.0039983762994593944;0;1;;"test0";35329;48146170
470;1821641028;true;0.00399850666548967;0;1;;"test0";34146;48146170
470;586277591;true;0.00399850666548967;0;1;;"test0";31032;48146170
470;-2016669067;true;0.00399850666548967;0;1;;"test0";28961;48146170
470;-9493788;true;0.00399850666548967;0;1;;"test0";20284;48146170
470;-666124612;true;0.004001263105149405;0;1;;"test0";33938;48146170
470;-1689301518;true;0.004001263105149405;0;1;;"test0";29999;48146170
470;-308001761;true;0.004001263105149405;0;1;;"test0";34668;48146170
470;1485984438;true;0.0040015364238503845;0;1;;"test0";34733;48146170
470;-365501105;true;0.004002221568728205;0;1;;"test0";34867;48146170
470;-1146843227;true;0.004002221568728205;0;1;;"test0";31188;48146170
470;-759656986;true;0.004004009881875311;0;1;;"test0";34783;48146170
470;-1464775045;true;0.004004009881875311;0;1;;"test0";39395;48146170
470;-497967628;true;0.004004009881875311;0;1;;"test0";31367;48146170
470;1872235831;true;0.004004009881875311;0;1;;"test0";28811;48146170
470;325873936;true;0.004004046605180653;0;1;;"test0";26637;48146170
470;1630993421;true;0.004004046605180653;0;1;;"test0";33665;48146170
470;623461776;true;0.004004046605180653;0;1;;"test0";2;48146170
470;1949761699;true;0.004004046605180653;0;1;;"test0";29264;48146170
470;-1877316465;true;0.004004046605180653;0;1;;"test0";34014;48146170
470;2021908177;true;0.004004046605180653;0;1;;"test0";22180;48146170
471;-1581952039;true;0.00286427732079906;0;1;;"test0";28304;48345152
471;-1520111913;true;0.0035757942474892073;0;1;;"test0";33653;48345152
471;-675939054;true;0.0035994427202612617;0;1;;"test0";36249;48345152
471;249818068;true;0.0035994427202612617;0;1;;"test0";22630;48345152
471;-516992376;true;0.0035994427202612617;0;1;;"test0";34646;48345152
471;-2015241174;true;0.0038075024776002006;0;1;;"test0";30341;48345152
471;1518839856;true;0.00396111073505079;0;1;;"test0";29159;48345152
471;28163374;true;0.003971264222600891;0;1;;"test0";30945;48345152
471;1387172195;true;0.003971264222600891;0;1;;"test0";29914;48345152
471;1738564686;true;0.003984746109336189;0;1;;"test0";37442;48345152
471;-1815677291;true;0.003987036140891227;0;1;;"test0";28555;48345152
471;544949284;true;0.003990577375150086;0;1;;"test0";29376;48345152
471;319338554;true;0.003990577375150086;0;1;;"test0";30096;48345152
471;880717419;true;0.003990577375150086;0;1;;"test0";33746;48345152
471;1364962772;true;0.003990577375150086;0;1;;"test0";34434;48345152
471;614373387;true;0.003990577375150086;0;1;;"test0";32661;48345152
471;-1501024550;true;0.003994769213003892;0;1;;"test0";35756;48345152
471;-907762252;true;0.003994769213003892;0;1;;"test0";37040;48345152
471;1613430527;true;0.003994769213003892;0;1;;"test0";28510;48345152
471;-1738765693;true;0.003994769213003892;0;1;;"test0";36645;48345152
471;1181881744;true;0.003994769213003892;0;1;;"test0";31251;48345152
471;-1085707432;true;0.00399589151652645;0;1;;"test0";26497;48345152
471;794085364;true;0.0039983762994593944;0;1;;"test0";22796;48345152
471;-1155012352;true;0.0039983762994593944;0;1;;"test0";31593;48345152
471;1616985412;true;0.0039983762994593944;0;1;;"test0";29453;48345152
471;1436292590;true;0.0039983762994593944;0;1;;"test0";22000;48345152
471;710288648;true;0.0039983762994593944;0;1;;"test0";36653;48345152
471;1821641028;true;0.00399850666548967;0;1;;"test0";33851;48345152
471;-9493788;true;0.00399850666548967;0;1;;"test0";29291;48345152
471;490225505;true;0.00399850666548967;0;1;;"test0";34300;48345152
471;-287428625;true;0.00399850666548967;0;1;;"test0";37655;48345152
471;-1754314182;true;0.00399850666548967;0;1;;"test0";37598;48345152
471;-817246610;true;0.00399850666548967;0;1;;"test0";26781;48345152
471;-398097286;true;0.004001263105149405;0;1;;"test0";33412;48345152
471;1763860569;true;0.0040015364238503845;0;1;;"test0";32813;48345152
471;-1146843227;true;0.004002221568728205;0;1;;"test0";31573;48345152
471;-1146843227;true;0.004002221568728205;0;1;;"test0";29134;48345152
471;-365501105;true;0.004002221568728205;0;1;;"test0";25315;48345152
471;-1146843227;true;0.004002221568728205;0;1;;"test0";29352;48345152
471;443272569;true;0.004002221568728205;0;1;;"test0";29608;48345152
471;-759656986;true;0.004004009881875311;0;1;;"test0";30546;48345152
471;1795172333;true;0.004004009881875311;0;1;;"test0";37857;48345152
471;1872235831;true;0.004004009881875311;0;1;;"test0";29396;48345152
471;-760817888;true;0.004004009881875311;0;1;;"test0";32111;48345152
471;-497967628;true;0.004004009881875311;0;1;;"test0";25591;48345152
471;-1807169998;true;0.004004046605180653;0;1;;"test0";33367;48345152
471;2021908177;true;0.004004046605180653;0;1;;"test0";4;48345152
471;-1877316465;true;0.004004046605180653;0;1;;"test0";1;48345152
471;897033598;true;0.004004046605180653;0;1;;"test0";33397;48345152
471;1949761699;true;0.004004046605180653;0;1;;"test0";33920;48345152
472;863401250;true;0.00286412671996196;0;1;;"test0";27997;48531221
472;-550469483;true;0.0028642005243457043;0;1;;"test0";29973;48531221
472;-2019118044;true;0.003003432494279176;0;1;;"test0";32591;48531221
472;-1974944364;true;0.003442064824368654;0;1;;"test0";29291;48531221
472;-1306534770;true;0.0035994427202612617;0;1;;"test0";27954;48531221
472;1597902046;true;0.0035994427202612617;0;1;;"test0";32733;48531221
472;-1484383929;true;0.0035994427202612617;0;1;;"test0";29778;48531221
472;1416890209;true;0.003967486555095063;0;1;;"test0";30434;48531221
472;1077065430;true;0.003971264222600891;0;1;;"test0";34287;48531221
472;1387172195;true;0.003971264222600891;0;1;;"test0";30230;48531221
472;736843175;true;0.003984746109336189;0;1;;"test0";22123;48531221
472;2019428303;true;0.003984746109336189;0;1;;"test0";29308;48531221
472;1428045661;true;0.003984746109336189;0;1;;"test0";17284;48531221
472;544057279;true;0.003984746109336189;0;1;;"test0";24528;48531221
472;1051436711;true;0.003987036140891227;0;1;;"test0";40466;48531221
472;-50581674;true;0.003987036140891227;0;1;;"test0";36060;48531221
472;614373387;true;0.003990577375150086;0;1;;"test0";22557;48531221
472;880717419;true;0.003990577375150086;0;1;;"test0";33435;48531221
472;-1136186923;true;0.003992276739029773;0;1;;"test0";24352;48531221
472;124539103;true;0.003995433982345418;0;1;;"test0";31021;48531221
472;-1085707432;true;0.00399589151652645;0;1;;"test0";28770;48531221
472;-185025162;true;0.0039983762994593944;0;1;;"test0";24576;48531221
472;-486627635;true;0.00399850666548967;0;1;;"test0";26060;48531221
472;1101844283;true;0.00399850666548967;0;1;;"test0";25831;48531221
472;-9493788;true;0.00399850666548967;0;1;;"test0";32764;48531221
472;1856699839;true;0.00399850666548967;0;1;;"test0";29771;48531221
472;-617726496;true;0.00399850666548967;0;1;;"test0";21701;48531221
472;-1754314182;true;0.00399850666548967;0;1;;"test0";27698;48531221
472;780281057;true;0.00399850666548967;0;1;;"test0";28250;48531221
472;1443081722;true;0.003998678592409576;0;1;;"test0";24696;48531221
472;847328759;true;0.004001263105149405;0;1;;"test0";31471;48531221
472;1763860569;true;0.0040015364238503845;0;1;;"test0";34928;48531221
472;1729005644;true;0.004002707102957967;0;1;;"test0";30971;48531221
472;-834728834;true;0.004004009881875311;0;1;;"test0";25567;48531221
472;-1227053587;true;0.004004009881875311;0;1;;"test0";27428;48531221
472;-1543104041;true;0.004004009881875311;0;1;;"test0";27286;48531221
472;345897779;true;0.004004009881875311;0;1;;"test0";27939;48531221
472;2021908177;true;0.004004046605180653;0;1;;"test0";29261;48531221
472;-925838541;true;0.004004046605180653;0;1;;"test0";32512;48531221
472;475799776;true;0.004004046605180653;0;1;;"test0";41063;48531221
472;1858899242;true;0.004004046605180653;0;1;;"test0";27900;48531221
472;1747648543;true;0.004004046605180653;0;1;;"test0";17892;48531221
472;2021908177;true;0.004004046605180653;0;1;;"test0";22918;48531221
472;897033598;true;0.004004046605180653;0;1;;"test0";1;48531221
472;-1807169998;true;0.004004046605180653;0;1;;"test0";29274;48531221
472;-1877316465;true;0.004004046605180653;0;1;;"test0";40313;48531221
472;179008252;true;0.004004046605180653;0;1;;"test0";22862;48531221
472;1667505041;true;0.004004046605180653;0;1;;"test0";31824;48531221
472;1949761699;true;0.004004046605180653;0;1;;"test0";30845;48531221
473;464831605;true;0.003003432494279176;0;1;;"test0";36610;48726070
473;2084079414;true;0.003003432494279176;0;1;;"test0";28389;48726070
473;1691530746;true;0.003003432494279176;0;1;;"test0";39127;48726070
473;2071797780;true;0.003575704119235343;0;1;;"test0";32522;48726070
473;1888698133;true;0.003576304850000565;0;1;;"test0";32704;48726070
473;616336962;true;0.0035994427202612617;0;1;;"test0";32366;48726070
473;66145156;true;0.0035994427202612617;0;1;;"test0";30535;48726070
473;-1306534770;true;0.0035994427202612617;0;1;;"test0";33823;48726070
473;1038894559;true;0.0035994427202612617;0;1;;"test0";30827;48726070
473;-978811886;true;0.003796113882157877;0;1;;"test0";25787;48726070
473;-1963242682;true;0.003868517439866243;0;1;;"test0";33391;48726070
473;-1152941410;true;0.003964948277336747;0;1;;"test0";23345;48726070
473;1387172195;true;0.003971264222600891;0;1;;"test0";22343;48726070
473;860591323;true;0.003971264222600891;0;1;;"test0";29469;48726070
473;1387172195;true;0.003971264222600891;0;1;;"test0";35882;48726070
473;1129410137;true;0.003971264222600891;0;1;;"test0";36992;48726070
473;-2080466775;true;0.0039859256410295744;0;1;;"test0";28366;48726070
473;71463215;true;0.003987036140891227;0;1;;"test0";24877;48726070
473;1775800876;true;0.003992276739029773;0;1;;"test0";36226;48726070
473;-1136186923;true;0.003992276739029773;0;1;;"test0";29624;48726070
473;-1136186923;true;0.003992276739029773;0;1;;"test0";39680;48726070
473;-1986357934;true;0.00399589151652645;0;1;;"test0";31016;48726070
473;-1235107535;true;0.00399589151652645;0;1;;"test0";18274;48726070
473;2064310373;true;0.00399589151652645;0;1;;"test0";30846;48726070
473;-1085707432;true;0.00399589151652645;0;1;;"test0";31993;48726070
473;-1754893705;true;0.00399589151652645;0;1;;"test0";33851;48726070
473;1832532959;true;0.00399589151652645;0;1;;"test0";27598;48726070
473;-185025162;true;0.0039983762994593944;0;1;;"test0";27599;48726070
473;-970513651;true;0.0039983762994593944;0;1;;"test0";26060;48726070
473;-453040913;true;0.0039983762994593944;0;1;;"test0";35049;48726070
473;-185025162;true;0.0039983762994593944;0;1;;"test0";35387;48726070
473;-889081986;true;0.0039983762994593944;0;1;;"test0";38075;48726070
473;-1754314182;true;0.00399850666548967;0;1;;"test0";20842;48726070
473;-617726496;true;0.00399850666548967;0;1;;"test0";33471;48726070
473;-1754314182;true;0.00399850666548967;0;1;;"test0";32405;48726070
473;1443081722;true;0.003998678592409576;0;1;;"test0";25794;48726070
473;2139539660;true;0.004001175543543923;0;1;;"test0";28766;48726070
473;1299936268;true;0.004001263105149405;0;1;;"test0";39727;48726070
473;847328759;true;0.004001263105149405;0;1;;"test0";30450;48726070
473;-1342176759;true;0.004001263105149405;0;1;;"test0";31647;48726070
473;847328759;true;0.004001263105149405;0;1;;"test0";38099;48726070
473;-1486933875;true;0.004002221568728205;0;1;;"test0";30031;48726070
473;672950634;true;0.004002707102957967;0;1;;"test0";31115;48726070
473;-144187262;true;0.004002707102957967;0;1;;"test0";33185;48726070
473;-1257938445;true;0.0040038260973242635;0;1;;"test0";16983;48726070
473;972601090;true;0.004004009881875311;0;1;;"test0";30811;48726070
473;-2090652112;true;0.004004046605180653;0;1;;"test0";38732;48726070
473;1667505041;true;0.004004046605180653;0;1;;"test0";1;48726070
473;1949761699;true;0.004004046605180653;0;1;;"test0";4;48726070
473;1747648543;true;0.004004046605180653;0;1;;"test0";27586;48726070
474;-1584266355;true;0.002864440648467464;0;1;;"test0";31273;48924443
474;-1844377566;true;0.0034421170872359053;0;1;;"test0";33203;48924443
474;-2124269137;true;0.0035744694156416338;0;1;;"test0";34220;48924443
474;1151978095;true;0.0035755480409207082;0;1;;"test0";35223;48924443
474;1888698133;true;0.003576304850000565;0;1;;"test0";32866;48924443
474;66145156;true;0.0035994427202612617;0;1;;"test0";28492;48924443
474;684481953;true;0.0035994427202612617;0;1;;"test0";32229;48924443
474;656554617;true;0.0035994427202612617;0;1;;"test0";13705;48924443
474;-1963242682;true;0.003868517439866243;0;1;;"test0";27933;48924443
474;-57258091;true;0.00396111073505079;0;1;;"test0";20323;48924443
474;1387172195;true;0.003971264222600891;0;1;;"test0";24804;48924443
474;403420786;true;0.0039859256410295744;0;1;;"test0";35592;48924443
474;1234093992;true;0.0039859256410295744;0;1;;"test0";33143;48924443
474;-1061553157;true;0.0039859256410295744;0;1;;"test0";30386;48924443
474;-512577691;true;0.003989383025835421;0;1;;"test0";40072;48924443
474;1601132872;true;0.003992276739029773;0;1;;"test0";39414;48924443
474;258236917;true;0.003994769213003892;0;1;;"test0";33133;48924443
474;1962986919;true;0.00399589151652645;0;1;;"test0";29716;48924443
474;-1986357934;true;0.00399589151652645;0;1;;"test0";39638;48924443
474;1832532959;true;0.00399589151652645;0;1;;"test0";30486;48924443
474;88519325;true;0.00399589151652645;0;1;;"test0";35296;48924443
474;-1085707432;true;0.00399589151652645;0;1;;"test0";36972;48924443
474;-1591957199;true;0.00399589151652645;0;1;;"test0";37121;48924443
474;-1754314182;true;0.00399850666548967;0;1;;"test0";26347;48924443
474;-1754314182;true;0.00399850666548967;0;1;;"test0";20327;48924443
474;-598087770;true;0.003998678592409576;0;1;;"test0";35652;48924443
474;1443081722;true;0.003998678592409576;0;1;;"test0";32471;48924443
474;-866003963;true;0.003998678592409576;0;1;;"test0";31853;48924443
474;1574269020;true;0.004000149920955371;0;1;;"test0";28999;48924443
474;163974829;true;0.004000149920955371;0;1;;"test0";32079;48924443
474;1703526453;true;0.004001175543543923;0;1;;"test0";36594;48924443
474;244858907;true;0.004001175543543923;0;1;;"test0";26164;48924443
474;847328759;true;0.004001263105149405;0;1;;"test0";33008;48924443
474;943438867;true;0.004001263105149405;0;1;;"test0";29377;48924443
474;448639561;true;0.00400250309915532;0;1;;"test0";30986;48924443
474;672950634;true;0.004002707102957967;0;1;;"test0";36116;48924443
474;427889471;true;0.004002707102957967;0;1;;"test0";33658;48924443
474;-1086615118;true;0.0040038260973242635;0;1;;"test0";36298;48924443
474;-1257938445;true;0.0040038260973242635;0;1;;"test0";32551;48924443
474;-1793546144;true;0.0040038260973242635;0;1;;"test0";29530;48924443
474;-881705161;true;0.0040038260973242635;0;1;;"test0";12818;48924443
474;-330193703;true;0.004004009881875311;0;1;;"test0";30293;48924443
474;972601090;true;0.004004009881875311;0;1;;"test0";27450;48924443
474;972601090;true;0.004004009881875311;0;1;;"test0";33316;48924443
474;972601090;true;0.004004009881875311;0;1;;"test0";36190;48924443
474;972601090;true;0.004004009881875311;0;1;;"test0";36120;48924443
474;345369942;true;0.004004009881875311;0;1;;"test0";32000;48924443
474;1949761699;true;0.004004046605180653;0;1;;"test0";1;48924443
474;1747648543;true;0.004004046605180653;0;1;;"test0";28998;48924443
475;1489975417;true;0.00286412671996196;0;1;;"test0";31911;49113637
475;340518451;true;0.0028642005243457043;0;1;;"test0";25080;49113637
475;1028515244;true;0.002864440648467464;0;1;;"test0";31707;49113637
475;-1487016447;true;0.003003432494279176;0;1;;"test0";34850;49113637
475;1432726625;true;0.003003432494279176;0;1;;"test0";22517;49113637
475;1151978095;true;0.0035755480409207082;0;1;;"test0";25988;49113637
475;-1309543720;true;0.0035767300856429885;0;1;;"test0";32157;49113637
475;648456165;true;0.003587750320685072;0;1;;"test0";31829;49113637
475;455802263;true;0.0035994427202612617;0;1;;"test0";29629;49113637
475;210322238;true;0.0035994427202612617;0;1;;"test0";33195;49113637
475;-1218924138;true;0.003868517439866243;0;1;;"test0";32683;49113637
475;-1963242682;true;0.003868517439866243;0;1;;"test0";29416;49113637
475;-1247749690;true;0.0038780211351182588;0;1;;"test0";30079;49113637
475;-782675251;true;0.003971264222600891;0;1;;"test0";32890;49113637
475;685014615;true;0.003971264222600891;0;1;;"test0";33532;49113637
475;-392803278;true;0.0039859256410295744;0;1;;"test0";30525;49113637
475;-1061553157;true;0.0039859256410295744;0;1;;"test0";25055;49113637
475;1412335702;true;0.0039859256410295744;0;1;;"test0";33134;49113637
475;1339898876;true;0.003989383025835421;0;1;;"test0";28885;49113637
475;940149352;true;0.003989383025835421;0;1;;"test0";34848;49113637
475;1023402842;true;0.003991092567730332;0;1;;"test0";28921;49113637
475;1601132872;true;0.003992276739029773;0;1;;"test0";23095;49113637
475;915838576;true;0.003992276739029773;0;1;;"test0";32959;49113637
475;1601132872;true;0.003992276739029773;0;1;;"test0";22395;49113637
475;-1729999783;true;0.003992276739029773;0;1;;"test0";33831;49113637
475;-1125088283;true;0.003994025606371592;0;1;;"test0";24224;49113637
475;258236917;true;0.003994769213003892;0;1;;"test0";31669;49113637
475;258236917;true;0.003994769213003892;0;1;;"test0";33306;49113637
475;-2032937739;true;0.003994769213003892;0;1;;"test0";32140;49113637
475;228452676;true;0.003994769213003892;0;1;;"test0";33091;49113637
475;1832532959;true;0.00399589151652645;0;1;;"test0";25770;49113637
475;-918974653;true;0.00399589151652645;0;1;;"test0";24782;49113637
475;399133360;true;0.00399850666548967;0;1;;"test0";31628;49113637
475;168534304;true;0.00399850666548967;0;1;;"test0";26884;49113637
475;-866003963;true;0.003998678592409576;0;1;;"test0";31773;49113637
475;-866003963;true;0.003998678592409576;0;1;;"test0";25331;49113637
475;-1411795122;true;0.004000149920955371;0;1;;"test0";23044;49113637
475;943438867;true;0.004001263105149405;0;1;;"test0";34859;49113637
475;448639561;true;0.00400250309915532;0;1;;"test0";23097;49113637
475;-1314871444;true;0.004002707102957967;0;1;;"test0";26342;49113637
475;672950634;true;0.004002707102957967;0;1;;"test0";26407;49113637
475;-629039848;true;0.004004009881875311;0;1;;"test0";24501;49113637
475;-2059473439;true;0.004004046605180653;0;1;;"test0";34799;49113637
475;1747648543;true;0.004004046605180653;0;1;;"test0";1;49113637
475;-1355403932;true;0.004004046605180653;0;1;;"test0";32534;49113637
475;1949761699;true;0.004004046605180653;0;1;;"test0";31925;49113637
475;1304865575;true;0.004004046605180653;0;1;;"test0";33166;49113637
475;1949761699;true;0.004004046605180653;0;1;;"test0";26734;49113637
475;88617814;true;0.004004046605180653;0;1;;"test0";34243;49113637
476;2137622738;true;0.00286412671996196;0;1;;"test0";29164;49306676
476;271162279;true;0.002942137953579601;0;1;;"test0";27609;49306676
476;-447562438;true;0.003003432494279176;0;1;;"test0";31930;49306676
476;-1376992843;true;0.003003432494279176;0;1;;"test0";22354;49306676
476;2020127897;true;0.0035757942474892073;0;1;;"test0";26648;49306676
476;239369556;true;0.0035788270873039997;0;1;;"test0";32055;49306676
476;648456165;true;0.003587750320685072;0;1;;"test0";35367;49306676
476;648456165;true;0.003587750320685072;0;1;;"test0";32849;49306676
476;1532474247;true;0.0035994427202612617;0;1;;"test0";26986;49306676
476;1425951662;true;0.0035994427202612617;0;1;;"test0";28362;49306676
476;708882329;true;0.003796113882157877;0;1;;"test0";28755;49306676
476;-910570083;true;0.0038780211351182588;0;1;;"test0";26944;49306676
476;-265157015;true;0.0038780211351182588;0;1;;"test0";34186;49306676
476;-1247749690;true;0.0038780211351182588;0;1;;"test0";31933;49306676
476;1977657819;true;0.003967486555095063;0;1;;"test0";30251;49306676
476;1762691061;true;0.003971264222600891;0;1;;"test0";33026;49306676
476;-782675251;true;0.003971264222600891;0;1;;"test0";36954;49306676
476;-1116876992;true;0.003976700317334207;0;1;;"test0";29148;49306676
476;-1815724004;true;0.003981412244461138;0;1;;"test0";29214;49306676
476;319871030;true;0.003984298624722076;0;1;;"test0";21476;49306676
476;-2069420446;true;0.0039859256410295744;0;1;;"test0";28044;49306676
476;-392803278;true;0.0039859256410295744;0;1;;"test0";31270;49306676
476;-734212606;true;0.003988216654385998;0;1;;"test0";28191;49306676
476;1190743133;true;0.003989383025835421;0;1;;"test0";29214;49306676
476;1266959984;true;0.003989938692892758;0;1;;"test0";30187;49306676
476;-935639932;true;0.003991092567730332;0;1;;"test0";36739;49306676
476;1023402842;true;0.003991092567730332;0;1;;"test0";30537;49306676
476;731393500;true;0.003992276739029773;0;1;;"test0";19379;49306676
476;954818971;true;0.003992276739029773;0;1;;"test0";30276;49306676
476;1137030857;true;0.003994025606371592;0;1;;"test0";32928;49306676
476;-1125088283;true;0.003994025606371592;0;1;;"test0";30354;49306676
476;655496624;true;0.003994025606371592;0;1;;"test0";37071;49306676
476;40607841;true;0.003994025606371592;0;1;;"test0";34842;49306676
476;258236917;true;0.003994769213003892;0;1;;"test0";35152;49306676
476;-918974653;true;0.00399589151652645;0;1;;"test0";26393;49306676
476;345481027;true;0.00399589151652645;0;1;;"test0";25152;49306676
476;-1411795122;true;0.004000149920955371;0;1;;"test0";30042;49306676
476;-1411795122;true;0.004000149920955371;0;1;;"test0";33085;49306676
476;528369764;true;0.004001263105149405;0;1;;"test0";40153;49306676
476;-1021950423;true;0.004002707102957967;0;1;;"test0";22491;49306676
476;55191359;true;0.004004009881875311;0;1;;"test0";29507;49306676
476;-629039848;true;0.004004009881875311;0;1;;"test0";37529;49306676
476;-629039848;true;0.004004009881875311;0;1;;"test0";29309;49306676
476;-978058485;true;0.004004009881875311;0;1;;"test0";36794;49306676
476;817265588;true;0.004004009881875311;0;1;;"test0";29623;49306676
476;-891680379;true;0.004004009881875311;0;1;;"test0";29216;49306676
476;-1103150403;true;0.004004046605180653;0;1;;"test0";35464;49306676
476;88617814;true;0.004004046605180653;0;1;;"test0";1;49306676
476;1949761699;true;0.004004046605180653;0;1;;"test0";2;49306676
476;551634304;true;0.004004046605180653;0;1;;"test0";28961;49306676
477;-88035621;true;0.00286427732079906;0;1;;"test0";38098;49504931
477;-1620918269;true;0.003003432494279176;0;1;;"test0";34519;49504931
477;-209990824;true;0.003003432494279176;0;1;;"test0";29151;49504931
477;-1571509581;true;0.003003432494279176;0;1;;"test0";38113;49504931
477;-295867534;true;0.0034523666030999104;0;1;;"test0";36127;49504931
477;664076415;true;0.0035755480409207082;0;1;;"test0";34648;49504931
477;1286611003;true;0.0035757942474892073;0;1;;"test0";25836;49504931
477;-526430545;true;0.0035981537698258734;0;1;;"test0";34568;49504931
477;-629667857;true;0.0035994427202612617;0;1;;"test0";29623;49504931
477;1155234699;true;0.003796113882157877;0;1;;"test0";33993;49504931
477;-1445487330;true;0.003796113882157877;0;1;;"test0";26090;49504931
477;914517326;true;0.003796113882157877;0;1;;"test0";24184;49504931
477;-1116876992;true;0.003976700317334207;0;1;;"test0";26838;49504931
477;1032468849;true;0.003981412244461138;0;1;;"test0";37157;49504931
477;1486994840;true;0.003981412244461138;0;1;;"test0";33544;49504931
477;-1815724004;true;0.003981412244461138;0;1;;"test0";32846;49504931
477;6905223;true;0.003984298624722076;0;1;;"test0";34144;49504931
477;2132114972;true;0.003984298624722076;0;1;;"test0";33970;49504931
477;-2003468876;true;0.0039859256410295744;0;1;;"test0";32105;49504931
477;-717388347;true;0.0039859256410295744;0;1;;"test0";29527;49504931
477;1295758877;true;0.0039859256410295744;0;1;;"test0";29576;49504931
477;-392803278;true;0.0039859256410295744;0;1;;"test0";28226;49504931
477;348645197;true;0.0039865342872755834;0;1;;"test0";30132;49504931
477;-503679712;true;0.003988216654385998;0;1;;"test0";29304;49504931
477;-734212606;true;0.003988216654385998;0;1;;"test0";23755;49504931
477;1190743133;true;0.003989383025835421;0;1;;"test0";35513;49504931
477;1190743133;true;0.003989383025835421;0;1;;"test0";29693;49504931
477;1190743133;true;0.003989383025835421;0;1;;"test0";26424;49504931
477;-162857264;true;0.003989383025835421;0;1;;"test0";32227;49504931
477;1266959984;true;0.003989938692892758;0;1;;"test0";33186;49504931
477;-64003989;true;0.003989938692892758;0;1;;"test0";32497;49504931
477;1097577513;true;0.00399589151652645;0;1;;"test0";29183;49504931
477;-918974653;true;0.00399589151652645;0;1;;"test0";34479;49504931
477;1029170285;true;0.00399589151652645;0;1;;"test0";34501;49504931
477;324036042;true;0.004000149920955371;0;1;;"test0";29750;49504931
477;1762443945;true;0.004000149920955371;0;1;;"test0";29566;49504931
477;-1411795122;true;0.004000149920955371;0;1;;"test0";29576;49504931
477;-1980078;true;0.004001263105149405;0;1;;"test0";29048;49504931
477;528369764;true;0.004001263105149405;0;1;;"test0";23056;49504931
477;-1021950423;true;0.004002707102957967;0;1;;"test0";36151;49504931
477;-1863482173;true;0.004002707102957967;0;1;;"test0";27065;49504931
477;1791439403;true;0.004002707102957967;0;1;;"test0";32159;49504931
477;-1103150403;true;0.004004046605180653;0;1;;"test0";28600;49504931
477;1901244417;true;0.004004046605180653;0;1;;"test0";34999;49504931
477;841818079;true;0.004004046605180653;0;1;;"test0";37854;49504931
477;1949761699;true;0.004004046605180653;0;1;;"test0";25488;49504931
477;-482574539;true;0.004004046605180653;0;1;;"test0";29008;49504931
477;551634304;true;0.004004046605180653;0;1;;"test0";3;49504931
477;-1078705625;true;0.004004046605180653;0;1;;"test0";36514;49504931
478;2052548910;true;0.00286412671996196;0;1;;"test0";19966;49695590
478;102043395;true;0.002942137953579601;0;1;;"test0";32157;49695590
478;-1016133617;true;0.003003432494279176;0;1;;"test0";26698;49695590
478;1666980409;true;0.003003432494279176;0;1;;"test0";32019;49695590
478;377918464;true;0.003003432494279176;0;1;;"test0";30537;49695590
478;-295867534;true;0.0034523666030999104;0;1;;"test0";28367;49695590
478;-350672714;true;0.0034523666030999104;0;1;;"test0";29602;49695590
478;-295867534;true;0.0034523666030999104;0;1;;"test0";31275;49695590
478;524767709;true;0.0034546784230894746;0;1;;"test0";26896;49695590
478;-703012858;true;0.0035757942474892073;0;1;;"test0";29040;49695590
478;1286611003;true;0.0035757942474892073;0;1;;"test0";32306;49695590
478;549568257;true;0.0035757942474892073;0;1;;"test0";27905;49695590
478;968719934;true;0.0035958485933903083;0;1;;"test0";36293;49695590
478;-1912605080;true;0.0035994427202612617;0;1;;"test0";36049;49695590
478;349232791;true;0.0035994427202612617;0;1;;"test0";34910;49695590
478;-1054986154;true;0.0035994427202612617;0;1;;"test0";34584;49695590
478;-629667857;true;0.0035994427202612617;0;1;;"test0";36468;49695590
478;-551237970;true;0.003976700317334207;0;1;;"test0";35315;49695590
478;1609725904;true;0.003976700317334207;0;1;;"test0";32421;49695590
478;1228905679;true;0.0039859256410295744;0;1;;"test0";36273;49695590
478;-717388347;true;0.0039859256410295744;0;1;;"test0";36306;49695590
478;348645197;true;0.0039865342872755834;0;1;;"test0";33378;49695590
478;546428122;true;0.0039865342872755834;0;1;;"test0";32003;49695590
478;1190743133;true;0.003989383025835421;0;1;;"test0";36373;49695590
478;-162857264;true;0.003989383025835421;0;1;;"test0";25229;49695590
478;1931264769;true;0.003989383025835421;0;1;;"test0";27449;49695590
478;-2113563379;true;0.003989383025835421;0;1;;"test0";34547;49695590
478;822519848;true;0.003989383025835421;0;1;;"test0";36777;49695590
478;1641442240;true;0.003989938692892758;0;1;;"test0";18525;49695590
478;1266959984;true;0.003989938692892758;0;1;;"test0";18254;49695590
478;-2076624862;true;0.003993391089926401;0;1;;"test0";34855;49695590
478;1029170285;true;0.00399589151652645;0;1;;"test0";16994;49695590
478;136560323;true;0.00399589151652645;0;1;;"test0";18793;49695590
478;-1411795122;true;0.004000149920955371;0;1;;"test0";22199;49695590
478;324036042;true;0.004000149920955371;0;1;;"test0";30592;49695590
478;1776188242;true;0.004000149920955371;0;1;;"test0";32622;49695590
478;324036042;true;0.004000149920955371;0;1;;"test0";29339;49695590
478;-2122346267;true;0.004000149920955371;0;1;;"test0";31679;49695590
478;-1411795122;true;0.004000149920955371;0;1;;"test0";30594;49695590
478;-431075532;true;0.004001263105149405;0;1;;"test0";32225;49695590
478;539784650;true;0.004001263105149405;0;1;;"test0";33271;49695590
478;1642491131;true;0.004002548904623852;0;1;;"test0";28018;49695590
478;-1021950423;true;0.004002707102957967;0;1;;"test0";27621;49695590
478;-1863482173;true;0.004002707102957967;0;1;;"test0";36738;49695590
478;799356280;true;0.004002707102957967;0;1;;"test0";31591;49695590
478;-77322935;true;0.004004009881875311;0;1;;"test0";27246;49695590
478;1901244417;true;0.004004046605180653;0;1;;"test0";31303;49695590
478;-1700253843;true;0.004004046605180653;0;1;;"test0";29140;49695590
478;551634304;true;0.004004046605180653;0;1;;"test0";1;49695590
478;-1078705625;true;0.004004046605180653;0;1;;"test0";1;49695590
479;1831138321;true;0.0034465612359626204;0;1;;"test0";34005;49888155
479;-921072340;true;0.0034477706368152726;0;1;;"test0";28298;49888155
479;457914579;true;0.00345049114166193;0;1;;"test0";26028;49888155
479;506180416;true;0.0034523666030999104;0;1;;"test0";20826;49888155
479;1905781078;true;0.0034546784230894746;0;1;;"test0";30732;49888155
479;207820827;true;0.0034546784230894746;0;1;;"test0";29829;49888155
479;987835563;true;0.0035739858870210595;0;1;;"test0";30464;49888155
479;968719934;true;0.0035958485933903083;0;1;;"test0";28959;49888155
479;991952065;true;0.0035994427202612617;0;1;;"test0";22924;49888155
479;-1320167638;true;0.0035994427202612617;0;1;;"test0";30904;49888155
479;1815329353;true;0.003796113882157877;0;1;;"test0";26608;49888155
479;-267676337;true;0.00381441603213614;0;1;;"test0";29328;49888155
479;658586248;true;0.0039777868600581745;0;1;;"test0";27819;49888155
479;1228905679;true;0.0039859256410295744;0;1;;"test0";30926;49888155
479;-719222086;true;0.003989383025835421;0;1;;"test0";37084;49888155
479;822519848;true;0.003989383025835421;0;1;;"test0";37110;49888155
479;1207583275;true;0.00399589151652645;0;1;;"test0";29239;49888155
479;1713689349;true;0.00399589151652645;0;1;;"test0";28735;49888155
479;1244185499;true;0.00399589151652645;0;1;;"test0";30970;49888155
479;2142857238;true;0.00399589151652645;0;1;;"test0";35241;49888155
479;-142349294;true;0.00399589151652645;0;1;;"test0";19416;49888155
479;1145510502;true;0.003999010362859953;0;1;;"test0";31566;49888155
479;-244088455;true;0.004000149920955371;0;1;;"test0";38489;49888155
479;324036042;true;0.004000149920955371;0;1;;"test0";30949;49888155
479;539784650;true;0.004001263105149405;0;1;;"test0";22889;49888155
479;345394118;true;0.004001263105149405;0;1;;"test0";34236;49888155
479;-431075532;true;0.004001263105149405;0;1;;"test0";33701;49888155
479;-1214799063;true;0.004001263105149405;0;1;;"test0";31151;49888155
479;2060541436;true;0.004002548904623852;0;1;;"test0";32315;49888155
479;-40650037;true;0.004002548904623852;0;1;;"test0";28323;49888155
479;944899083;true;0.004002548904623852;0;1;;"test0";22996;49888155
479;-1021950423;true;0.004002707102957967;0;1;;"test0";38408;49888155
479;-1146238110;true;0.004002707102957967;0;1;;"test0";26266;49888155
479;-1021950423;true;0.004002707102957967;0;1;;"test0";31814;49888155
479;-1863482173;true;0.004002707102957967;0;1;;"test0";25787;49888155
479;871154644;true;0.004002707102957967;0;1;;"test0";31245;49888155
479;1838153747;true;0.004002707102957967;0;1;;"test0";22571;49888155
479;687662626;true;0.004002707102957967;0;1;;"test0";27763;49888155
479;-265257464;true;0.004002707102957967;0;1;;"test0";28694;49888155
479;355025073;true;0.004002707102957967;0;1;;"test0";27720;49888155
479;-428539695;true;0.004002707102957967;0;1;;"test0";30954;49888155
479;-77322935;true;0.004004009881875311;0;1;;"test0";23788;49888155
479;1589487365;true;0.004004009881875311;0;1;;"test0";35353;49888155
479;-227805683;true;0.004004009881875311;0;1;;"test0";37062;49888155
479;-77322935;true;0.004004009881875311;0;1;;"test0";37110;49888155
479;-1637805727;true;0.004004009881875311;0;1;;"test0";34316;49888155
479;1502188914;true;0.004004046605180653;0;1;;"test0";36989;49888155
479;551634304;true;0.004004046605180653;0;1;;"test0";29565;49888155
479;-1078705625;true;0.004004046605180653;0;1;;"test0";3;49888155
480;-2092132020;true;0.003003432494279176;0;1;;"test0";29942;50090320
480;551051361;true;0.003003432494279176;0;1;;"test0";34770;50090320
480;-1459326811;true;0.00345049114166193;0;1;;"test0";36423;50090320
480;1053322374;true;0.00345049114166193;0;1;;"test0";31854;50090320
480;506180416;true;0.0034523666030999104;0;1;;"test0";31352;50090320
480;506180416;true;0.0034523666030999104;0;1;;"test0";31101;50090320
480;1231998463;true;0.0035994427202612617;0;1;;"test0";40122;50090320
480;-826903700;true;0.0035994427202612617;0;1;;"test0";28527;50090320
480;202451193;true;0.0035994427202612617;0;1;;"test0";32002;50090320
480;-1766320964;true;0.0035994427202612617;0;1;;"test0";30733;50090320
480;-1026330718;true;0.0037910460882999548;0;1;;"test0";31343;50090320
480;1815329353;true;0.003796113882157877;0;1;;"test0";34181;50090320
480;-927952757;true;0.003796113882157877;0;1;;"test0";36916;50090320
480;1563707723;true;0.00381441603213614;0;1;;"test0";31959;50090320
480;-783442204;true;0.00381441603213614;0;1;;"test0";30700;50090320
480;-1990894990;true;0.0038772401216338277;0;1;;"test0";25520;50090320
480;658586248;true;0.0039777868600581745;0;1;;"test0";33894;50090320
480;1811013531;true;0.003984746109336189;0;1;;"test0";32791;50090320
480;-719222086;true;0.003989383025835421;0;1;;"test0";28606;50090320
480;-719222086;true;0.003989383025835421;0;1;;"test0";30498;50090320
480;-947046113;true;0.003989383025835421;0;1;;"test0";29441;50090320
480;-930668276;true;0.003994671878903513;0;1;;"test0";30380;50090320
480;1079533607;true;0.00399589151652645;0;1;;"test0";35433;50090320
480;1713689349;true;0.00399589151652645;0;1;;"test0";31972;50090320
480;1461289620;true;0.00399589151652645;0;1;;"test0";37073;50090320
480;1145510502;true;0.003999010362859953;0;1;;"test0";22988;50090320
480;656925664;true;0.003999010362859953;0;1;;"test0";23631;50090320
480;-210486971;true;0.004000149920955371;0;1;;"test0";34659;50090320
480;-1940748616;true;0.004001263105149405;0;1;;"test0";29684;50090320
480;1709213347;true;0.004002548904623852;0;1;;"test0";34707;50090320
480;-1580906490;true;0.004002707102957967;0;1;;"test0";39735;50090320
480;-428539695;true;0.004002707102957967;0;1;;"test0";33049;50090320
480;-700745906;true;0.004002707102957967;0;1;;"test0";29289;50090320
480;-1363262288;true;0.004002707102957967;0;1;;"test0";40559;50090320
480;-1021950423;true;0.004002707102957967;0;1;;"test0";29762;50090320
480;1017565161;true;0.004004009881875311;0;1;;"test0";29164;50090320
480;1589487365;true;0.004004009881875311;0;1;;"test0";28889;50090320
480;1589487365;true;0.004004009881875311;0;1;;"test0";36792;50090320
480;-2029565452;true;0.004004009881875311;0;1;;"test0";33394;50090320
480;-1637805727;true;0.004004009881875311;0;1;;"test0";35066;50090320
480;364199184;true;0.004004009881875311;0;1;;"test0";32288;50090320
480;-1389202;true;0.004004009881875311;0;1;;"test0";30298;50090320
480;1164009600;true;0.004004046605180653;0;1;;"test0";35450;50090320
480;-1078705625;true;0.004004046605180653;0;1;;"test0";29851;50090320
480;1697833056;true;0.004004046605180653;0;1;;"test0";29904;50090320
480;-775972863;true;0.004004046605180653;0;1;;"test0";33531;50090320
480;551634304;true;0.004004046605180653;0;1;;"test0";1;50090320
480;1502188914;true;0.004004046605180653;0;1;;"test0";26271;50090320
480;-566348324;true;0.004004046605180653;0;1;;"test0";33543;50090320
481;855187129;true;0.00286412671996196;0;1;;"test0";36567;50296681
481;943785613;true;0.003003432494279176;0;1;;"test0";33061;50296681
481;-1483783546;true;0.003003432494279176;0;1;;"test0";35291;50296681
481;-1424104945;true;0.003003432494279176;0;1;;"test0";34189;50296681
481;1905204187;true;0.003587630636028036;0;1;;"test0";35111;50296681
481;611554024;true;0.0035994427202612617;0;1;;"test0";26664;50296681
481;1124782255;true;0.0035994427202612617;0;1;;"test0";22470;50296681
481;1815329353;true;0.003796113882157877;0;1;;"test0";36758;50296681
481;-783442204;true;0.00381441603213614;0;1;;"test0";35096;50296681
481;-783442204;true;0.00381441603213614;0;1;;"test0";32135;50296681
481;1799095943;true;0.0038772401216338277;0;1;;"test0";30508;50296681
481;-1990894990;true;0.0038772401216338277;0;1;;"test0";32008;50296681
481;-80696263;true;0.003974565760437067;0;1;;"test0";30298;50296681
481;-428201095;true;0.0039777868600581745;0;1;;"test0";34534;50296681
481;658586248;true;0.0039777868600581745;0;1;;"test0";31465;50296681
481;2097113142;true;0.003984746109336189;0;1;;"test0";36094;50296681
481;617787496;true;0.003984746109336189;0;1;;"test0";37452;50296681
481;-1559582258;true;0.003994671878903513;0;1;;"test0";31856;50296681
481;1117825829;true;0.00399589151652645;0;1;;"test0";26908;50296681
481;1405844251;true;0.00399589151652645;0;1;;"test0";33959;50296681
481;-959499654;true;0.0039977549679655125;0;1;;"test0";35238;50296681
481;656925664;true;0.003999010362859953;0;1;;"test0";35300;50296681
481;-1033417838;true;0.003999010362859953;0;1;;"test0";33518;50296681
481;-210486971;true;0.004000149920955371;0;1;;"test0";31665;50296681
481;-210486971;true;0.004000149920955371;0;1;;"test0";31821;50296681
481;-1940748616;true;0.004001263105149405;0;1;;"test0";34720;50296681
481;-1940748616;true;0.004001263105149405;0;1;;"test0";32380;50296681
481;-1536351797;true;0.004001263105149405;0;1;;"test0";31684;50296681
481;-1636331011;true;0.004001263105149405;0;1;;"test0";31224;50296681
481;-1637847133;true;0.004001263105149405;0;1;;"test0";27711;50296681
481;1635789288;true;0.004002548904623852;0;1;;"test0";33127;50296681
481;1709213347;true;0.004002548904623852;0;1;;"test0";35159;50296681
481;-1371497408;true;0.004002548904623852;0;1;;"test0";30101;50296681
481;-932839743;true;0.004002548904623852;0;1;;"test0";29698;50296681
481;593963243;true;0.004002548904623852;0;1;;"test0";28038;50296681
481;1243695020;true;0.004002548904623852;0;1;;"test0";33807;50296681
481;1416191311;true;0.004002707102957967;0;1;;"test0";34946;50296681
481;-428539695;true;0.004002707102957967;0;1;;"test0";23820;50296681
481;-1363262288;true;0.004002707102957967;0;1;;"test0";35270;50296681
481;1433369809;true;0.004002707102957967;0;1;;"test0";27957;50296681
481;-428539695;true;0.004002707102957967;0;1;;"test0";22595;50296681
481;782393607;true;0.004004009881875311;0;1;;"test0";33902;50296681
481;364199184;true;0.004004009881875311;0;1;;"test0";33601;50296681
481;-2121678079;true;0.004004009881875311;0;1;;"test0";37091;50296681
481;-1721935657;true;0.004004009881875311;0;1;;"test0";30622;50296681
481;1667887238;true;0.004004009881875311;0;1;;"test0";36033;50296681
481;1502188914;true;0.004004046605180653;0;1;;"test0";2;50296681
481;-1693982842;true;0.004004046605180653;0;1;;"test0";35841;50296681
481;-566348324;true;0.004004046605180653;0;1;;"test0";4;50296681
481;551634304;true;0.004004046605180653;0;1;;"test0";35160;50296681
482;811647100;true;0.002864251378372982;0;1;;"test0";28826;50492696
482;106953925;true;0.002866698518872432;0;1;;"test0";30992;50492696
482;1727049012;true;0.003003432494279176;0;1;;"test0";34735;50492696
482;-1076742103;true;0.003003432494279176;0;1;;"test0";37906;50492696
482;1747442768;true;0.003003432494279176;0;1;;"test0";32992;50492696
482;1733102068;true;0.003003432494279176;0;1;;"test0";31030;50492696
482;-485724165;true;0.003003432494279176;0;1;;"test0";32897;50492696
482;217990791;true;0.003003432494279176;0;1;;"test0";30764;50492696
482;1149377750;true;0.003003432494279176;0;1;;"test0";34133;50492696
482;-429624199;true;0.0035755480409207082;0;1;;"test0";31417;50492696
482;1169277815;true;0.0035994427202612617;0;1;;"test0";33820;50492696
482;-873963291;true;0.0035994427202612617;0;1;;"test0";34133;50492696
482;611554024;true;0.0035994427202612617;0;1;;"test0";29896;50492696
482;-2110337615;true;0.00387881733252292;0;1;;"test0";34455;50492696
482;1311934564;true;0.00389307595072086;0;1;;"test0";33899;50492696
482;-689654768;true;0.003974565760437067;0;1;;"test0";30662;50492696
482;1751807696;true;0.003974565760437067;0;1;;"test0";27883;50492696
482;-363219876;true;0.0039859256410295744;0;1;;"test0";30128;50492696
482;896768752;true;0.003992276739029773;0;1;;"test0";37779;50492696
482;416762050;true;0.003992884985152531;0;1;;"test0";34780;50492696
482;-756690452;true;0.00399589151652645;0;1;;"test0";27281;50492696
482;524701581;true;0.003999010362859953;0;1;;"test0";26430;50492696
482;-1033417838;true;0.003999010362859953;0;1;;"test0";25761;50492696
482;-210486971;true;0.004000149920955371;0;1;;"test0";32141;50492696
482;-210486971;true;0.004000149920955371;0;1;;"test0";37629;50492696
482;-1940748616;true;0.004001263105149405;0;1;;"test0";37013;50492696
482;-1940748616;true;0.004001263105149405;0;1;;"test0";34878;50492696
482;-670947376;true;0.004001263105149405;0;1;;"test0";32410;50492696
482;-1636331011;true;0.004001263105149405;0;1;;"test0";27540;50492696
482;-1458716806;true;0.004001263105149405;0;1;;"test0";31790;50492696
482;1988119776;true;0.004002548904623852;0;1;;"test0";37833;50492696
482;1709213347;true;0.004002548904623852;0;1;;"test0";32105;50492696
482;1391840524;true;0.004002548904623852;0;1;;"test0";20174;50492696
482;680799267;true;0.004002548904623852;0;1;;"test0";21735;50492696
482;-932839743;true;0.004002548904623852;0;1;;"test0";25037;50492696
482;739600670;true;0.004002548904623852;0;1;;"test0";25654;50492696
482;-1710355515;true;0.004002548904623852;0;1;;"test0";37601;50492696
482;1416191311;true;0.004002707102957967;0;1;;"test0";34261;50492696
482;-1923398997;true;0.004002707102957967;0;1;;"test0";32995;50492696
482;-428539695;true;0.004002707102957967;0;1;;"test0";25004;50492696
482;-428539695;true;0.004002707102957967;0;1;;"test0";26896;50492696
482;-1426196773;true;0.004002707102957967;0;1;;"test0";21837;50492696
482;-1363262288;true;0.004002707102957967;0;1;;"test0";37768;50492696
482;-1262341646;true;0.004004009881875311;0;1;;"test0";31242;50492696
482;-157180786;true;0.004004009881875311;0;1;;"test0";37049;50492696
482;-566348324;true;0.004004046605180653;0;1;;"test0";2;50492696
482;-1693982842;true;0.004004046605180653;0;1;;"test0";30934;50492696
482;453415229;true;0.004004046605180653;0;1;;"test0";32589;50492696
482;551634304;true;0.004004046605180653;0;1;;"test0";2;50492696
482;-2074931146;true;0.004004046605180653;0;1;;"test0";20875;50492696
483;-612610541;true;0.00286427732079906;0;1;;"test0";35893;50689276
483;343543334;true;0.002942137953579601;0;1;;"test0";35893;50689276
483;564230171;true;0.003003432494279176;0;1;;"test0";24530;50689276
483;-128819113;true;0.003003432494279176;0;1;;"test0";23265;50689276
483;-1941850326;true;0.003003432494279176;0;1;;"test0";33666;50689276
483;-1145189202;true;0.0035753878016832863;0;1;;"test0";30052;50689276
483;57715804;true;0.0035755480409207082;0;1;;"test0";29601;50689276
483;-1349688545;true;0.0035757942474892073;0;1;;"test0";35897;50689276
483;-1244089796;true;0.0035994427202612617;0;1;;"test0";35859;50689276
483;687837219;true;0.0035994427202612617;0;1;;"test0";32965;50689276
483;1218230403;true;0.0035994427202612617;0;1;;"test0";22993;50689276
483;1751807696;true;0.003974565760437067;0;1;;"test0";25729;50689276
483;-30679546;true;0.003976700317334207;0;1;;"test0";22384;50689276
483;-363219876;true;0.0039859256410295744;0;1;;"test0";32550;50689276
483;2061182809;true;0.0039859256410295744;0;1;;"test0";32577;50689276
483;-363219876;true;0.0039859256410295744;0;1;;"test0";22707;50689276
483;-363219876;true;0.0039859256410295744;0;1;;"test0";39082;50689276
483;-2010060505;true;0.0039859256410295744;0;1;;"test0";39150;50689276
483;-420141504;true;0.0039859256410295744;0;1;;"test0";27140;50689276
483;-363219876;true;0.0039859256410295744;0;1;;"test0";32523;50689276
483;531146827;true;0.003992276739029773;0;1;;"test0";28743;50689276
483;1169232009;true;0.003992276739029773;0;1;;"test0";35912;50689276
483;896768752;true;0.003992276739029773;0;1;;"test0";32281;50689276
483;-623792277;true;0.003992884985152531;0;1;;"test0";28263;50689276
483;-983868487;true;0.003992884985152531;0;1;;"test0";32897;50689276
483;-751338507;true;0.00399589151652645;0;1;;"test0";26295;50689276
483;-1508558679;true;0.00399589151652645;0;1;;"test0";33780;50689276
483;-756690452;true;0.00399589151652645;0;1;;"test0";29849;50689276
483;-210486971;true;0.004000149920955371;0;1;;"test0";30152;50689276
483;-1778201548;true;0.004000149920955371;0;1;;"test0";21015;50689276
483;-1227004609;true;0.004000149920955371;0;1;;"test0";29940;50689276
483;-1150745987;true;0.004000149920955371;0;1;;"test0";24811;50689276
483;132656508;true;0.004000149920955371;0;1;;"test0";30770;50689276
483;-1636331011;true;0.004001263105149405;0;1;;"test0";26446;50689276
483;-1274652397;true;0.004001263105149405;0;1;;"test0";38924;50689276
483;586596061;true;0.004002548904623852;0;1;;"test0";34747;50689276
483;534931423;true;0.004002548904623852;0;1;;"test0";31476;50689276
483;297480986;true;0.004002548904623852;0;1;;"test0";39003;50689276
483;1309992522;true;0.004002707102957967;0;1;;"test0";34967;50689276
483;739716177;true;0.004002707102957967;0;1;;"test0";25374;50689276
483;1711057726;true;0.004002707102957967;0;1;;"test0";24958;50689276
483;-1095571936;true;0.004002707102957967;0;1;;"test0";27380;50689276
483;-428539695;true;0.004002707102957967;0;1;;"test0";33103;50689276
483;-761656103;true;0.004004046605180653;0;1;;"test0";24773;50689276
483;-2074931146;true;0.004004046605180653;0;1;;"test0";1;50689276
483;-1676168236;true;0.004004046605180653;0;1;;"test0";31920;50689276
483;1236135309;true;0.004004046605180653;0;1;;"test0";37075;50689276
483;1576277540;true;0.004004046605180653;0;1;;"test0";35259;50689276
483;551634304;true;0.004004046605180653;0;1;;"test0";1;50689276
483;-503448994;true;0.004004046605180653;0;1;;"test0";25095;50689276
484;1445468471;false;-1;0;1;;"test0";NaN;50890304
484;-909269503;true;0.002942137953579601;0;1;;"test0";33036;50890304
484;720484143;true;0.003003432494279176;0;1;;"test0";28206;50890304
484;297016008;true;0.003560502842570142;0;1;;"test0";36252;50890304
484;-1349688545;true;0.0035757942474892073;0;1;;"test0";30832;50890304
484;-579048139;true;0.0035757942474892073;0;1;;"test0";30725;50890304
484;2092214699;true;0.003599125052884278;0;1;;"test0";22283;50890304
484;592279781;true;0.0035994427202612617;0;1;;"test0";34373;50890304
484;1831009203;true;0.0035994427202612617;0;1;;"test0";28548;50890304
484;1059988151;true;0.0035997096405676484;0;1;;"test0";28513;50890304
484;576908328;true;0.003796113882157877;0;1;;"test0";34530;50890304
484;-752986306;true;0.0038780211351182588;0;1;;"test0";27857;50890304
484;186627845;true;0.003962843762711786;0;1;;"test0";32218;50890304
484;157186119;true;0.003974565760437067;0;1;;"test0";30721;50890304
484;705128875;true;0.003976700317334207;0;1;;"test0";30078;50890304
484;-24024356;true;0.0039859256410295744;0;1;;"test0";32189;50890304
484;-363219876;true;0.0039859256410295744;0;1;;"test0";34801;50890304
484;-363219876;true;0.0039859256410295744;0;1;;"test0";32221;50890304
484;2024663456;true;0.0039859256410295744;0;1;;"test0";27073;50890304
484;-379408107;true;0.0039859256410295744;0;1;;"test0";20636;50890304
484;-503026972;true;0.003992276739029773;0;1;;"test0";34286;50890304
484;531146827;true;0.003992276739029773;0;1;;"test0";30770;50890304
484;528751126;true;0.003992276739029773;0;1;;"test0";34458;50890304
484;-1854629562;true;0.003992276739029773;0;1;;"test0";36162;50890304
484;-751338507;true;0.00399589151652645;0;1;;"test0";35723;50890304
484;205610517;true;0.00399589151652645;0;1;;"test0";33746;50890304
484;742412529;true;0.004000149920955371;0;1;;"test0";31055;50890304
484;-1274652397;true;0.004001263105149405;0;1;;"test0";25168;50890304
484;-1274652397;true;0.004001263105149405;0;1;;"test0";15685;50890304
484;912086567;true;0.004002548904623852;0;1;;"test0";36213;50890304
484;1291012219;true;0.004002548904623852;0;1;;"test0";26381;50890304
484;586596061;true;0.004002548904623852;0;1;;"test0";27720;50890304
484;785246128;true;0.004002548904623852;0;1;;"test0";23320;50890304
484;744090571;true;0.004002548904623852;0;1;;"test0";36145;50890304
484;1917887542;true;0.004002707102957967;0;1;;"test0";36443;50890304
484;1562254653;true;0.004002707102957967;0;1;;"test0";22855;50890304
484;1711057726;true;0.004002707102957967;0;1;;"test0";36369;50890304
484;1711057726;true;0.004002707102957967;0;1;;"test0";30431;50890304
484;1711057726;true;0.004002707102957967;0;1;;"test0";29068;50890304
484;1711057726;true;0.004002707102957967;0;1;;"test0";25246;50890304
484;911269858;true;0.004002707102957967;0;1;;"test0";30732;50890304
484;-821315235;true;0.004004046605180653;0;1;;"test0";32201;50890304
484;687350511;true;0.004004046605180653;0;1;;"test0";35136;50890304
484;-342803128;true;0.004004046605180653;0;1;;"test0";25269;50890304
484;-503448994;true;0.004004046605180653;0;1;;"test0";3;50890304
484;-2134494034;true;0.004004046605180653;0;1;;"test0";29535;50890304
484;1576277540;true;0.004004046605180653;0;1;;"test0";27989;50890304
484;551634304;true;0.004004046605180653;0;1;;"test0";2;50890304
484;1576277540;true;0.004004046605180653;0;1;;"test0";30118;50890304
484;-1939602455;true;0.004004046605180653;0;1;;"test0";32122;50890304
485;-1219030605;true;0.00286427732079906;0;1;;"test0";27827;51087953
485;1504426040;true;0.003003432494279176;0;1;;"test0";23674;51087953
485;-1674880551;true;0.00344689699294992;0;1;;"test0";35557;51087953
485;15025157;true;0.0035757942474892073;0;1;;"test0";35371;51087953
485;655411538;true;0.0035757942474892073;0;1;;"test0";31632;51087953
485;1768832530;true;0.003576189876471084;0;1;;"test0";33094;51087953
485;-517832648;true;0.003599125052884278;0;1;;"test0";35305;51087953
485;2092214699;true;0.003599125052884278;0;1;;"test0";35716;51087953
485;1831009203;true;0.0035994427202612617;0;1;;"test0";32219;51087953
485;-921549872;true;0.0035994427202612617;0;1;;"test0";31130;51087953
485;-1658204549;true;0.0035994427202612617;0;1;;"test0";29253;51087953
485;-760669393;true;0.0035994427202612617;0;1;;"test0";32311;51087953
485;1059988151;true;0.0035997096405676484;0;1;;"test0";29209;51087953
485;1059988151;true;0.0035997096405676484;0;1;;"test0";23139;51087953
485;-1095879662;true;0.0035997096405676484;0;1;;"test0";37756;51087953
485;-244626068;true;0.003796113882157877;0;1;;"test0";26219;51087953
485;-2107649377;true;0.003796113882157877;0;1;;"test0";28453;51087953
485;-1127140546;true;0.003796113882157877;0;1;;"test0";23994;51087953
485;-752986306;true;0.0038780211351182588;0;1;;"test0";32239;51087953
485;-752986306;true;0.0038780211351182588;0;1;;"test0";30210;51087953
485;1027969087;true;0.003946798728395886;0;1;;"test0";31654;51087953
485;186627845;true;0.003962843762711786;0;1;;"test0";32402;51087953
485;6753556;true;0.003962843762711786;0;1;;"test0";32440;51087953
485;-506024314;true;0.003968749725498957;0;1;;"test0";28296;51087953
485;205045690;true;0.003976700317334207;0;1;;"test0";29073;51087953
485;292656384;true;0.003981412244461138;0;1;;"test0";28132;51087953
485;277632004;true;0.003983621571323676;0;1;;"test0";22898;51087953
485;93280556;true;0.0039859256410295744;0;1;;"test0";27023;51087953
485;1516665912;true;0.003988216654385998;0;1;;"test0";35462;51087953
485;-426646388;true;0.003992276739029773;0;1;;"test0";32452;51087953
485;531146827;true;0.003992276739029773;0;1;;"test0";28806;51087953
485;-71745433;true;0.003994671878903513;0;1;;"test0";35658;51087953
485;205610517;true;0.00399589151652645;0;1;;"test0";26675;51087953
485;709726877;true;0.00399589151652645;0;1;;"test0";35504;51087953
485;-1274652397;true;0.004001263105149405;0;1;;"test0";35526;51087953
485;1468584009;true;0.004001263105149405;0;1;;"test0";28565;51087953
485;-1274652397;true;0.004001263105149405;0;1;;"test0";32755;51087953
485;1820846975;true;0.004001263105149405;0;1;;"test0";32772;51087953
485;-1274652397;true;0.004001263105149405;0;1;;"test0";28190;51087953
485;1546642672;true;0.004001263105149405;0;1;;"test0";35567;51087953
485;-1274652397;true;0.004001263105149405;0;1;;"test0";27643;51087953
485;1711057726;true;0.004002707102957967;0;1;;"test0";36302;51087953
485;1467532165;true;0.004002707102957967;0;1;;"test0";38520;51087953
485;1277701231;true;0.004002707102957967;0;1;;"test0";27994;51087953
485;647700312;true;0.004004046605180653;0;1;;"test0";38076;51087953
485;-962426250;true;0.004004046605180653;0;1;;"test0";27114;51087953
485;1576277540;true;0.004004046605180653;0;1;;"test0";36435;51087953
485;-1256988610;true;0.004004046605180653;0;1;;"test0";26208;51087953
485;-1939602455;true;0.004004046605180653;0;1;;"test0";1;51087953
486;-1749588596;true;0.0028642005243457043;0;1;;"test0";28827;51280660
486;-1697682684;true;0.002942137953579601;0;1;;"test0";31091;51280660
486;-141533007;true;0.003003432494279176;0;1;;"test0";33347;51280660
486;-722591193;true;0.0035215107722845126;0;1;;"test0";36248;51280660
486;-1443111782;true;0.003557586116000347;0;1;;"test0";27751;51280660
486;502867505;true;0.0035760681959571276;0;1;;"test0";29411;51280660
486;-1370042496;true;0.0035994427202612617;0;1;;"test0";31043;51280660
486;-1658204549;true;0.0035994427202612617;0;1;;"test0";32862;51280660
486;1982707687;true;0.0035994427202612617;0;1;;"test0";22149;51280660
486;-1658204549;true;0.0035994427202612617;0;1;;"test0";33630;51280660
486;598396669;true;0.0035994427202612617;0;1;;"test0";28034;51280660
486;-739704561;true;0.0035997096405676484;0;1;;"test0";26641;51280660
486;1059988151;true;0.0035997096405676484;0;1;;"test0";38145;51280660
486;1034964693;true;0.0035997096405676484;0;1;;"test0";29085;51280660
486;1059988151;true;0.0035997096405676484;0;1;;"test0";36244;51280660
486;-1265830758;true;0.0037948640676368447;0;1;;"test0";22275;51280660
486;159312748;true;0.003796113882157877;0;1;;"test0";27764;51280660
486;-1127140546;true;0.003796113882157877;0;1;;"test0";23781;51280660
486;-1076806298;true;0.003796113882157877;0;1;;"test0";33011;51280660
486;150478614;true;0.0038230641462554914;0;1;;"test0";35665;51280660
486;1489808346;true;0.0038916218343862277;0;1;;"test0";21021;51280660
486;-1647153567;true;0.003962843762711786;0;1;;"test0";38165;51280660
486;441520;true;0.003976700317334207;0;1;;"test0";29917;51280660
486;1029440854;true;0.003976700317334207;0;1;;"test0";29857;51280660
486;1242798241;true;0.003976700317334207;0;1;;"test0";28194;51280660
486;205045690;true;0.003976700317334207;0;1;;"test0";31701;51280660
486;292656384;true;0.003981412244461138;0;1;;"test0";28059;51280660
486;292656384;true;0.003981412244461138;0;1;;"test0";28086;51280660
486;955436156;true;0.003981412244461138;0;1;;"test0";28080;51280660
486;-1828163329;true;0.003983621571323676;0;1;;"test0";30223;51280660
486;93280556;true;0.0039859256410295744;0;1;;"test0";27270;51280660
486;-1352730866;true;0.0039859256410295744;0;1;;"test0";36068;51280660
486;93280556;true;0.0039859256410295744;0;1;;"test0";28134;51280660
486;93280556;true;0.0039859256410295744;0;1;;"test0";33224;51280660
486;1302565979;true;0.003988216654385998;0;1;;"test0";36476;51280660
486;1516665912;true;0.003988216654385998;0;1;;"test0";31472;51280660
486;-426646388;true;0.003992276739029773;0;1;;"test0";29520;51280660
486;-71745433;true;0.003994671878903513;0;1;;"test0";34584;51280660
486;-71745433;true;0.003994671878903513;0;1;;"test0";36122;51280660
486;-71745433;true;0.003994671878903513;0;1;;"test0";33852;51280660
486;-38066158;true;0.003994671878903513;0;1;;"test0";34575;51280660
486;709726877;true;0.00399589151652645;0;1;;"test0";27185;51280660
486;1076152314;true;0.00399589151652645;0;1;;"test0";27169;51280660
486;735201284;true;0.004001263105149405;0;1;;"test0";26421;51280660
486;1467532165;true;0.004002707102957967;0;1;;"test0";26762;51280660
486;-1659737905;true;0.004002707102957967;0;1;;"test0";26357;51280660
486;658443639;true;0.004004046605180653;0;1;;"test0";35403;51280660
486;-1939602455;true;0.004004046605180653;0;1;;"test0";1;51280660
486;-1917529781;true;0.004004046605180653;0;1;;"test0";23641;51280660
486;-1256988610;true;0.004004046605180653;0;1;;"test0";1;51280660
487;1603131046;true;0.002002288329519451;0;1;;"test0";38729;51488322
487;1848256322;true;0.002574370709382151;0;1;;"test0";35026;51488322
487;-1748665780;true;0.00286427732079906;0;1;;"test0";38188;51488322
487;909959653;true;0.003003432494279176;0;1;;"test0";31504;51488322
487;-141533007;true;0.003003432494279176;0;1;;"test0";26767;51488322
487;-351540310;true;0.003003432494279176;0;1;;"test0";22607;51488322
487;-2076569363;true;0.0034531747145702153;0;1;;"test0";30738;51488322
487;-1160267121;true;0.0035755480409207082;0;1;;"test0";30050;51488322
487;502867505;true;0.0035760681959571276;0;1;;"test0";31739;51488322
487;-724165072;true;0.0035994427202612617;0;1;;"test0";37191;51488322
487;-315701767;true;0.0035994427202612617;0;1;;"test0";27891;51488322
487;1889509366;true;0.0035994427202612617;0;1;;"test0";38375;51488322
487;-1886867859;true;0.0035994427202612617;0;1;;"test0";27770;51488322
487;-358307556;true;0.0035994427202612617;0;1;;"test0";26706;51488322
487;-1658204549;true;0.0035994427202612617;0;1;;"test0";37591;51488322
487;-739704561;true;0.0035997096405676484;0;1;;"test0";31718;51488322
487;438574752;true;0.0035997096405676484;0;1;;"test0";33759;51488322
487;1059988151;true;0.0035997096405676484;0;1;;"test0";34057;51488322
487;-1265830758;true;0.0037948640676368447;0;1;;"test0";41788;51488322
487;101374150;true;0.0037948640676368447;0;1;;"test0";29989;51488322
487;-1477016788;true;0.0037948640676368447;0;1;;"test0";35007;51488322
487;159312748;true;0.003796113882157877;0;1;;"test0";37973;51488322
487;-1778471138;true;0.003796113882157877;0;1;;"test0";31101;51488322
487;2034664157;true;0.003796113882157877;0;1;;"test0";27760;51488322
487;-1076806298;true;0.003796113882157877;0;1;;"test0";38170;51488322
487;1954053374;true;0.0038230641462554914;0;1;;"test0";32625;51488322
487;-1449613539;true;0.0038230641462554914;0;1;;"test0";32103;51488322
487;1489808346;true;0.0038916218343862277;0;1;;"test0";30849;51488322
487;1489808346;true;0.0038916218343862277;0;1;;"test0";34832;51488322
487;379062661;true;0.003897479755204436;0;1;;"test0";34800;51488322
487;-1426979180;true;0.003971264222600891;0;1;;"test0";37974;51488322
487;-709938770;true;0.003973200558348784;0;1;;"test0";33959;51488322
487;441520;true;0.003976700317334207;0;1;;"test0";26090;51488322
487;1433518553;true;0.003976700317334207;0;1;;"test0";37868;51488322
487;685940328;true;0.003981412244461138;0;1;;"test0";37241;51488322
487;1245486285;true;0.003981412244461138;0;1;;"test0";28150;51488322
487;-1828163329;true;0.003983621571323676;0;1;;"test0";26130;51488322
487;829461264;true;0.0039859256410295744;0;1;;"test0";29609;51488322
487;-372172617;true;0.0039859256410295744;0;1;;"test0";38142;51488322
487;-1560221919;true;0.0039876752321978464;0;1;;"test0";21336;51488322
487;-1209969887;true;0.0039876752321978464;0;1;;"test0";38144;51488322
487;-1233169928;true;0.003988216654385998;0;1;;"test0";34512;51488322
487;-917679938;true;0.003988216654385998;0;1;;"test0";35324;51488322
487;1517818484;true;0.003992276739029773;0;1;;"test0";37857;51488322
487;1996142465;true;0.003992276739029773;0;1;;"test0";21720;51488322
487;1055411995;true;0.003994671878903513;0;1;;"test0";20238;51488322
487;-1256988610;true;0.004004046605180653;0;1;;"test0";3;51488322
487;-582902223;true;0.004004046605180653;0;1;;"test0";37319;51488322
487;-1663596710;true;0.004004046605180653;0;1;;"test0";40580;51488322
487;-1917529781;true;0.004004046605180653;0;1;;"test0";1;51488322
488;-1936599459;false;-1;0;1;;"test0";NaN;51681398
488;1181396925;true;0.002574370709382151;0;1;;"test0";32909;51681398
488;-637762883;true;0.0028640557361279133;0;1;;"test0";30618;51681398
488;1889999442;true;0.0028640557361279133;0;1;;"test0";18194;51681398
488;1757446454;true;0.00286427732079906;0;1;;"test0";31961;51681398
488;1438481784;true;0.00286427732079906;0;1;;"test0";22867;51681398
488;-375545056;true;0.002942137953579601;0;1;;"test0";30829;51681398
488;-1183039444;true;0.002942137953579601;0;1;;"test0";21970;51681398
488;-1365072713;true;0.003559595335839467;0;1;;"test0";21415;51681398
488;951907959;true;0.0035755480409207082;0;1;;"test0";19868;51681398
488;994668006;true;0.0035755480409207082;0;1;;"test0";19673;51681398
488;369850156;true;0.003576887411299916;0;1;;"test0";25053;51681398
488;-1819271201;true;0.0035994427202612617;0;1;;"test0";38747;51681398
488;-1658204549;true;0.0035994427202612617;0;1;;"test0";23173;51681398
488;-1886867859;true;0.0035994427202612617;0;1;;"test0";35464;51681398
488;-1658204549;true;0.0035994427202612617;0;1;;"test0";35986;51681398
488;-48139122;true;0.0035994427202612617;0;1;;"test0";20319;51681398
488;-1977766640;true;0.0037948640676368447;0;1;;"test0";29226;51681398
488;-709061125;true;0.0037948640676368447;0;1;;"test0";23044;51681398
488;-2043313050;true;0.0037948640676368447;0;1;;"test0";23387;51681398
488;1569368540;true;0.0037948640676368447;0;1;;"test0";23256;51681398
488;-172790295;true;0.003796113882157877;0;1;;"test0";19454;51681398
488;-2061194765;true;0.0038230641462554914;0;1;;"test0";26116;51681398
488;-152072492;true;0.0038230641462554914;0;1;;"test0";18232;51681398
488;-903622057;true;0.0038230641462554914;0;1;;"test0";29289;51681398
488;1954053374;true;0.0038230641462554914;0;1;;"test0";34821;51681398
488;1489808346;true;0.0038916218343862277;0;1;;"test0";34049;51681398
488;-1550074341;true;0.0038916218343862277;0;1;;"test0";29372;51681398
488;-2006155122;true;0.0038916218343862277;0;1;;"test0";23730;51681398
488;1489808346;true;0.0038916218343862277;0;1;;"test0";36686;51681398
488;-1187725551;true;0.0038951459518587737;0;1;;"test0";34866;51681398
488;1120104262;true;0.003967486555095063;0;1;;"test0";34967;51681398
488;2091333256;true;0.0039694437970759;0;1;;"test0";24892;51681398
488;1975707374;true;0.003971264222600891;0;1;;"test0";31317;51681398
488;326301557;true;0.003973200558348784;0;1;;"test0";20516;51681398
488;-2019311644;true;0.003974565760437067;0;1;;"test0";26373;51681398
488;441520;true;0.003976700317334207;0;1;;"test0";38120;51681398
488;1979418378;true;0.003981412244461138;0;1;;"test0";21116;51681398
488;-372172617;true;0.0039859256410295744;0;1;;"test0";29537;51681398
488;1517818484;true;0.003992276739029773;0;1;;"test0";38685;51681398
488;2132287487;true;0.003994671878903513;0;1;;"test0";27590;51681398
488;525824500;true;0.00399589151652645;0;1;;"test0";38717;51681398
488;55774660;true;0.004002548904623852;0;1;;"test0";32674;51681398
488;-1917529781;true;0.004004046605180653;0;1;;"test0";4;51681398
488;1197035767;true;0.004004046605180653;0;1;;"test0";30971;51681398
488;-1256988610;true;0.004004046605180653;0;1;;"test0";34475;51681398
488;378199949;true;0.004004046605180653;0;1;;"test0";36385;51681398
488;-1663596710;true;0.004004046605180653;0;1;;"test0";2;51681398
488;-582902223;true;0.004004046605180653;0;1;;"test0";33026;51681398
488;1879754239;true;0.004004046605180653;0;1;;"test0";35076;51681398
489;406348052;true;0.00286427732079906;0;1;;"test0";26953;51867852
489;-1988656756;true;0.003003432494279176;0;1;;"test0";23521;51867852
489;-843156657;true;0.003003432494279176;0;1;;"test0";22984;51867852
489;619958573;true;0.003560359580230288;0;1;;"test0";19887;51867852
489;994668006;true;0.0035755480409207082;0;1;;"test0";28163;51867852
489;994668006;true;0.0035755480409207082;0;1;;"test0";27288;51867852
489;1126978850;true;0.003576887411299916;0;1;;"test0";26812;51867852
489;369850156;true;0.003576887411299916;0;1;;"test0";28197;51867852
489;-1181848173;true;0.0035770398347859406;0;1;;"test0";33711;51867852
489;184633571;true;0.0035994427202612617;0;1;;"test0";22487;51867852
489;1205002981;true;0.0035994427202612617;0;1;;"test0";25730;51867852
489;-736727059;true;0.0037948640676368447;0;1;;"test0";28272;51867852
489;-1977766640;true;0.0037948640676368447;0;1;;"test0";30093;51867852
489;1603823175;true;0.0038004342194965478;0;1;;"test0";28182;51867852
489;1784692013;true;0.003822835179776776;0;1;;"test0";30746;51867852
489;-472682699;true;0.003822835179776776;0;1;;"test0";38269;51867852
489;1835195436;true;0.0038230641462554914;0;1;;"test0";25032;51867852
489;-152072492;true;0.0038230641462554914;0;1;;"test0";32806;51867852
489;1311798733;true;0.0038230641462554914;0;1;;"test0";37518;51867852
489;-903622057;true;0.0038230641462554914;0;1;;"test0";27934;51867852
489;2081966000;true;0.003883749796821244;0;1;;"test0";27382;51867852
489;-244227144;true;0.0038951459518587737;0;1;;"test0";33815;51867852
489;-932125301;true;0.003967486555095063;0;1;;"test0";30181;51867852
489;-1347394507;true;0.0039694437970759;0;1;;"test0";27707;51867852
489;428190437;true;0.0039694437970759;0;1;;"test0";37696;51867852
489;-912759185;true;0.003973200558348784;0;1;;"test0";27955;51867852
489;-628193291;true;0.003973200558348784;0;1;;"test0";29804;51867852
489;-9974181;true;0.003973200558348784;0;1;;"test0";37792;51867852
489;1359023947;true;0.003973200558348784;0;1;;"test0";29223;51867852
489;245624260;true;0.003976700317334207;0;1;;"test0";20080;51867852
489;1963915598;true;0.003976700317334207;0;1;;"test0";23009;51867852
489;-1693055931;true;0.003981412244461138;0;1;;"test0";34118;51867852
489;-372172617;true;0.0039859256410295744;0;1;;"test0";27166;51867852
489;278115143;true;0.003988216654385998;0;1;;"test0";29319;51867852
489;1517818484;true;0.003992276739029773;0;1;;"test0";28074;51867852
489;-1090925847;true;0.003992276739029773;0;1;;"test0";32567;51867852
489;1517818484;true;0.003992276739029773;0;1;;"test0";32725;51867852
489;388212134;true;0.003994671878903513;0;1;;"test0";34333;51867852
489;525824500;true;0.00399589151652645;0;1;;"test0";32846;51867852
489;525824500;true;0.00399589151652645;0;1;;"test0";33544;51867852
489;-654861205;true;0.00399589151652645;0;1;;"test0";31237;51867852
489;1881928484;true;0.004001263105149405;0;1;;"test0";38166;51867852
489;-971767890;true;0.004001263105149405;0;1;;"test0";33151;51867852
489;55774660;true;0.004002548904623852;0;1;;"test0";24437;51867852
489;-1750313833;true;0.004002548904623852;0;1;;"test0";22724;51867852
489;1323945318;true;0.004002548904623852;0;1;;"test0";27099;51867852
489;55774660;true;0.004002548904623852;0;1;;"test0";26534;51867852
489;55774660;true;0.004002548904623852;0;1;;"test0";22711;51867852
489;1879754239;true;0.004004046605180653;0;1;;"test0";1;51867852
489;-582902223;true;0.004004046605180653;0;1;;"test0";1;51867852
490;713281781;true;0.003003432494279176;0;1;;"test0";30155;52066278
490;-843156657;true;0.003003432494279176;0;1;;"test0";29455;52066278
490;-754977663;true;0.003003432494279176;0;1;;"test0";25082;52066278
490;-1521292020;true;0.003051106025934401;0;1;;"test0";33803;52066278
490;1496817631;true;0.003051106025934401;0;1;;"test0";31438;52066278
490;1335406012;true;0.0035778932551545793;0;1;;"test0";31611;52066278
490;-195720236;true;0.003586008569735558;0;1;;"test0";26158;52066278
490;-2100349282;true;0.003586447812172384;0;1;;"test0";32917;52066278
490;852690645;true;0.0035994427202612617;0;1;;"test0";35174;52066278
490;-2108589258;true;0.0035994427202612617;0;1;;"test0";34962;52066278
490;-129541752;true;0.0035994427202612617;0;1;;"test0";26305;52066278
490;-846812709;true;0.0035994427202612617;0;1;;"test0";35874;52066278
490;-794750601;true;0.003796113882157877;0;1;;"test0";30084;52066278
490;-783645929;true;0.003797630012932902;0;1;;"test0";28118;52066278
490;1603823175;true;0.0038004342194965478;0;1;;"test0";38510;52066278
490;1314005481;true;0.003883749796821244;0;1;;"test0";34580;52066278
490;-244227144;true;0.0038951459518587737;0;1;;"test0";31322;52066278
490;169440205;true;0.0038951459518587737;0;1;;"test0";30099;52066278
490;-1280806842;true;0.003971264222600891;0;1;;"test0";27406;52066278
490;245624260;true;0.003976700317334207;0;1;;"test0";35811;52066278
490;-1734253550;true;0.003976700317334207;0;1;;"test0";36159;52066278
490;1837571893;true;0.003981412244461138;0;1;;"test0";33965;52066278
490;-372172617;true;0.0039859256410295744;0;1;;"test0";21859;52066278
490;864880164;true;0.0039859256410295744;0;1;;"test0";31592;52066278
490;-372172617;true;0.0039859256410295744;0;1;;"test0";25108;52066278
490;-372172617;true;0.0039859256410295744;0;1;;"test0";35833;52066278
490;-372172617;true;0.0039859256410295744;0;1;;"test0";35142;52066278
490;-372172617;true;0.0039859256410295744;0;1;;"test0";25660;52066278
490;-372172617;true;0.0039859256410295744;0;1;;"test0";31388;52066278
490;-183961697;true;0.0039859256410295744;0;1;;"test0";35194;52066278
490;-372172617;true;0.0039859256410295744;0;1;;"test0";29803;52066278
490;278115143;true;0.003988216654385998;0;1;;"test0";29784;52066278
490;129451795;true;0.003992276739029773;0;1;;"test0";31687;52066278
490;1517818484;true;0.003992276739029773;0;1;;"test0";27490;52066278
490;-319162166;true;0.003992276739029773;0;1;;"test0";25782;52066278
490;354911918;true;0.003994671878903513;0;1;;"test0";34014;52066278
490;-1276126580;true;0.003994671878903513;0;1;;"test0";33941;52066278
490;-869180800;true;0.003994671878903513;0;1;;"test0";34270;52066278
490;525824500;true;0.00399589151652645;0;1;;"test0";21994;52066278
490;525824500;true;0.00399589151652645;0;1;;"test0";20882;52066278
490;-1750313833;true;0.004002548904623852;0;1;;"test0";20895;52066278
490;55774660;true;0.004002548904623852;0;1;;"test0";32954;52066278
490;55774660;true;0.004002548904623852;0;1;;"test0";32867;52066278
490;1342070700;true;0.004002548904623852;0;1;;"test0";30120;52066278
490;1979143528;true;0.004004046605180653;0;1;;"test0";28431;52066278
490;-582902223;true;0.004004046605180653;0;1;;"test0";2;52066278
490;1879754239;true;0.004004046605180653;0;1;;"test0";36575;52066278
490;1335851056;true;0.004004046605180653;0;1;;"test0";30105;52066278
490;1218312161;true;0.004004046605180653;0;1;;"test0";34198;52066278
491;-1990487222;false;-1;0;0;;;34249;52260608
491;-1969169293;true;0.0028642005243457043;0;1;;"test0";37186;52260608
491;-1909162764;true;0.0028642005243457043;0;1;;"test0";33049;52260608
491;1216415859;true;0.0035755480409207082;0;1;;"test0";28454;52260608
491;1058921499;true;0.0035778932551545793;0;1;;"test0";31458;52260608
491;1335406012;true;0.0035778932551545793;0;1;;"test0";28708;52260608
491;1893793266;true;0.0035994427202612617;0;1;;"test0";34014;52260608
491;1336356518;true;0.003784529889194991;0;1;;"test0";27120;52260608
491;-873762162;true;0.003796113882157877;0;1;;"test0";27625;52260608
491;-1441327274;true;0.0038004342194965478;0;1;;"test0";33698;52260608
491;1603823175;true;0.0038004342194965478;0;1;;"test0";21363;52260608
491;-370361266;true;0.0038004342194965478;0;1;;"test0";37149;52260608
491;-1086004379;true;0.0038004342194965478;0;1;;"test0";33120;52260608
491;561981967;true;0.0038004342194965478;0;1;;"test0";20192;52260608
491;352627057;true;0.003800487146463087;0;1;;"test0";37028;52260608
491;1314005481;true;0.003883749796821244;0;1;;"test0";31692;52260608
491;-1280806842;true;0.003971264222600891;0;1;;"test0";35809;52260608
491;1782199920;true;0.003974565760437067;0;1;;"test0";22080;52260608
491;245624260;true;0.003976700317334207;0;1;;"test0";24867;52260608
491;245624260;true;0.003976700317334207;0;1;;"test0";22838;52260608
491;168470288;true;0.003981412244461138;0;1;;"test0";34103;52260608
491;874903512;true;0.003981412244461138;0;1;;"test0";33526;52260608
491;-561421562;true;0.003981895431644931;0;1;;"test0";31092;52260608
491;-1374298059;true;0.0039859256410295744;0;1;;"test0";34693;52260608
491;-997642225;true;0.003988216654385998;0;1;;"test0";34383;52260608
491;-768888103;true;0.003988216654385998;0;1;;"test0";33693;52260608
491;-1466585905;true;0.003991100707597641;0;1;;"test0";26870;52260608
491;1396654481;true;0.003992276739029773;0;1;;"test0";34042;52260608
491;-1829040701;true;0.003992276739029773;0;1;;"test0";20989;52260608
491;680601564;true;0.003992276739029773;0;1;;"test0";28104;52260608
491;1153234180;true;0.003992276739029773;0;1;;"test0";35499;52260608
491;-1812776432;true;0.003992276739029773;0;1;;"test0";21166;52260608
491;-1874240959;true;0.003992276739029773;0;1;;"test0";37065;52260608
491;-777153040;true;0.003992276739029773;0;1;;"test0";29208;52260608
491;354911918;true;0.003994671878903513;0;1;;"test0";30665;52260608
491;354911918;true;0.003994671878903513;0;1;;"test0";32987;52260608
491;525824500;true;0.00399589151652645;0;1;;"test0";26068;52260608
491;525824500;true;0.00399589151652645;0;1;;"test0";32997;52260608
491;1484669959;true;0.00399589151652645;0;1;;"test0";32909;52260608
491;-1138014822;true;0.00399589151652645;0;1;;"test0";26407;52260608
491;-69019072;true;0.004002548904623852;0;1;;"test0";33397;52260608
491;103708723;true;0.004002548904623852;0;1;;"test0";25780;52260608
491;1218312161;true;0.004004046605180653;0;1;;"test0";3;52260608
491;1335851056;true;0.004004046605180653;0;1;;"test0";1;52260608
491;1390635941;true;0.004004046605180653;0;1;;"test0";27925;52260608
491;1879754239;true;0.004004046605180653;0;1;;"test0";27255;52260608
491;1879754239;true;0.004004046605180653;0;1;;"test0";36803;52260608
491;1162741510;true;0.004004046605180653;0;1;;"test0";34245;52260608
491;2124086582;true;0.004004046605180653;0;1;;"test0";27602;52260608
491;486724286;true;0.004004046605180653;0;1;;"test0";31273;52260608
492;332079572;true;0.00286412671996196;0;1;;"test0";25015;52449736
492;-1296724707;true;0.002942137953579601;0;1;;"test0";17716;52449736
492;-1474223016;true;0.003003432494279176;0;1;;"test0";24783;52449736
492;-2043388642;true;0.0035755480409207082;0;1;;"test0";24527;52449736
492;1216415859;true;0.0035755480409207082;0;1;;"test0";21223;52449736
492;-555988769;true;0.0035994427202612617;0;1;;"test0";28465;52449736
492;1999690920;true;0.0035994427202612617;0;1;;"test0";36957;52449736
492;-1934057969;true;0.0035994427202612617;0;1;;"test0";36818;52449736
492;-1498959003;true;0.003791106590034999;0;1;;"test0";32879;52449736
492;-1882410181;true;0.003971264222600891;0;1;;"test0";27472;52449736
492;-1280806842;true;0.003971264222600891;0;1;;"test0";30931;52449736
492;-438601594;true;0.003971264222600891;0;1;;"test0";31922;52449736
492;-1703736307;true;0.003976700317334207;0;1;;"test0";33256;52449736
492;51466458;true;0.003976700317334207;0;1;;"test0";31765;52449736
492;245624260;true;0.003976700317334207;0;1;;"test0";19533;52449736
492;-593218646;true;0.003976700317334207;0;1;;"test0";34081;52449736
492;-1436134251;true;0.003979704703478041;0;1;;"test0";33543;52449736
492;-1097578984;true;0.003981412244461138;0;1;;"test0";32144;52449736
492;-816708995;true;0.003981412244461138;0;1;;"test0";27516;52449736
492;1482389949;true;0.003981412244461138;0;1;;"test0";34422;52449736
492;482592167;true;0.003981895431644931;0;1;;"test0";37316;52449736
492;-561421562;true;0.003981895431644931;0;1;;"test0";19880;52449736
492;860059275;true;0.003981895431644931;0;1;;"test0";31142;52449736
492;-1868720554;true;0.003985425906272067;0;1;;"test0";36374;52449736
492;89192769;true;0.0039859256410295744;0;1;;"test0";37035;52449736
492;-1374298059;true;0.0039859256410295744;0;1;;"test0";34699;52449736
492;-1374298059;true;0.0039859256410295744;0;1;;"test0";28575;52449736
492;-607122525;true;0.0039859256410295744;0;1;;"test0";29007;52449736
492;-1374298059;true;0.0039859256410295744;0;1;;"test0";31109;52449736
492;90982220;true;0.0039859256410295744;0;1;;"test0";30310;52449736
492;-768888103;true;0.003988216654385998;0;1;;"test0";29100;52449736
492;-1422735434;true;0.003988216654385998;0;1;;"test0";23784;52449736
492;-862986939;true;0.003988216654385998;0;1;;"test0";24221;52449736
492;-997642225;true;0.003988216654385998;0;1;;"test0";19198;52449736
492;560221226;true;0.003991100707597641;0;1;;"test0";35924;52449736
492;1396654481;true;0.003992276739029773;0;1;;"test0";37491;52449736
492;-1952470567;true;0.003992276739029773;0;1;;"test0";29552;52449736
492;774056611;true;0.003994671878903513;0;1;;"test0";33285;52449736
492;1554001868;true;0.003994671878903513;0;1;;"test0";37709;52449736
492;354911918;true;0.003994671878903513;0;1;;"test0";28945;52449736
492;354911918;true;0.003994671878903513;0;1;;"test0";26940;52449736
492;525824500;true;0.00399589151652645;0;1;;"test0";22399;52449736
492;-2032167194;true;0.00399589151652645;0;1;;"test0";26861;52449736
492;1379256630;true;0.00399589151652645;0;1;;"test0";36213;52449736
492;525824500;true;0.00399589151652645;0;1;;"test0";35089;52449736
492;-1951163681;true;0.00399589151652645;0;1;;"test0";26840;52449736
492;1858159310;true;0.004002548904623852;0;1;;"test0";28393;52449736
492;2124086582;true;0.004004046605180653;0;1;;"test0";28334;52449736
492;486724286;true;0.004004046605180653;0;1;;"test0";1;52449736
493;-1830922820;true;0.003003432494279176;0;1;;"test0";23510;52646577
493;1754286526;true;0.003003432494279176;0;1;;"test0";36723;52646577
493;-815999881;true;0.003003432494279176;0;1;;"test0";36685;52646577
493;-317519243;true;0.003559329943888112;0;1;;"test0";31415;52646577
493;-2074303279;true;0.0035753068734544133;0;1;;"test0";31361;52646577
493;1116629595;true;0.003576382673416593;0;1;;"test0";23132;52646577
493;789123075;true;0.0035770398347859406;0;1;;"test0";40383;52646577
493;354300427;true;0.003796113882157877;0;1;;"test0";33421;52646577
493;540478592;true;0.0038167926662580247;0;1;;"test0";26464;52646577
493;581179033;true;0.003886592346508793;0;1;;"test0";24317;52646577
493;-227861536;true;0.003971264222600891;0;1;;"test0";30414;52646577
493;1191240377;true;0.003979704703478041;0;1;;"test0";40580;52646577
493;829551370;true;0.003979704703478041;0;1;;"test0";32238;52646577
493;-1436134251;true;0.003979704703478041;0;1;;"test0";32873;52646577
493;468738436;true;0.003981412244461138;0;1;;"test0";29719;52646577
493;-1605392583;true;0.003981412244461138;0;1;;"test0";27958;52646577
493;-561421562;true;0.003981895431644931;0;1;;"test0";40445;52646577
493;482592167;true;0.003981895431644931;0;1;;"test0";23029;52646577
493;473849760;true;0.003981895431644931;0;1;;"test0";32356;52646577
493;482592167;true;0.003981895431644931;0;1;;"test0";23740;52646577
493;1968824589;true;0.003981895431644931;0;1;;"test0";37136;52646577
493;-9542432;true;0.003981895431644931;0;1;;"test0";25871;52646577
493;1532286483;true;0.003981895431644931;0;1;;"test0";37082;52646577
493;-1378991961;true;0.003983621571323676;0;1;;"test0";40442;52646577
493;-1868720554;true;0.003985425906272067;0;1;;"test0";23392;52646577
493;-1374298059;true;0.0039859256410295744;0;1;;"test0";28126;52646577
493;1977596103;true;0.0039859256410295744;0;1;;"test0";28459;52646577
493;1597244571;true;0.003988216654385998;0;1;;"test0";31569;52646577
493;-768888103;true;0.003988216654385998;0;1;;"test0";37029;52646577
493;788039466;true;0.003988216654385998;0;1;;"test0";32432;52646577
493;-768888103;true;0.003988216654385998;0;1;;"test0";37139;52646577
493;-997642225;true;0.003988216654385998;0;1;;"test0";32403;52646577
493;-1859593512;true;0.003991100707597641;0;1;;"test0";34537;52646577
493;635364222;true;0.003991100707597641;0;1;;"test0";26088;52646577
493;560221226;true;0.003991100707597641;0;1;;"test0";23129;52646577
493;-1365550257;true;0.003992276739029773;0;1;;"test0";29011;52646577
493;163450186;true;0.003992276739029773;0;1;;"test0";37640;52646577
493;1920758151;true;0.003992276739029773;0;1;;"test0";23662;52646577
493;261561475;true;0.003992276739029773;0;1;;"test0";34485;52646577
493;695194282;true;0.003992276739029773;0;1;;"test0";24973;52646577
493;1423299287;true;0.00399589151652645;0;1;;"test0";31420;52646577
493;-1951163681;true;0.00399589151652645;0;1;;"test0";33325;52646577
493;1237790374;true;0.00399589151652645;0;1;;"test0";34034;52646577
493;1858159310;true;0.004002548904623852;0;1;;"test0";31688;52646577
493;619436513;true;0.004004046605180653;0;1;;"test0";35005;52646577
493;-1363309581;true;0.004004046605180653;0;1;;"test0";32033;52646577
493;2124086582;true;0.004004046605180653;0;1;;"test0";23387;52646577
493;486724286;true;0.004004046605180653;0;1;;"test0";2;52646577
493;1503018479;true;0.004004046605180653;0;1;;"test0";23417;52646577
494;-172054941;true;0.002574370709382151;0;1;;"test0";28037;52845086
494;-2050130048;true;0.002574370709382151;0;1;;"test0";30951;52845086
494;1403476509;true;0.00286412671996196;0;1;;"test0";35211;52845086
494;1803036331;true;0.00286412671996196;0;1;;"test0";39498;52845086
494;-1538523535;true;0.0028642005243457043;0;1;;"test0";25382;52845086
494;-956477655;true;0.00286427732079906;0;1;;"test0";32712;52845086
494;-214945605;true;0.003003432494279176;0;1;;"test0";27330;52845086
494;-707915367;true;0.003003432494279176;0;1;;"test0";22978;52845086
494;1754286526;true;0.003003432494279176;0;1;;"test0";30114;52845086
494;-1230608577;true;0.003003432494279176;0;1;;"test0";19016;52845086
494;2070759230;true;0.003003432494279176;0;1;;"test0";30602;52845086
494;-1470695774;true;0.003493201820574352;0;1;;"test0";34115;52845086
494;1116629595;true;0.003576382673416593;0;1;;"test0";20969;52845086
494;-996796926;true;0.0035767640679486294;0;1;;"test0";34470;52845086
494;-535110634;true;0.00357711527662415;0;1;;"test0";28728;52845086
494;-1010599404;true;0.0035994427202612617;0;1;;"test0";26070;52845086
494;299385191;true;0.0035994427202612617;0;1;;"test0";39588;52845086
494;-1933557813;true;0.0035997096405676484;0;1;;"test0";33545;52845086
494;-22158866;true;0.003796113882157877;0;1;;"test0";30122;52845086
494;-227861536;true;0.003971264222600891;0;1;;"test0";34492;52845086
494;-227861536;true;0.003971264222600891;0;1;;"test0";33941;52845086
494;-1686335351;true;0.003971264222600891;0;1;;"test0";32638;52845086
494;803382087;true;0.003979704703478041;0;1;;"test0";35339;52845086
494;829551370;true;0.003979704703478041;0;1;;"test0";26648;52845086
494;482592167;true;0.003981895431644931;0;1;;"test0";26459;52845086
494;1804235411;true;0.003981895431644931;0;1;;"test0";39440;52845086
494;482592167;true;0.003981895431644931;0;1;;"test0";31561;52845086
494;473849760;true;0.003981895431644931;0;1;;"test0";35359;52845086
494;1936404762;true;0.003983621571323676;0;1;;"test0";26724;52845086
494;-1378991961;true;0.003983621571323676;0;1;;"test0";27402;52845086
494;-1868720554;true;0.003985425906272067;0;1;;"test0";34924;52845086
494;1196930526;true;0.003985425906272067;0;1;;"test0";27724;52845086
494;961266962;true;0.0039859256410295744;0;1;;"test0";35777;52845086
494;-923243444;true;0.0039859256410295744;0;1;;"test0";25479;52845086
494;-997642225;true;0.003988216654385998;0;1;;"test0";34210;52845086
494;788039466;true;0.003988216654385998;0;1;;"test0";33178;52845086
494;-1136664509;true;0.003988216654385998;0;1;;"test0";20688;52845086
494;-460820964;true;0.003988216654385998;0;1;;"test0";26379;52845086
494;-997642225;true;0.003988216654385998;0;1;;"test0";24559;52845086
494;266114040;true;0.003991100707597641;0;1;;"test0";30267;52845086
494;278415871;true;0.003992276739029773;0;1;;"test0";30104;52845086
494;-1446859193;true;0.003992276739029773;0;1;;"test0";20948;52845086
494;-495007924;true;0.003994671878903513;0;1;;"test0";34777;52845086
494;-1951163681;true;0.00399589151652645;0;1;;"test0";28128;52845086
494;614441754;true;0.00399589151652645;0;1;;"test0";30169;52845086
494;1237790374;true;0.00399589151652645;0;1;;"test0";32369;52845086
494;-1951163681;true;0.00399589151652645;0;1;;"test0";26403;52845086
494;1165405019;true;0.004002548904623852;0;1;;"test0";30226;52845086
494;486724286;true;0.004004046605180653;0;1;;"test0";1;52845086
494;1503018479;true;0.004004046605180653;0;1;;"test0";1;52845086
495;-1069119222;true;0.0028640557361279133;0;1;;"test0";28690;53042812
495;-615530241;true;0.003003432494279176;0;1;;"test0";36703;53042812
495;-983433848;true;0.003003432494279176;0;1;;"test0";36752;53042812
495;-632558140;true;0.003003432494279176;0;1;;"test0";28044;53042812
495;-1722706395;true;0.003003432494279176;0;1;;"test0";28758;53042812
495;391805337;true;0.003003432494279176;0;1;;"test0";26666;53042812
495;1790318420;true;0.0035755480409207082;0;1;;"test0";21182;53042812
495;697103070;true;0.0035760681959571276;0;1;;"test0";37123;53042812
495;135043564;true;0.0035761476166792762;0;1;;"test0";36095;53042812
495;2039303499;true;0.003576304850000565;0;1;;"test0";34245;53042812
495;-2091544206;true;0.003576382673416593;0;1;;"test0";34430;53042812
495;-1161784774;true;0.0035994427202612617;0;1;;"test0";35135;53042812
495;-338989858;true;0.0035997096405676484;0;1;;"test0";35194;53042812
495;-1336498143;true;0.0037151263284514544;0;1;;"test0";26445;53042812
495;-193251236;true;0.003796113882157877;0;1;;"test0";28784;53042812
495;-1702168043;true;0.003980326990020503;0;1;;"test0";29971;53042812
495;-903221520;true;0.003983621571323676;0;1;;"test0";27491;53042812
495;-1378991961;true;0.003983621571323676;0;1;;"test0";25772;53042812
495;-1378991961;true;0.003983621571323676;0;1;;"test0";24569;53042812
495;1583084585;true;0.003983621571323676;0;1;;"test0";29990;53042812
495;1936404762;true;0.003983621571323676;0;1;;"test0";28380;53042812
495;1650287795;true;0.003983621571323676;0;1;;"test0";27382;53042812
495;-585269404;true;0.003983621571323676;0;1;;"test0";30577;53042812
495;-1378991961;true;0.003983621571323676;0;1;;"test0";35470;53042812
495;1301679753;true;0.003985425906272067;0;1;;"test0";29524;53042812
495;1196930526;true;0.003985425906272067;0;1;;"test0";32554;53042812
495;-923243444;true;0.0039859256410295744;0;1;;"test0";22647;53042812
495;997195490;true;0.0039859256410295744;0;1;;"test0";22528;53042812
495;961266962;true;0.0039859256410295744;0;1;;"test0";28209;53042812
495;961266962;true;0.0039859256410295744;0;1;;"test0";29319;53042812
495;-1093580742;true;0.003988216654385998;0;1;;"test0";25875;53042812
495;788039466;true;0.003988216654385998;0;1;;"test0";34358;53042812
495;487510430;true;0.003988216654385998;0;1;;"test0";33745;53042812
495;-460820964;true;0.003988216654385998;0;1;;"test0";27848;53042812
495;-2078133799;true;0.003988216654385998;0;1;;"test0";32001;53042812
495;-404394729;true;0.003988216654385998;0;1;;"test0";36004;53042812
495;266114040;true;0.003991100707597641;0;1;;"test0";26159;53042812
495;-495007924;true;0.003994671878903513;0;1;;"test0";34441;53042812
495;-1030415666;true;0.003994671878903513;0;1;;"test0";32201;53042812
495;1237790374;true;0.00399589151652645;0;1;;"test0";34180;53042812
495;942103807;true;0.00399589151652645;0;1;;"test0";37514;53042812
495;1237790374;true;0.00399589151652645;0;1;;"test0";36700;53042812
495;-331558428;true;0.00399589151652645;0;1;;"test0";36347;53042812
495;1765481346;true;0.004002548904623852;0;1;;"test0";26734;53042812
495;423421823;true;0.004002548904623852;0;1;;"test0";34472;53042812
495;2063922748;true;0.004002548904623852;0;1;;"test0";34490;53042812
495;1305632908;true;0.004004046605180653;0;1;;"test0";34315;53042812
495;1503018479;true;0.004004046605180653;0;1;;"test0";1;53042812
495;486724286;true;0.004004046605180653;0;1;;"test0";33347;53042812
496;-459514602;true;0.00286427732079906;0;1;;"test0";38349;53237943
496;-2021786604;true;0.003003432494279176;0;1;;"test0";27897;53237943
496;308087316;true;0.003003432494279176;0;1;;"test0";36160;53237943
496;1285320958;true;0.003003432494279176;0;1;;"test0";26521;53237943
496;170916137;true;0.0035761476166792762;0;1;;"test0";35441;53237943
496;2080840955;true;0.0035761476166792762;0;1;;"test0";35604;53237943
496;2039303499;true;0.003576304850000565;0;1;;"test0";34454;53237943
496;-885509868;true;0.003576304850000565;0;1;;"test0";27826;53237943
496;-2091544206;true;0.003576382673416593;0;1;;"test0";25638;53237943
496;-2091544206;true;0.003576382673416593;0;1;;"test0";37378;53237943
496;-111035842;true;0.003576382673416593;0;1;;"test0";28288;53237943
496;-866534005;true;0.0035766888016301062;0;1;;"test0";27876;53237943
496;1684749948;true;0.0035767300856429885;0;1;;"test0";33087;53237943
496;85377597;true;0.0035994427202612617;0;1;;"test0";35094;53237943
496;909873999;true;0.0037151263284514544;0;1;;"test0";25478;53237943
496;-1336498143;true;0.0037151263284514544;0;1;;"test0";25500;53237943
496;-278457711;true;0.003796113882157877;0;1;;"test0";29797;53237943
496;463774532;true;0.003800487146463087;0;1;;"test0";34370;53237943
496;2076475246;true;0.003985425906272067;0;1;;"test0";35250;53237943
496;1226842582;true;0.003985425906272067;0;1;;"test0";33647;53237943
496;961266962;true;0.0039859256410295744;0;1;;"test0";17451;53237943
496;961266962;true;0.0039859256410295744;0;1;;"test0";25198;53237943
496;1278077683;true;0.0039859256410295744;0;1;;"test0";27970;53237943
496;997195490;true;0.0039859256410295744;0;1;;"test0";28599;53237943
496;12254521;true;0.003988216654385998;0;1;;"test0";35393;53237943
496;-1093580742;true;0.003988216654385998;0;1;;"test0";35255;53237943
496;1697253789;true;0.003988216654385998;0;1;;"test0";35512;53237943
496;788039466;true;0.003988216654385998;0;1;;"test0";34781;53237943
496;1129528289;true;0.003988216654385998;0;1;;"test0";35579;53237943
496;1850684516;true;0.003991100707597641;0;1;;"test0";34355;53237943
496;266114040;true;0.003991100707597641;0;1;;"test0";22618;53237943
496;266114040;true;0.003991100707597641;0;1;;"test0";27952;53237943
496;1121491421;true;0.003991100707597641;0;1;;"test0";25458;53237943
496;266114040;true;0.003991100707597641;0;1;;"test0";30001;53237943
496;2124110704;true;0.003991100707597641;0;1;;"test0";30334;53237943
496;266114040;true;0.003991100707597641;0;1;;"test0";27959;53237943
496;1037446424;true;0.003992276739029773;0;1;;"test0";34350;53237943
496;-495007924;true;0.003994671878903513;0;1;;"test0";24808;53237943
496;-919320000;true;0.003994671878903513;0;1;;"test0";30182;53237943
496;1687083416;true;0.003994671878903513;0;1;;"test0";37454;53237943
496;-331558428;true;0.00399589151652645;0;1;;"test0";26357;53237943
496;942103807;true;0.00399589151652645;0;1;;"test0";27927;53237943
496;2131337400;true;0.00399589151652645;0;1;;"test0";28030;53237943
496;2063922748;true;0.004002548904623852;0;1;;"test0";17692;53237943
496;423421823;true;0.004002548904623852;0;1;;"test0";32660;53237943
496;1859951555;true;0.004002548904623852;0;1;;"test0";24333;53237943
496;1939641196;true;0.004002548904623852;0;1;;"test0";33831;53237943
496;486724286;true;0.004004046605180653;0;1;;"test0";33581;53237943
496;1503018479;true;0.004004046605180653;0;1;;"test0";2;53237943
497;2024671105;true;0.003003432494279176;0;1;;"test0";31632;53439179
497;28294995;true;0.003003432494279176;0;1;;"test0";33400;53439179
497;308087316;true;0.003003432494279176;0;1;;"test0";32027;53439179
497;403988127;true;0.0035747335298115133;0;1;;"test0";31295;53439179
497;-603318464;true;0.0035755480409207082;0;1;;"test0";28611;53439179
497;1918388460;true;0.003576304850000565;0;1;;"test0";33346;53439179
497;-1035884037;true;0.003576382673416593;0;1;;"test0";22915;53439179
497;-1524303451;true;0.003576382673416593;0;1;;"test0";25561;53439179
497;674195356;true;0.003576382673416593;0;1;;"test0";34065;53439179
497;-2091544206;true;0.003576382673416593;0;1;;"test0";29307;53439179
497;2012823157;true;0.0035908539129743747;0;1;;"test0";25674;53439179
497;85377597;true;0.0035994427202612617;0;1;;"test0";31541;53439179
497;1208982655;true;0.0035994427202612617;0;1;;"test0";33953;53439179
497;370875473;true;0.0035994427202612617;0;1;;"test0";29245;53439179
497;1741164608;true;0.0035994427202612617;0;1;;"test0";25769;53439179
497;-1356494369;true;0.0035994427202612617;0;1;;"test0";33172;53439179
497;856174730;true;0.0037151263284514544;0;1;;"test0";31472;53439179
497;-2132125524;true;0.0037151263284514544;0;1;;"test0";32610;53439179
497;604624140;true;0.003796113882157877;0;1;;"test0";31879;53439179
497;1552087043;true;0.003796113882157877;0;1;;"test0";21968;53439179
497;1324059000;true;0.0038004342194965478;0;1;;"test0";27349;53439179
497;-47426003;true;0.003800487146463087;0;1;;"test0";31827;53439179
497;2035932975;true;0.003800487146463087;0;1;;"test0";37519;53439179
497;43688679;true;0.003800487146463087;0;1;;"test0";25739;53439179
497;368755663;true;0.003800487146463087;0;1;;"test0";37931;53439179
497;-2141214184;true;0.003800487146463087;0;1;;"test0";26883;53439179
497;1887172516;true;0.0038780211351182588;0;1;;"test0";32755;53439179
497;-1380167643;true;0.0039859256410295744;0;1;;"test0";33025;53439179
497;-919976979;true;0.0039859256410295744;0;1;;"test0";32956;53439179
497;923980030;true;0.003992276739029773;0;1;;"test0";33224;53439179
497;-1442356465;true;0.003992276739029773;0;1;;"test0";25524;53439179
497;-384846052;true;0.003992276739029773;0;1;;"test0";35306;53439179
497;1577303259;true;0.003994671878903513;0;1;;"test0";31401;53439179
497;-997919836;true;0.003994671878903513;0;1;;"test0";29767;53439179
497;-1601207921;true;0.003994671878903513;0;1;;"test0";32597;53439179
497;1470630334;true;0.003994671878903513;0;1;;"test0";34578;53439179
497;-1732528708;true;0.00399589151652645;0;1;;"test0";33182;53439179
497;942103807;true;0.00399589151652645;0;1;;"test0";27868;53439179
497;-1898610158;true;0.00399589151652645;0;1;;"test0";37501;53439179
497;-953793666;true;0.004001263105149405;0;1;;"test0";25155;53439179
497;1859951555;true;0.004002548904623852;0;1;;"test0";34030;53439179
497;159379811;true;0.004002548904623852;0;1;;"test0";35315;53439179
497;1859951555;true;0.004002548904623852;0;1;;"test0";37549;53439179
497;-715029723;true;0.004002548904623852;0;1;;"test0";39943;53439179
497;1503018479;true;0.004004046605180653;0;1;;"test0";23719;53439179
497;486724286;true;0.004004046605180653;0;1;;"test0";1;53439179
497;1170723728;true;0.004004046605180653;0;1;;"test0";28156;53439179
497;1930227062;true;0.004004046605180653;0;1;;"test0";20649;53439179
497;-1238687711;true;0.004004046605180653;0;1;;"test0";28324;53439179
498;-488672213;true;0.0028642005243457043;0;1;;"test0";23687;53575031
498;-938375870;true;0.003003432494279176;0;1;;"test0";26247;53575031
498;2135008663;true;0.003051106025934401;0;1;;"test0";25193;53575031
498;1270838012;true;0.0034523666030999104;0;1;;"test0";20993;53575031
498;860673290;true;0.0035755480409207082;0;1;;"test0";20111;53575031
498;-1714595782;true;0.003576382673416593;0;1;;"test0";19829;53575031
498;-1524303451;true;0.003576382673416593;0;1;;"test0";19961;53575031
498;-2113386805;true;0.0035994427202612617;0;1;;"test0";17146;53575031
498;-1344546533;true;0.0035994427202612617;0;1;;"test0";20049;53575031
498;-258540850;true;0.0035994427202612617;0;1;;"test0";18513;53575031
498;-1356494369;true;0.0035994427202612617;0;1;;"test0";24710;53575031
498;-551533763;true;0.003796113882157877;0;1;;"test0";20068;53575031
498;-1910602011;true;0.003796113882157877;0;1;;"test0";20424;53575031
498;-1908867785;true;0.003796113882157877;0;1;;"test0";22888;53575031
498;320528493;true;0.003796113882157877;0;1;;"test0";25995;53575031
498;242450462;true;0.003796113882157877;0;1;;"test0";19624;53575031
498;1848595308;true;0.0038004342194965478;0;1;;"test0";20061;53575031
498;1948765830;true;0.0038004342194965478;0;1;;"test0";18663;53575031
498;1324059000;true;0.0038004342194965478;0;1;;"test0";20228;53575031
498;1324059000;true;0.0038004342194965478;0;1;;"test0";20108;53575031
498;1324059000;true;0.0038004342194965478;0;1;;"test0";20109;53575031
498;1324059000;true;0.0038004342194965478;0;1;;"test0";19936;53575031
498;1324059000;true;0.0038004342194965478;0;1;;"test0";20347;53575031
498;-1663248046;true;0.0038004342194965478;0;1;;"test0";17911;53575031
498;2035932975;true;0.003800487146463087;0;1;;"test0";20813;53575031
498;-1365757645;true;0.003800487146463087;0;1;;"test0";19907;53575031
498;-2141214184;true;0.003800487146463087;0;1;;"test0";26500;53575031
498;667118364;true;0.0038792212642431074;0;1;;"test0";20041;53575031
498;-77239368;true;0.003992276739029773;0;1;;"test0";19277;53575031
498;-284407656;true;0.003992276739029773;0;1;;"test0";17077;53575031
498;316791075;true;0.003992276739029773;0;1;;"test0";19977;53575031
498;-384846052;true;0.003992276739029773;0;1;;"test0";17292;53575031
498;-867990143;true;0.003992276739029773;0;1;;"test0";20202;53575031
498;923980030;true;0.003992276739029773;0;1;;"test0";19848;53575031
498;-384846052;true;0.003992276739029773;0;1;;"test0";29899;53575031
498;1060779808;true;0.003993932077870677;0;1;;"test0";25429;53575031
498;-1018698829;true;0.003994671878903513;0;1;;"test0";16836;53575031
498;510805521;true;0.003994671878903513;0;1;;"test0";20129;53575031
498;942103807;true;0.00399589151652645;0;1;;"test0";19968;53575031
498;790724340;true;0.00399589151652645;0;1;;"test0";19814;53575031
498;1686941576;true;0.00399589151652645;0;1;;"test0";20080;53575031
498;942103807;true;0.00399589151652645;0;1;;"test0";17086;53575031
498;942103807;true;0.00399589151652645;0;1;;"test0";17202;53575031
498;-1566044781;true;0.004000303923699213;0;1;;"test0";23730;53575031
498;-953793666;true;0.004001263105149405;0;1;;"test0";24959;53575031
498;-953793666;true;0.004001263105149405;0;1;;"test0";20082;53575031
498;1859951555;true;0.004002548904623852;0;1;;"test0";21278;53575031
498;886037309;true;0.004004046605180653;0;1;;"test0";20355;53575031
498;1930227062;true;0.004004046605180653;0;1;;"test0";1;53575031
498;-1238687711;true;0.004004046605180653;0;1;;"test0";1;53575031
499;-255495573;true;0.002942137953579601;0;1;;"test0";29881;53751265
499;432484202;true;0.003003432494279176;0;1;;"test0";29489;53751265
499;-1112017078;true;0.003003432494279176;0;1;;"test0";33092;53751265
499;136990722;true;0.003003432494279176;0;1;;"test0";30410;53751265
499;-1148503086;true;0.003003432494279176;0;1;;"test0";28400;53751265
499;975441734;true;0.003442222206620492;0;1;;"test0";25311;53751265
499;2022704508;true;0.0035985475139302292;0;1;;"test0";36067;53751265
499;1942980100;true;0.0035994427202612617;0;1;;"test0";13910;53751265
499;2142045338;true;0.0035994427202612617;0;1;;"test0";15427;53751265
499;134491300;true;0.003796113882157877;0;1;;"test0";33979;53751265
499;-843173185;true;0.003796113882157877;0;1;;"test0";32920;53751265
499;-1438373320;true;0.0038004342194965478;0;1;;"test0";35832;53751265
499;-1515990759;true;0.0038792212642431074;0;1;;"test0";24427;53751265
499;667118364;true;0.0038792212642431074;0;1;;"test0";28296;53751265
499;-1425817263;true;0.003981412244461138;0;1;;"test0";21369;53751265
499;2094900811;true;0.0039829570724097835;0;1;;"test0";35580;53751265
499;1177715234;true;0.003992276739029773;0;1;;"test0";30653;53751265
499;-77239368;true;0.003992276739029773;0;1;;"test0";31290;53751265
499;-449763099;true;0.003993932077870677;0;1;;"test0";19156;53751265
499;-205455647;true;0.003993932077870677;0;1;;"test0";34572;53751265
499;1060779808;true;0.003993932077870677;0;1;;"test0";32413;53751265
499;510805521;true;0.003994671878903513;0;1;;"test0";24185;53751265
499;2075300292;true;0.003994671878903513;0;1;;"test0";33264;53751265
499;790724340;true;0.00399589151652645;0;1;;"test0";25409;53751265
499;942103807;true;0.00399589151652645;0;1;;"test0";35903;53751265
499;942103807;true;0.00399589151652645;0;1;;"test0";34797;53751265
499;1459687170;true;0.004000303923699213;0;1;;"test0";20641;53751265
499;1727636300;true;0.004000303923699213;0;1;;"test0";32364;53751265
499;-1566044781;true;0.004000303923699213;0;1;;"test0";22457;53751265
499;1448459437;true;0.004000303923699213;0;1;;"test0";32843;53751265
499;-1566044781;true;0.004000303923699213;0;1;;"test0";31514;53751265
499;783462165;true;0.004000303923699213;0;1;;"test0";21257;53751265
499;1581655913;true;0.004000303923699213;0;1;;"test0";36151;53751265
499;-702550729;true;0.004001263105149405;0;1;;"test0";34599;53751265
499;-1669635370;true;0.004001263105149405;0;1;;"test0";34767;53751265
499;165353392;true;0.004001263105149405;0;1;;"test0";25223;53751265
499;50343520;true;0.004001263105149405;0;1;;"test0";34511;53751265
499;1859951555;true;0.004002548904623852;0;1;;"test0";22346;53751265
499;1859951555;true;0.004002548904623852;0;1;;"test0";18953;53751265
499;1859951555;true;0.004002548904623852;0;1;;"test0";21522;53751265
499;1859951555;true;0.004002548904623852;0;1;;"test0";18076;53751265
499;-1950338535;true;0.004002548904623852;0;1;;"test0";16998;53751265
499;-539089254;true;0.004002548904623852;0;1;;"test0";17350;53751265
499;-1395580396;true;0.004004046605180653;0;1;;"test0";25472;53751265
499;1930227062;true;0.004004046605180653;0;1;;"test0";20638;53751265
499;-1238687711;true;0.004004046605180653;0;1;;"test0";30465;53751265
499;-1873279431;true;0.004004046605180653;0;1;;"test0";19428;53751265
499;-719855001;true;0.004004046605180653;0;1;;"test0";24660;53751265
500;953933321;true;0.002002288329519451;0;1;;"test0";22451;53957524
500;-1295064197;true;0.00286412671996196;0;1;;"test0";30216;53957524
500;113926765;true;0.0028642005243457043;0;1;;"test0";23083;53957524
500;-1063740222;true;0.00286427732079906;0;1;;"test0";34147;53957524
500;1655756752;true;0.003003432494279176;0;1;;"test0";33112;53957524
500;-1544341147;true;0.003003432494279176;0;1;;"test0";33290;53957524
500;-606288949;true;0.003003432494279176;0;1;;"test0";36031;53957524
500;-142450356;true;0.003003432494279176;0;1;;"test0";32327;53957524
500;1814672030;true;0.003003432494279176;0;1;;"test0";31375;53957524
500;-231952475;true;0.0035748401723240176;0;1;;"test0";35113;53957524
500;-223823615;true;0.0035753878016832863;0;1;;"test0";33068;53957524
500;-2062319498;true;0.0035863050253138696;0;1;;"test0";36666;53957524
500;-1586775758;true;0.0035994427202612617;0;1;;"test0";30969;53957524
500;-912162021;true;0.0035994427202612617;0;1;;"test0";35132;53957524
500;1396254024;true;0.0035994427202612617;0;1;;"test0";33768;53957524
500;2142045338;true;0.0035994427202612617;0;1;;"test0";30059;53957524
500;-1603250212;true;0.003796113882157877;0;1;;"test0";36655;53957524
500;-1796331429;true;0.003796113882157877;0;1;;"test0";33097;53957524
500;-843173185;true;0.003796113882157877;0;1;;"test0";29958;53957524
500;501657542;true;0.0038004342194965478;0;1;;"test0";36006;53957524
500;1672394259;true;0.0038004342194965478;0;1;;"test0";31583;53957524
500;-2141553224;true;0.0038004342194965478;0;1;;"test0";33976;53957524
500;-1438373320;true;0.0038004342194965478;0;1;;"test0";32448;53957524
500;415271155;true;0.0038004342194965478;0;1;;"test0";20813;53957524
500;-1438373320;true;0.0038004342194965478;0;1;;"test0";32658;53957524
500;-1380139533;true;0.0038792212642431074;0;1;;"test0";35986;53957524
500;-1425817263;true;0.003981412244461138;0;1;;"test0";34769;53957524
500;-1616187548;true;0.003981412244461138;0;1;;"test0";30085;53957524
500;-77239368;true;0.003992276739029773;0;1;;"test0";32899;53957524
500;-1486082648;true;0.003992276739029773;0;1;;"test0";32661;53957524
500;2075300292;true;0.003994671878903513;0;1;;"test0";34139;53957524
500;2075300292;true;0.003994671878903513;0;1;;"test0";35143;53957524
500;1681205495;true;0.003996693589983105;0;1;;"test0";29791;53957524
500;-1590041347;true;0.004000303923699213;0;1;;"test0";28436;53957524
500;1581655913;true;0.004000303923699213;0;1;;"test0";33431;53957524
500;1727636300;true;0.004000303923699213;0;1;;"test0";33186;53957524
500;1448459437;true;0.004000303923699213;0;1;;"test0";36085;53957524
500;1727636300;true;0.004000303923699213;0;1;;"test0";28334;53957524
500;165353392;true;0.004001263105149405;0;1;;"test0";34248;53957524
500;-568033662;true;0.004001263105149405;0;1;;"test0";18042;53957524
500;-229079559;true;0.004001263105149405;0;1;;"test0";32453;53957524
500;-702550729;true;0.004001263105149405;0;1;;"test0";29067;53957524
500;2082940103;true;0.004002548904623852;0;1;;"test0";27970;53957524
500;1212285306;true;0.004002548904623852;0;1;;"test0";28868;53957524
500;1771575779;true;0.00400383042812611;0;1;;"test0";22625;53957524
500;-1140666448;true;0.004004046605180653;0;1;;"test0";23431;53957524
500;-1873279431;true;0.004004046605180653;0;1;;"test0";2;53957524
500;-719855001;true;0.004004046605180653;0;1;;"test0";33243;53957524
500;529156251;true;0.004004046605180653;0;1;;"test0";31553;53957524
501;300819297;true;0.003003432494279176;0;1;;"test0";23855;54154498
501;176510268;true;0.003003432494279176;0;1;;"test0";31120;54154498
501;1865320516;true;0.003003432494279176;0;1;;"test0";33914;54154498
501;-927288352;true;0.0035605973527904054;0;1;;"test0";39526;54154498
501;1947343050;true;0.0035753878016832863;0;1;;"test0";31498;54154498
501;-577271607;true;0.0035994427202612617;0;1;;"test0";29865;54154498
501;1888692516;true;0.0035994427202612617;0;1;;"test0";33162;54154498
501;-53407279;true;0.0037367390859619457;0;1;;"test0";33327;54154498
501;1715581095;true;0.003796113882157877;0;1;;"test0";29277;54154498
501;366057877;true;0.003796113882157877;0;1;;"test0";27640;54154498
501;-1502579024;true;0.003796113882157877;0;1;;"test0";35172;54154498
501;-1059794190;true;0.003796113882157877;0;1;;"test0";35577;54154498
501;626765413;true;0.003796113882157877;0;1;;"test0";34412;54154498
501;-1796331429;true;0.003796113882157877;0;1;;"test0";27178;54154498
501;1672394259;true;0.0038004342194965478;0;1;;"test0";23252;54154498
501;-1245859199;true;0.0038004342194965478;0;1;;"test0";26178;54154498
501;-1664551712;true;0.0038004342194965478;0;1;;"test0";25474;54154498
501;-525672628;true;0.0038004342194965478;0;1;;"test0";22307;54154498
501;-1380139533;true;0.0038792212642431074;0;1;;"test0";30039;54154498
501;-1380139533;true;0.0038792212642431074;0;1;;"test0";35524;54154498
501;-363325103;true;0.003971264222600891;0;1;;"test0";26265;54154498
501;-1616187548;true;0.003981412244461138;0;1;;"test0";30196;54154498
501;-283922491;true;0.003981412244461138;0;1;;"test0";34442;54154498
501;1681205495;true;0.003996693589983105;0;1;;"test0";30253;54154498
501;1681205495;true;0.003996693589983105;0;1;;"test0";34741;54154498
501;2116603891;true;0.003996693589983105;0;1;;"test0";22340;54154498
501;1681205495;true;0.003996693589983105;0;1;;"test0";22039;54154498
501;-1735289116;true;0.003996693589983105;0;1;;"test0";29671;54154498
501;1361121011;true;0.003996693589983105;0;1;;"test0";31512;54154498
501;1681205495;true;0.003996693589983105;0;1;;"test0";29865;54154498
501;-722371924;true;0.004000303923699213;0;1;;"test0";31181;54154498
501;251399983;true;0.004000303923699213;0;1;;"test0";33041;54154498
501;478432602;true;0.004000303923699213;0;1;;"test0";33994;54154498
501;-913135470;true;0.004001263105149405;0;1;;"test0";34040;54154498
501;-568033662;true;0.004001263105149405;0;1;;"test0";29658;54154498
501;1857383530;true;0.004001263105149405;0;1;;"test0";33300;54154498
501;2143577006;true;0.004002548904623852;0;1;;"test0";28551;54154498
501;1771575779;true;0.00400383042812611;0;1;;"test0";23830;54154498
501;1771575779;true;0.00400383042812611;0;1;;"test0";29074;54154498
501;-1502683240;true;0.00400383042812611;0;1;;"test0";39449;54154498
501;1771575779;true;0.00400383042812611;0;1;;"test0";30177;54154498
501;1771575779;true;0.00400383042812611;0;1;;"test0";32822;54154498
501;1277880569;true;0.00400383042812611;0;1;;"test0";39139;54154498
501;1771575779;true;0.00400383042812611;0;1;;"test0";30439;54154498
501;1771575779;true;0.00400383042812611;0;1;;"test0";29330;54154498
501;-1637834935;true;0.004004046605180653;0;1;;"test0";34338;54154498
501;-1838472836;true;0.004004046605180653;0;1;;"test0";32587;54154498
501;-719855001;true;0.004004046605180653;0;1;;"test0";1;54154498
501;529156251;true;0.004004046605180653;0;1;;"test0";29750;54154498
502;-1849831842;true;0.0028642005243457043;0;1;;"test0";32872;54356859
502;-1446849449;true;0.002942137953579601;0;1;;"test0";32096;54356859
502;-1663849859;true;0.00345049114166193;0;1;;"test0";28178;54356859
502;1086856257;true;0.003557586116000347;0;1;;"test0";33178;54356859
502;-1354045951;true;0.003557586116000347;0;1;;"test0";30148;54356859
502;1572285947;true;0.0035733377669226805;0;1;;"test0";26712;54356859
502;1843868807;true;0.003573841747388412;0;1;;"test0";36409;54356859
502;1104662501;true;0.0035994427202612617;0;1;;"test0";35907;54356859
502;714274716;true;0.0035994427202612617;0;1;;"test0";35420;54356859
502;125469039;true;0.0035994427202612617;0;1;;"test0";32489;54356859
502;862701682;true;0.003796113882157877;0;1;;"test0";35129;54356859
502;-1578778890;true;0.003796113882157877;0;1;;"test0";34420;54356859
502;-1016036787;true;0.003800399640870258;0;1;;"test0";26810;54356859
502;1672394259;true;0.0038004342194965478;0;1;;"test0";29151;54356859
502;-421323260;true;0.0038792212642431074;0;1;;"test0";36066;54356859
502;1631764944;true;0.0038792212642431074;0;1;;"test0";35770;54356859
502;-989962903;true;0.003971264222600891;0;1;;"test0";26883;54356859
502;2144017996;true;0.003971264222600891;0;1;;"test0";27587;54356859
502;243084010;true;0.003971264222600891;0;1;;"test0";26413;54356859
502;-283922491;true;0.003981412244461138;0;1;;"test0";32353;54356859
502;-283922491;true;0.003981412244461138;0;1;;"test0";32551;54356859
502;-1616187548;true;0.003981412244461138;0;1;;"test0";31913;54356859
502;36312422;true;0.003996693589983105;0;1;;"test0";35084;54356859
502;-738948877;true;0.003996693589983105;0;1;;"test0";36701;54356859
502;-473606210;true;0.003996693589983105;0;1;;"test0";19298;54356859
502;1423914938;true;0.003996693589983105;0;1;;"test0";33344;54356859
502;721238145;true;0.003997882765149081;0;1;;"test0";32794;54356859
502;-213240646;true;0.004000303923699213;0;1;;"test0";29940;54356859
502;478432602;true;0.004000303923699213;0;1;;"test0";23713;54356859
502;126305953;true;0.004000303923699213;0;1;;"test0";33508;54356859
502;1978159308;true;0.004000303923699213;0;1;;"test0";21559;54356859
502;-722371924;true;0.004000303923699213;0;1;;"test0";26609;54356859
502;-568033662;true;0.004001263105149405;0;1;;"test0";31845;54356859
502;-2053800284;true;0.004001263105149405;0;1;;"test0";35678;54356859
502;-1470206279;true;0.004001263105149405;0;1;;"test0";34077;54356859
502;-1398063396;true;0.004001263105149405;0;1;;"test0";35604;54356859
502;-1265132391;true;0.004001263105149405;0;1;;"test0";35724;54356859
502;-824424199;true;0.0040015364238503845;0;1;;"test0";34120;54356859
502;324802698;true;0.004002548904623852;0;1;;"test0";24532;54356859
502;-1654628103;true;0.004002548904623852;0;1;;"test0";35023;54356859
502;-273887544;true;0.004002548904623852;0;1;;"test0";34878;54356859
502;164747007;true;0.004002548904623852;0;1;;"test0";34800;54356859
502;-1740580873;true;0.00400383042812611;0;1;;"test0";29955;54356859
502;1771575779;true;0.00400383042812611;0;1;;"test0";29905;54356859
502;529156251;true;0.004004046605180653;0;1;;"test0";32446;54356859
502;-1748266062;true;0.004004046605180653;0;1;;"test0";27949;54356859
502;-719855001;true;0.004004046605180653;0;1;;"test0";26586;54356859
502;-1040319778;true;0.004004046605180653;0;1;;"test0";30348;54356859
503;263313964;true;0.00286427732079906;0;1;;"test0";27276;54549605
503;-1976941187;true;0.002864313202091079;0;1;;"test0";33942;54549605
503;-1022346462;true;0.003003432494279176;0;1;;"test0";18782;54549605
503;1715363820;true;0.003003432494279176;0;1;;"test0";34194;54549605
503;-1663849859;true;0.00345049114166193;0;1;;"test0";30392;54549605
503;-1663849859;true;0.00345049114166193;0;1;;"test0";29811;54549605
503;1086856257;true;0.003557586116000347;0;1;;"test0";28111;54549605
503;1086856257;true;0.003557586116000347;0;1;;"test0";37511;54549605
503;811694443;true;0.003557586116000347;0;1;;"test0";27756;54549605
503;1572285947;true;0.0035733377669226805;0;1;;"test0";18096;54549605
503;467379976;true;0.0035733377669226805;0;1;;"test0";18892;54549605
503;250212249;true;0.003573841747388412;0;1;;"test0";34716;54549605
503;354532459;true;0.003576016201066427;0;1;;"test0";35182;54549605
503;-115226822;true;0.0035994427202612617;0;1;;"test0";24133;54549605
503;481453106;true;0.0035994427202612617;0;1;;"test0";27336;54549605
503;867543292;true;0.003796113882157877;0;1;;"test0";30938;54549605
503;-1033443186;true;0.003875721941553834;0;1;;"test0";30833;54549605
503;-2083187401;true;0.0038792212642431074;0;1;;"test0";28433;54549605
503;1631764944;true;0.0038792212642431074;0;1;;"test0";37539;54549605
503;-74197135;true;0.003913067945688879;0;1;;"test0";34403;54549605
503;60854514;true;0.003968749725498957;0;1;;"test0";33563;54549605
503;124030459;true;0.003971264222600891;0;1;;"test0";17712;54549605
503;-1723555509;true;0.003971264222600891;0;1;;"test0";18175;54549605
503;-206465393;true;0.003981412244461138;0;1;;"test0";32689;54549605
503;-283922491;true;0.003981412244461138;0;1;;"test0";26618;54549605
503;-1616187548;true;0.003981412244461138;0;1;;"test0";32103;54549605
503;2029749802;true;0.003981412244461138;0;1;;"test0";25849;54549605
503;119226308;true;0.003981412244461138;0;1;;"test0";35100;54549605
503;1603174815;true;0.003981412244461138;0;1;;"test0";30020;54549605
503;2011243461;true;0.003983621571323676;0;1;;"test0";35348;54549605
503;1322347116;true;0.003996693589983105;0;1;;"test0";26129;54549605
503;-2042150997;true;0.003996693589983105;0;1;;"test0";34909;54549605
503;419057465;true;0.003996693589983105;0;1;;"test0";26278;54549605
503;8295448;true;0.004000303923699213;0;1;;"test0";30445;54549605
503;626145828;true;0.004000303923699213;0;1;;"test0";34793;54549605
503;-1891415901;true;0.004001263105149405;0;1;;"test0";34950;54549605
503;-2112957806;true;0.004001263105149405;0;1;;"test0";26561;54549605
503;-1265132391;true;0.004001263105149405;0;1;;"test0";29758;54549605
503;-824424199;true;0.0040015364238503845;0;1;;"test0";32633;54549605
503;-824424199;true;0.0040015364238503845;0;1;;"test0";34098;54549605
503;-1516461539;true;0.0040015364238503845;0;1;;"test0";37942;54549605
503;-824424199;true;0.0040015364238503845;0;1;;"test0";34612;54549605
503;-1654628103;true;0.004002548904623852;0;1;;"test0";34057;54549605
503;-273887544;true;0.004002548904623852;0;1;;"test0";38691;54549605
503;-1544690951;true;0.00400383042812611;0;1;;"test0";26291;54549605
503;1530831221;true;0.004004046605180653;0;1;;"test0";35319;54549605
503;-1040319778;true;0.004004046605180653;0;1;;"test0";1;54549605
503;1384302424;true;0.004004046605180653;0;1;;"test0";34056;54549605
503;-719855001;true;0.004004046605180653;0;1;;"test0";27939;54549605
504;-250645391;true;0.003003432494279176;0;1;;"test0";34214;54759553
504;-60812192;true;0.003003432494279176;0;1;;"test0";30913;54759553
504;-2127183966;true;0.003003432494279176;0;1;;"test0";22911;54759553
504;1715363820;true;0.003003432494279176;0;1;;"test0";26328;54759553
504;1086856257;true;0.003557586116000347;0;1;;"test0";32785;54759553
504;-385837335;true;0.003573841747388412;0;1;;"test0";33569;54759553
504;-397441481;true;0.003573841747388412;0;1;;"test0";34198;54759553
504;1622214870;true;0.0035994427202612617;0;1;;"test0";31592;54759553
504;2032569030;true;0.0035994427202612617;0;1;;"test0";38743;54759553
504;-1284878643;true;0.0035994427202612617;0;1;;"test0";30920;54759553
504;-808101685;true;0.003796113882157877;0;1;;"test0";35031;54759553
504;-230453466;true;0.0038182446682853695;0;1;;"test0";35362;54759553
504;-1095777649;true;0.003875721941553834;0;1;;"test0";27967;54759553
504;1391072195;true;0.0038772401216338277;0;1;;"test0";35685;54759553
504;884094089;true;0.00387881733252292;0;1;;"test0";36017;54759553
504;-74197135;true;0.003913067945688879;0;1;;"test0";31520;54759553
504;-74197135;true;0.003913067945688879;0;1;;"test0";29662;54759553
504;-1964824787;true;0.003913067945688879;0;1;;"test0";36811;54759553
504;-1518209218;true;0.003968749725498957;0;1;;"test0";33574;54759553
504;60854514;true;0.003968749725498957;0;1;;"test0";38892;54759553
504;444943269;true;0.003971264222600891;0;1;;"test0";34600;54759553
504;-1876528216;true;0.003971264222600891;0;1;;"test0";35667;54759553
504;1902360736;true;0.003977482233872973;0;1;;"test0";35469;54759553
504;-1722007901;true;0.003981412244461138;0;1;;"test0";31616;54759553
504;-206465393;true;0.003981412244461138;0;1;;"test0";31615;54759553
504;-656484467;true;0.003983621571323676;0;1;;"test0";34687;54759553
504;419057465;true;0.003996693589983105;0;1;;"test0";34840;54759553
504;-1891415901;true;0.004001263105149405;0;1;;"test0";23312;54759553
504;-1891415901;true;0.004001263105149405;0;1;;"test0";31090;54759553
504;-1891415901;true;0.004001263105149405;0;1;;"test0";25717;54759553
504;-1562773403;true;0.0040015364238503845;0;1;;"test0";35383;54759553
504;180947751;true;0.0040015364238503845;0;1;;"test0";25128;54759553
504;-1949125945;true;0.004002548904623852;0;1;;"test0";29189;54759553
504;-1654628103;true;0.004002548904623852;0;1;;"test0";26973;54759553
504;-1544690951;true;0.00400383042812611;0;1;;"test0";23464;54759553
504;-1544690951;true;0.00400383042812611;0;1;;"test0";24482;54759553
504;388667403;true;0.00400383042812611;0;1;;"test0";32634;54759553
504;1619885199;true;0.00400383042812611;0;1;;"test0";31584;54759553
504;-1544690951;true;0.00400383042812611;0;1;;"test0";29645;54759553
504;-922311982;true;0.00400383042812611;0;1;;"test0";29598;54759553
504;-1544690951;true;0.00400383042812611;0;1;;"test0";31601;54759553
504;-1433520052;true;0.004004046605180653;0;1;;"test0";27251;54759553
504;907670920;true;0.004004046605180653;0;1;;"test0";30861;54759553
504;1530831221;true;0.004004046605180653;0;1;;"test0";33160;54759553
504;-1040319778;true;0.004004046605180653;0;1;;"test0";33354;54759553
504;-1040319778;true;0.004004046605180653;0;1;;"test0";35693;54759553
504;49618847;true;0.004004046605180653;0;1;;"test0";34600;54759553
504;-719855001;true;0.004004046605180653;0;1;;"test0";1;54759553
504;1384302424;true;0.004004046605180653;0;1;;"test0";1;54759553
504;363692169;true;0.004004046605180653;0;1;;"test0";33509;54759553
505;-459240643;true;0.002942137953579601;0;1;;"test0";38289;54955977
505;998532647;true;0.003003432494279176;0;1;;"test0";34635;54955977
505;321676791;true;0.003003432494279176;0;1;;"test0";23807;54955977
505;572859968;true;0.003003432494279176;0;1;;"test0";26627;54955977
505;2067667169;true;0.003003432494279176;0;1;;"test0";28945;54955977
505;-819334869;true;0.003003432494279176;0;1;;"test0";30682;54955977
505;-1764151253;true;0.0035601282590752557;0;1;;"test0";28756;54955977
505;-397441481;true;0.003573841747388412;0;1;;"test0";32338;54955977
505;-16593125;true;0.003573841747388412;0;1;;"test0";30464;54955977
505;1557267275;true;0.0035994427202612617;0;1;;"test0";31146;54955977
505;600100827;true;0.0035994427202612617;0;1;;"test0";34025;54955977
505;-347322728;true;0.003796113882157877;0;1;;"test0";22796;54955977
505;-1983208436;true;0.003796113882157877;0;1;;"test0";38290;54955977
505;773816183;true;0.003796113882157877;0;1;;"test0";22140;54955977
505;-749877500;true;0.003796113882157877;0;1;;"test0";28488;54955977
505;804837625;true;0.003796113882157877;0;1;;"test0";34506;54955977
505;79466448;true;0.003796113882157877;0;1;;"test0";28996;54955977
505;-998403762;true;0.0038091741485492808;0;1;;"test0";37847;54955977
505;-1811966143;true;0.0038792212642431074;0;1;;"test0";36471;54955977
505;-179652497;true;0.0038902011410232623;0;1;;"test0";32462;54955977
505;710139207;true;0.0038902011410232623;0;1;;"test0";25234;54955977
505;-1658733926;true;0.003968749725498957;0;1;;"test0";30905;54955977
505;60854514;true;0.003968749725498957;0;1;;"test0";24932;54955977
505;1830272113;true;0.003977482233872973;0;1;;"test0";30968;54955977
505;1902360736;true;0.003977482233872973;0;1;;"test0";31321;54955977
505;1902360736;true;0.003977482233872973;0;1;;"test0";19625;54955977
505;1772762108;true;0.003977482233872973;0;1;;"test0";23178;54955977
505;1463350078;true;0.003981412244461138;0;1;;"test0";35135;54955977
505;-1724643986;true;0.003981412244461138;0;1;;"test0";39548;54955977
505;-206465393;true;0.003981412244461138;0;1;;"test0";28021;54955977
505;137902268;true;0.003983621571323676;0;1;;"test0";32943;54955977
505;-1291667410;true;0.003984746109336189;0;1;;"test0";27704;54955977
505;-211167012;true;0.003984746109336189;0;1;;"test0";36887;54955977
505;419057465;true;0.003996693589983105;0;1;;"test0";33246;54955977
505;-315489128;true;0.004001263105149405;0;1;;"test0";27679;54955977
505;-882465397;true;0.004001263105149405;0;1;;"test0";36064;54955977
505;67325490;true;0.0040015364238503845;0;1;;"test0";27362;54955977
505;-1654628103;true;0.004002548904623852;0;1;;"test0";37312;54955977
505;-2020206355;true;0.004002548904623852;0;1;;"test0";38056;54955977
505;-1949125945;true;0.004002548904623852;0;1;;"test0";31811;54955977
505;1930370105;true;0.00400383042812611;0;1;;"test0";29020;54955977
505;-408198391;true;0.00400383042812611;0;1;;"test0";23419;54955977
505;-2093558974;true;0.004004046605180653;0;1;;"test0";32328;54955977
505;1530831221;true;0.004004046605180653;0;1;;"test0";30457;54955977
505;1896585077;true;0.004004046605180653;0;1;;"test0";36007;54955977
505;-1183993963;true;0.004004046605180653;0;1;;"test0";34249;54955977
505;1384302424;true;0.004004046605180653;0;1;;"test0";1;54955977
505;-22019733;true;0.004004046605180653;0;1;;"test0";22478;54955977
505;363692169;true;0.004004046605180653;0;1;;"test0";37239;54955977
506;-1228455119;false;-1;0;0;;;32635;55161328
506;-675451193;false;-1;0;0;;;24606;55161328
506;-1817941412;true;0.0035849927320058075;0;1;;"test0";29283;55161328
506;1302492271;true;0.0035994427202612617;0;1;;"test0";29914;55161328
506;1467218107;true;0.0035994427202612617;0;1;;"test0";32675;55161328
506;858904650;true;0.0035994427202612617;0;1;;"test0";29200;55161328
506;1547342562;true;0.003796113882157877;0;1;;"test0";34824;55161328
506;2050497305;true;0.003796113882157877;0;1;;"test0";35120;55161328
506;-1859188730;true;0.003796113882157877;0;1;;"test0";37205;55161328
506;1726880696;true;0.0038091741485492808;0;1;;"test0";37897;55161328
506;467901213;true;0.0038091741485492808;0;1;;"test0";35879;55161328
506;1355638598;true;0.0038792212642431074;0;1;;"test0";29732;55161328
506;1031025134;true;0.003967613791140132;0;1;;"test0";29081;55161328
506;-1658733926;true;0.003968749725498957;0;1;;"test0";34903;55161328
506;-1354135078;true;0.003971264222600891;0;1;;"test0";33362;55161328
506;-1327856866;true;0.00397508597276459;0;1;;"test0";33387;55161328
506;1247940638;true;0.00397508597276459;0;1;;"test0";34815;55161328
506;-328963173;true;0.003977482233872973;0;1;;"test0";29226;55161328
506;-866964498;true;0.003977482233872973;0;1;;"test0";28031;55161328
506;-1200866965;true;0.00397925437354949;0;1;;"test0";27805;55161328
506;1441884718;true;0.003981412244461138;0;1;;"test0";37896;55161328
506;1463350078;true;0.003981412244461138;0;1;;"test0";23414;55161328
506;-1724643986;true;0.003981412244461138;0;1;;"test0";35840;55161328
506;-869217041;true;0.003982510361550124;0;1;;"test0";38443;55161328
506;-1855140375;true;0.003982510361550124;0;1;;"test0";20335;55161328
506;1443106357;true;0.003984746109336189;0;1;;"test0";32869;55161328
506;-211167012;true;0.003984746109336189;0;1;;"test0";39110;55161328
506;-211167012;true;0.003984746109336189;0;1;;"test0";28785;55161328
506;-211167012;true;0.003984746109336189;0;1;;"test0";33400;55161328
506;419057465;true;0.003996693589983105;0;1;;"test0";31561;55161328
506;-1276496250;true;0.003996693589983105;0;1;;"test0";27672;55161328
506;755522418;true;0.003996693589983105;0;1;;"test0";27744;55161328
506;-788873189;true;0.004001263105149405;0;1;;"test0";36899;55161328
506;1643257301;true;0.004001263105149405;0;1;;"test0";27502;55161328
506;1933490178;true;0.004001263105149405;0;1;;"test0";29671;55161328
506;-882465397;true;0.004001263105149405;0;1;;"test0";30525;55161328
506;1728149040;true;0.004001263105149405;0;1;;"test0";38439;55161328
506;1153336469;true;0.004001263105149405;0;1;;"test0";37524;55161328
506;-1654628103;true;0.004002548904623852;0;1;;"test0";33204;55161328
506;-560452241;true;0.004002548904623852;0;1;;"test0";32256;55161328
506;1652805686;true;0.004002548904623852;0;1;;"test0";34985;55161328
506;-408198391;true;0.00400383042812611;0;1;;"test0";22329;55161328
506;1930370105;true;0.00400383042812611;0;1;;"test0";39126;55161328
506;-1945284915;true;0.00400383042812611;0;1;;"test0";37832;55161328
506;-40468779;true;0.004004046605180653;0;1;;"test0";20524;55161328
506;-22019733;true;0.004004046605180653;0;1;;"test0";3;55161328
506;1512095859;true;0.004004046605180653;0;1;;"test0";28003;55161328
506;363692169;true;0.004004046605180653;0;1;;"test0";36841;55161328
506;1875626232;true;0.004004046605180653;0;1;;"test0";22796;55161328
507;747005504;true;0.002574370709382151;0;1;;"test0";38325;55368116
507;-1350329219;true;0.003003432494279176;0;1;;"test0";34009;55368116
507;1674026740;true;0.003003432494279176;0;1;;"test0";16949;55368116
507;-1639332278;true;0.0035778831144649397;0;1;;"test0";31356;55368116
507;-565015733;true;0.0035994427202612617;0;1;;"test0";24775;55368116
507;1352317994;true;0.0038792212642431074;0;1;;"test0";38200;55368116
507;1355638598;true;0.0038792212642431074;0;1;;"test0";30855;55368116
507;1257076667;true;0.0038792212642431074;0;1;;"test0";25991;55368116
507;1355638598;true;0.0038792212642431074;0;1;;"test0";37542;55368116
507;-1740752626;true;0.003889272220475405;0;1;;"test0";24417;55368116
507;-1113233838;true;0.003967486555095063;0;1;;"test0";30546;55368116
507;1956605727;true;0.003971264222600891;0;1;;"test0";34638;55368116
507;1247940638;true;0.00397508597276459;0;1;;"test0";31781;55368116
507;948545269;true;0.00397508597276459;0;1;;"test0";33334;55368116
507;-941654508;true;0.00397925437354949;0;1;;"test0";24993;55368116
507;-1200866965;true;0.00397925437354949;0;1;;"test0";36918;55368116
507;698325672;true;0.00397925437354949;0;1;;"test0";26407;55368116
507;-1200866965;true;0.00397925437354949;0;1;;"test0";28447;55368116
507;-1200866965;true;0.00397925437354949;0;1;;"test0";35038;55368116
507;1715035097;true;0.00397925437354949;0;1;;"test0";30731;55368116
507;-1724643986;true;0.003981412244461138;0;1;;"test0";27740;55368116
507;-1615112722;true;0.003981412244461138;0;1;;"test0";30148;55368116
507;-129189585;true;0.003982510361550124;0;1;;"test0";25045;55368116
507;-1023545097;true;0.003982510361550124;0;1;;"test0";33989;55368116
507;489305372;true;0.003996693589983105;0;1;;"test0";36946;55368116
507;344374247;true;0.003996693589983105;0;1;;"test0";24777;55368116
507;632866560;true;0.003996693589983105;0;1;;"test0";36631;55368116
507;-1276496250;true;0.003996693589983105;0;1;;"test0";34117;55368116
507;-499284931;true;0.004001263105149405;0;1;;"test0";38008;55368116
507;1728149040;true;0.004001263105149405;0;1;;"test0";35072;55368116
507;969985688;true;0.004001263105149405;0;1;;"test0";31570;55368116
507;641191572;true;0.004001263105149405;0;1;;"test0";38402;55368116
507;1728149040;true;0.004001263105149405;0;1;;"test0";38027;55368116
507;1229631044;true;0.004001263105149405;0;1;;"test0";35203;55368116
507;551384523;true;0.004001263105149405;0;1;;"test0";32922;55368116
507;-1654628103;true;0.004002548904623852;0;1;;"test0";34424;55368116
507;944794155;true;0.004002548904623852;0;1;;"test0";38274;55368116
507;-1945284915;true;0.00400383042812611;0;1;;"test0";35004;55368116
507;-1833984133;true;0.00400383042812611;0;1;;"test0";30798;55368116
507;1321967132;true;0.00400383042812611;0;1;;"test0";33287;55368116
507;-513955863;true;0.00400383042812611;0;1;;"test0";31010;55368116
507;-789164362;true;0.00400383042812611;0;1;;"test0";31813;55368116
507;-40468779;true;0.004004046605180653;0;1;;"test0";17140;55368116
507;1875626232;true;0.004004046605180653;0;1;;"test0";1;55368116
507;-117660712;true;0.004004046605180653;0;1;;"test0";38701;55368116
507;-995141731;true;0.004004046605180653;0;1;;"test0";30017;55368116
507;363692169;true;0.004004046605180653;0;1;;"test0";1;55368116
507;-1972640435;true;0.004004046605180653;0;1;;"test0";36666;55368116
507;180163275;true;0.004004046605180653;0;1;;"test0";37139;55368116
507;-40468779;true;0.004004046605180653;0;1;;"test0";24585;55368116
508;-2115021898;true;0.002942137953579601;0;1;;"test0";35677;55568567
508;-2115482624;true;0.003003432494279176;0;1;;"test0";38633;55568567
508;1210030495;true;0.003003432494279176;0;1;;"test0";36912;55568567
508;-116488622;true;0.003003432494279176;0;1;;"test0";35499;55568567
508;-1170279582;true;0.0035733377669226805;0;1;;"test0";27426;55568567
508;-1859558373;true;0.0035755480409207082;0;1;;"test0";30149;55568567
508;798529651;true;0.0035994427202612617;0;1;;"test0";41477;55568567
508;-267720672;true;0.0035994427202612617;0;1;;"test0";27095;55568567
508;70139961;true;0.003796113882157877;0;1;;"test0";33404;55568567
508;1472235472;true;0.003796113882157877;0;1;;"test0";36857;55568567
508;1314994631;true;0.003796113882157877;0;1;;"test0";33895;55568567
508;48431181;true;0.003796113882157877;0;1;;"test0";20634;55568567
508;-1025230589;true;0.003796113882157877;0;1;;"test0";20395;55568567
508;1731266917;true;0.003889272220475405;0;1;;"test0";27677;55568567
508;1663651279;true;0.003967486555095063;0;1;;"test0";24777;55568567
508;-1113233838;true;0.003967486555095063;0;1;;"test0";34889;55568567
508;1956605727;true;0.003971264222600891;0;1;;"test0";30603;55568567
508;1956605727;true;0.003971264222600891;0;1;;"test0";30050;55568567
508;1956605727;true;0.003971264222600891;0;1;;"test0";26942;55568567
508;-813640121;true;0.003971264222600891;0;1;;"test0";34585;55568567
508;555575618;true;0.003971919528810803;0;1;;"test0";24838;55568567
508;948545269;true;0.00397508597276459;0;1;;"test0";36119;55568567
508;948545269;true;0.00397508597276459;0;1;;"test0";35230;55568567
508;838450992;true;0.00397508597276459;0;1;;"test0";37012;55568567
508;-2026600570;true;0.003981412244461138;0;1;;"test0";30089;55568567
508;-1615112722;true;0.003981412244461138;0;1;;"test0";34127;55568567
508;-1124047614;true;0.003981412244461138;0;1;;"test0";31647;55568567
508;1906195759;true;0.003984746109336189;0;1;;"test0";33718;55568567
508;328327428;true;0.003996693589983105;0;1;;"test0";21981;55568567
508;739871838;true;0.003996693589983105;0;1;;"test0";26884;55568567
508;-1570107645;true;0.003996693589983105;0;1;;"test0";26764;55568567
508;1064058645;true;0.003996693589983105;0;1;;"test0";26782;55568567
508;-2011193047;true;0.004001263105149405;0;1;;"test0";35808;55568567
508;1166505313;true;0.004001263105149405;0;1;;"test0";35005;55568567
508;-849779510;true;0.004001263105149405;0;1;;"test0";30003;55568567
508;-2045228855;true;0.004001263105149405;0;1;;"test0";34336;55568567
508;2047765452;true;0.004001263105149405;0;1;;"test0";29108;55568567
508;-742740290;true;0.004002548904623852;0;1;;"test0";36549;55568567
508;-1654628103;true;0.004002548904623852;0;1;;"test0";35931;55568567
508;1440408499;true;0.004002548904623852;0;1;;"test0";35104;55568567
508;81985913;true;0.004002548904623852;0;1;;"test0";35632;55568567
508;1813679053;true;0.004002548904623852;0;1;;"test0";41575;55568567
508;-600707937;true;0.00400383042812611;0;1;;"test0";33440;55568567
508;-1833984133;true;0.00400383042812611;0;1;;"test0";29800;55568567
508;-789164362;true;0.00400383042812611;0;1;;"test0";24138;55568567
508;-1945284915;true;0.00400383042812611;0;1;;"test0";28796;55568567
508;266086339;true;0.00400383042812611;0;1;;"test0";34174;55568567
508;-40468779;true;0.004004046605180653;0;1;;"test0";1;55568567
508;1812701482;true;0.004004046605180653;0;1;;"test0";28256;55568567
508;180163275;true;0.004004046605180653;0;1;;"test0";2;55568567
509;636274053;false;-1;0;1;;"test0";NaN;55781177
509;-2113235550;true;0.003003432494279176;0;1;;"test0";34257;55781177
509;-1414584191;true;0.003146453089244851;0;1;;"test0";29620;55781177
509;-431282345;true;0.0034425530005877257;0;1;;"test0";35876;55781177
509;-49602522;true;0.003573759106305973;0;1;;"test0";26142;55781177
509;-1859558373;true;0.0035755480409207082;0;1;;"test0";36533;55781177
509;-194641573;true;0.0035755480409207082;0;1;;"test0";36945;55781177
509;-1859558373;true;0.0035755480409207082;0;1;;"test0";31386;55781177
509;-1867046974;true;0.0035755480409207082;0;1;;"test0";23485;55781177
509;926856587;true;0.003576016201066427;0;1;;"test0";30017;55781177
509;-410164503;true;0.0035770398347859406;0;1;;"test0";30387;55781177
509;110481097;true;0.0035851484988781183;0;1;;"test0";26038;55781177
509;-508156143;true;0.0035994427202612617;0;1;;"test0";37835;55781177
509;801264765;true;0.0038457721938359433;0;1;;"test0";30398;55781177
509;1731266917;true;0.003889272220475405;0;1;;"test0";31758;55781177
509;303173382;true;0.003889272220475405;0;1;;"test0";33864;55781177
509;1731266917;true;0.003889272220475405;0;1;;"test0";24228;55781177
509;1731266917;true;0.003889272220475405;0;1;;"test0";26367;55781177
509;1729128601;true;0.003889272220475405;0;1;;"test0";28785;55781177
509;1731266917;true;0.003889272220475405;0;1;;"test0";37847;55781177
509;-663427343;true;0.003967486555095063;0;1;;"test0";32563;55781177
509;-1113233838;true;0.003967486555095063;0;1;;"test0";32528;55781177
509;-1567548875;true;0.003968749725498957;0;1;;"test0";34655;55781177
509;1989940479;true;0.003971264222600891;0;1;;"test0";21089;55781177
509;-428907583;true;0.00397508597276459;0;1;;"test0";34822;55781177
509;347774330;true;0.00397508597276459;0;1;;"test0";34564;55781177
509;828031390;true;0.003981412244461138;0;1;;"test0";30304;55781177
509;1775675463;true;0.003984746109336189;0;1;;"test0";40172;55781177
509;1906195759;true;0.003984746109336189;0;1;;"test0";27085;55781177
509;1906195759;true;0.003984746109336189;0;1;;"test0";37638;55781177
509;807568480;true;0.003996693589983105;0;1;;"test0";34491;55781177
509;1064058645;true;0.003996693589983105;0;1;;"test0";22925;55781177
509;-2045228855;true;0.004001263105149405;0;1;;"test0";34318;55781177
509;1826319756;true;0.004001263105149405;0;1;;"test0";34570;55781177
509;1440408499;true;0.004002548904623852;0;1;;"test0";34095;55781177
509;-1654628103;true;0.004002548904623852;0;1;;"test0";30842;55781177
509;1813679053;true;0.004002548904623852;0;1;;"test0";34736;55781177
509;1350798746;true;0.004002548904623852;0;1;;"test0";33053;55781177
509;2039029617;true;0.004002548904623852;0;1;;"test0";33663;55781177
509;266086339;true;0.00400383042812611;0;1;;"test0";28089;55781177
509;-58679153;true;0.00400383042812611;0;1;;"test0";37680;55781177
509;-1701068618;true;0.004004046605180653;0;1;;"test0";29556;55781177
509;180163275;true;0.004004046605180653;0;1;;"test0";1;55781177
509;1444624719;true;0.004004046605180653;0;1;;"test0";30463;55781177
509;-40468779;true;0.004004046605180653;0;1;;"test0";30217;55781177
509;-1797490841;true;0.004004046605180653;0;1;;"test0";22997;55781177
509;1812701482;true;0.004004046605180653;0;1;;"test0";36138;55781177
509;-40468779;true;0.004004046605180653;0;1;;"test0";36343;55781177
509;-617393948;true;0.004004046605180653;0;1;;"test0";37368;55781177
510;596654490;true;0.003003432494279176;0;1;;"test0";28870;55984149
510;-431282345;true;0.0034425530005877257;0;1;;"test0";31343;55984149
510;1177593907;true;0.0034425530005877257;0;1;;"test0";37009;55984149
510;926856587;true;0.003576016201066427;0;1;;"test0";29102;55984149
510;1194798569;true;0.0035770398347859406;0;1;;"test0";41202;55984149
510;-410164503;true;0.0035770398347859406;0;1;;"test0";31309;55984149
510;-1848432424;true;0.0035774849907312407;0;1;;"test0";27315;55984149
510;110481097;true;0.0035851484988781183;0;1;;"test0";26000;55984149
510;-659796605;true;0.0035994427202612617;0;1;;"test0";29846;55984149
510;-508156143;true;0.0035994427202612617;0;1;;"test0";34631;55984149
510;-1545743138;true;0.0035994427202612617;0;1;;"test0";34831;55984149
510;1841360776;true;0.0035994427202612617;0;1;;"test0";29700;55984149
510;801264765;true;0.0038457721938359433;0;1;;"test0";29555;55984149
510;801264765;true;0.0038457721938359433;0;1;;"test0";37156;55984149
510;1220685599;true;0.0038468834222217183;0;1;;"test0";29490;55984149
510;-1996319370;true;0.003967486555095063;0;1;;"test0";29137;55984149
510;1101953032;true;0.003967486555095063;0;1;;"test0";27791;55984149
510;248267699;true;0.003968749725498957;0;1;;"test0";31091;55984149
510;684972161;true;0.003968749725498957;0;1;;"test0";28791;55984149
510;334549725;true;0.003968749725498957;0;1;;"test0";36849;55984149
510;-982610277;true;0.003971264222600891;0;1;;"test0";29522;55984149
510;1895110155;true;0.003971264222600891;0;1;;"test0";29503;55984149
510;-675201026;true;0.003971264222600891;0;1;;"test0";16663;55984149
510;-832894121;true;0.00397508597276459;0;1;;"test0";31019;55984149
510;1551862842;true;0.00397508597276459;0;1;;"test0";36741;55984149
510;-1224597114;true;0.00397508597276459;0;1;;"test0";37192;55984149
510;347774330;true;0.00397508597276459;0;1;;"test0";22761;55984149
510;347774330;true;0.00397508597276459;0;1;;"test0";29048;55984149
510;1587058267;true;0.00397508597276459;0;1;;"test0";37077;55984149
510;-705141331;true;0.00397508597276459;0;1;;"test0";27285;55984149
510;1906195759;true;0.003984746109336189;0;1;;"test0";29433;55984149
510;1906195759;true;0.003984746109336189;0;1;;"test0";18903;55984149
510;-108052970;true;0.003984746109336189;0;1;;"test0";41256;55984149
510;1906195759;true;0.003984746109336189;0;1;;"test0";30226;55984149
510;1906195759;true;0.003984746109336189;0;1;;"test0";22463;55984149
510;90784397;true;0.003984746109336189;0;1;;"test0";38937;55984149
510;-320329438;true;0.003984746109336189;0;1;;"test0";38392;55984149
510;1265916122;true;0.003984746109336189;0;1;;"test0";33076;55984149
510;1999205001;true;0.004002548904623852;0;1;;"test0";26720;55984149
510;1813679053;true;0.004002548904623852;0;1;;"test0";41686;55984149
510;1765545189;true;0.00400278389289044;0;1;;"test0";30349;55984149
510;-58679153;true;0.00400383042812611;0;1;;"test0";20042;55984149
510;-58679153;true;0.00400383042812611;0;1;;"test0";24025;55984149
510;-1701068618;true;0.004004046605180653;0;1;;"test0";24003;55984149
510;1174834070;true;0.004004046605180653;0;1;;"test0";27314;55984149
510;-617393948;true;0.004004046605180653;0;1;;"test0";1;55984149
510;-40468779;true;0.004004046605180653;0;1;;"test0";1;55984149
510;-1797490841;true;0.004004046605180653;0;1;;"test0";38166;55984149
510;1181508224;true;0.004004046605180653;0;1;;"test0";27161;55984149
510;-152551788;true;0.004004046605180653;0;1;;"test0";38452;55984149
511;-225987512;true;0.002942137953579601;0;1;;"test0";30650;56189389
511;824775890;true;0.003003432494279176;0;1;;"test0";38810;56189389
511;515932326;true;0.003003432494279176;0;1;;"test0";34705;56189389
511;-1229339889;true;0.003146453089244851;0;1;;"test0";34267;56189389
511;-1975941228;true;0.003574021754351471;0;1;;"test0";37195;56189389
511;-359314819;true;0.0035753878016832863;0;1;;"test0";30463;56189389
511;411909590;true;0.0035753878016832863;0;1;;"test0";28168;56189389
511;1346737028;true;0.003576810419140631;0;1;;"test0";30922;56189389
511;-2125484899;true;0.0035774849907312407;0;1;;"test0";22767;56189389
511;1462518407;true;0.0035774849907312407;0;1;;"test0";22934;56189389
511;1180412087;true;0.003590714097699322;0;1;;"test0";28591;56189389
511;542348299;true;0.00359769632068903;0;1;;"test0";24287;56189389
511;1815506198;true;0.0035994427202612617;0;1;;"test0";28550;56189389
511;696986884;true;0.003796113882157877;0;1;;"test0";28530;56189389
511;516138913;true;0.003796113882157877;0;1;;"test0";28959;56189389
511;877738780;true;0.003796113882157877;0;1;;"test0";34280;56189389
511;867116778;true;0.003796113882157877;0;1;;"test0";28875;56189389
511;1294536136;true;0.0038457721938359433;0;1;;"test0";19641;56189389
511;1989977145;true;0.0038468834222217183;0;1;;"test0";28624;56189389
511;981127918;true;0.003877628757662685;0;1;;"test0";36553;56189389
511;248267699;true;0.003968749725498957;0;1;;"test0";36234;56189389
511;1486112103;true;0.003968749725498957;0;1;;"test0";36448;56189389
511;1759910265;true;0.003971264222600891;0;1;;"test0";31112;56189389
511;1608299392;true;0.00397508597276459;0;1;;"test0";32666;56189389
511;-1782217979;true;0.00397508597276459;0;1;;"test0";31428;56189389
511;347774330;true;0.00397508597276459;0;1;;"test0";31769;56189389
511;-1441164887;true;0.003978714284137195;0;1;;"test0";27856;56189389
511;-776999648;true;0.003981412244461138;0;1;;"test0";30269;56189389
511;-1334099891;true;0.003984746109336189;0;1;;"test0";38780;56189389
511;1906195759;true;0.003984746109336189;0;1;;"test0";35675;56189389
511;-320329438;true;0.003984746109336189;0;1;;"test0";35419;56189389
511;-1959540009;true;0.003984746109336189;0;1;;"test0";35483;56189389
511;1906195759;true;0.003984746109336189;0;1;;"test0";40656;56189389
511;1906195759;true;0.003984746109336189;0;1;;"test0";31166;56189389
511;584828813;true;0.003996693589983105;0;1;;"test0";36876;56189389
511;-1673551872;true;0.004001263105149405;0;1;;"test0";34615;56189389
511;1999205001;true;0.004002548904623852;0;1;;"test0";31508;56189389
511;450768777;true;0.004002548904623852;0;1;;"test0";36283;56189389
511;-1190164811;true;0.00400278389289044;0;1;;"test0";27593;56189389
511;-367434614;true;0.00400278389289044;0;1;;"test0";33588;56189389
511;-1503546366;true;0.00400278389289044;0;1;;"test0";30547;56189389
511;1250279180;true;0.00400278389289044;0;1;;"test0";35740;56189389
511;892592284;true;0.00400383042812611;0;1;;"test0";19663;56189389
511;-58679153;true;0.00400383042812611;0;1;;"test0";20976;56189389
511;-1601506216;true;0.00400383042812611;0;1;;"test0";36855;56189389
511;-108675031;true;0.00400383042812611;0;1;;"test0";35803;56189389
511;-1529845180;true;0.004004046605180653;0;1;;"test0";38826;56189389
511;-322367722;true;0.004004046605180653;0;1;;"test0";30776;56189389
511;-152551788;true;0.004004046605180653;0;1;;"test0";1;56189389
511;1181508224;true;0.004004046605180653;0;1;;"test0";1;56189389
512;1450035331;true;0.003003432494279176;0;1;;"test0";23349;56393264
512;821971538;true;0.003003432494279176;0;1;;"test0";34231;56393264
512;-1633911694;true;0.003003432494279176;0;1;;"test0";26840;56393264
512;1507437560;true;0.003576016201066427;0;1;;"test0";31792;56393264
512;59618223;true;0.0035774849907312407;0;1;;"test0";39394;56393264
512;1462518407;true;0.0035774849907312407;0;1;;"test0";39970;56393264
512;-1889176634;true;0.003590714097699322;0;1;;"test0";27035;56393264
512;-1904869526;true;0.0035994427202612617;0;1;;"test0";34929;56393264
512;-130726547;true;0.0035994427202612617;0;1;;"test0";25165;56393264
512;262603758;true;0.0035994427202612617;0;1;;"test0";35237;56393264
512;516138913;true;0.003796113882157877;0;1;;"test0";34634;56393264
512;-826283777;true;0.003796113882157877;0;1;;"test0";35588;56393264
512;-1938367272;true;0.003796113882157877;0;1;;"test0";29472;56393264
512;-1646289785;true;0.003796113882157877;0;1;;"test0";30968;56393264
512;1141273959;true;0.003796113882157877;0;1;;"test0";29680;56393264
512;1294536136;true;0.0038457721938359433;0;1;;"test0";34722;56393264
512;389298709;true;0.0038468834222217183;0;1;;"test0";33229;56393264
512;-804500915;true;0.0038471116626690506;0;1;;"test0";29268;56393264
512;-118460823;true;0.0038520312413492007;0;1;;"test0";26625;56393264
512;1993644134;true;0.003875721941553834;0;1;;"test0";39876;56393264
512;-488153486;true;0.003889272220475405;0;1;;"test0";35483;56393264
512;-594807964;true;0.003971264222600891;0;1;;"test0";37630;56393264
512;-1441164887;true;0.003978714284137195;0;1;;"test0";34509;56393264
512;-1441164887;true;0.003978714284137195;0;1;;"test0";29723;56393264
512;-776999648;true;0.003981412244461138;0;1;;"test0";35434;56393264
512;-132405646;true;0.003981412244461138;0;1;;"test0";35783;56393264
512;-625200357;true;0.003981412244461138;0;1;;"test0";33600;56393264
512;457173452;true;0.003981412244461138;0;1;;"test0";27124;56393264
512;-744351127;true;0.003996693589983105;0;1;;"test0";35551;56393264
512;-1831036143;true;0.003996693589983105;0;1;;"test0";31528;56393264
512;584828813;true;0.003996693589983105;0;1;;"test0";38822;56393264
512;-928195130;true;0.003996693589983105;0;1;;"test0";36953;56393264
512;761327258;true;0.003996693589983105;0;1;;"test0";36894;56393264
512;1481937914;true;0.004001263105149405;0;1;;"test0";29342;56393264
512;1576757192;true;0.004001263105149405;0;1;;"test0";31379;56393264
512;1845823593;true;0.004001263105149405;0;1;;"test0";25997;56393264
512;171315271;true;0.004001263105149405;0;1;;"test0";29493;56393264
512;-401093688;true;0.004002548904623852;0;1;;"test0";23800;56393264
512;594805470;true;0.004002548904623852;0;1;;"test0";20534;56393264
512;1999205001;true;0.004002548904623852;0;1;;"test0";29475;56393264
512;-752102158;true;0.004002548904623852;0;1;;"test0";29413;56393264
512;2076765868;true;0.00400278389289044;0;1;;"test0";37576;56393264
512;1314819061;true;0.00400278389289044;0;1;;"test0";20944;56393264
512;-1190164811;true;0.00400278389289044;0;1;;"test0";28853;56393264
512;210707921;true;0.00400278389289044;0;1;;"test0";39534;56393264
512;892592284;true;0.00400383042812611;0;1;;"test0";27755;56393264
512;-58679153;true;0.00400383042812611;0;1;;"test0";28637;56393264
512;710244064;true;0.00400383042812611;0;1;;"test0";25816;56393264
512;-152551788;true;0.004004046605180653;0;1;;"test0";1;56393264
512;1181508224;true;0.004004046605180653;0;1;;"test0";1;56393264
513;1308321968;true;0.00286427732079906;0;1;;"test0";31905;56592530
513;387188905;true;0.0035770398347859406;0;1;;"test0";17473;56592530
513;59618223;true;0.0035774849907312407;0;1;;"test0";31104;56592530
513;122945323;true;0.003590714097699322;0;1;;"test0";30552;56592530
513;251258523;true;0.003590714097699322;0;1;;"test0";30485;56592530
513;1291338272;true;0.0035994427202612617;0;1;;"test0";28757;56592530
513;998680347;true;0.0035994427202612617;0;1;;"test0";31873;56592530
513;156262991;true;0.0035994427202612617;0;1;;"test0";37494;56592530
513;-1904869526;true;0.0035994427202612617;0;1;;"test0";27306;56592530
513;1913401505;true;0.0035994427202612617;0;1;;"test0";29563;56592530
513;1490327022;true;0.003796113882157877;0;1;;"test0";32558;56592530
513;-1009982396;true;0.003796113882157877;0;1;;"test0";15902;56592530
513;-1469641670;true;0.003808369304476516;0;1;;"test0";41369;56592530
513;158133546;true;0.0038468834222217183;0;1;;"test0";37443;56592530
513;-2078263500;true;0.0038468834222217183;0;1;;"test0";39062;56592530
513;-1641927308;true;0.0038468834222217183;0;1;;"test0";32167;56592530
513;-594807964;true;0.003971264222600891;0;1;;"test0";24887;56592530
513;330791200;true;0.003971264222600891;0;1;;"test0";29256;56592530
513;-292836382;true;0.003971264222600891;0;1;;"test0";30387;56592530
513;-594807964;true;0.003971264222600891;0;1;;"test0";28811;56592530
513;-594807964;true;0.003971264222600891;0;1;;"test0";33945;56592530
513;-44038618;true;0.003978714284137195;0;1;;"test0";26606;56592530
513;2109289831;true;0.003980326990020503;0;1;;"test0";36721;56592530
513;-853731076;true;0.003981412244461138;0;1;;"test0";28688;56592530
513;-988896771;true;0.003984746109336189;0;1;;"test0";26000;56592530
513;449763414;true;0.003996693589983105;0;1;;"test0";41213;56592530
513;272181442;true;0.003996693589983105;0;1;;"test0";37303;56592530
513;761327258;true;0.003996693589983105;0;1;;"test0";33255;56592530
513;1283869101;true;0.003996693589983105;0;1;;"test0";32424;56592530
513;416021844;true;0.004001263105149405;0;1;;"test0";24544;56592530
513;171315271;true;0.004001263105149405;0;1;;"test0";33233;56592530
513;968029053;true;0.004001263105149405;0;1;;"test0";17806;56592530
513;-281175081;true;0.004002548904623852;0;1;;"test0";27234;56592530
513;792035946;true;0.004002548904623852;0;1;;"test0";32043;56592530
513;871184313;true;0.00400278389289044;0;1;;"test0";30530;56592530
513;1227623753;true;0.00400278389289044;0;1;;"test0";36152;56592530
513;-967378843;true;0.00400278389289044;0;1;;"test0";34883;56592530
513;150949228;true;0.00400278389289044;0;1;;"test0";29157;56592530
513;513566365;true;0.00400278389289044;0;1;;"test0";33894;56592530
513;103492481;true;0.00400278389289044;0;1;;"test0";33794;56592530
513;892592284;true;0.00400383042812611;0;1;;"test0";22912;56592530
513;688871078;true;0.00400383042812611;0;1;;"test0";25477;56592530
513;-1316725567;true;0.00400383042812611;0;1;;"test0";32301;56592530
513;-152551788;true;0.004004046605180653;0;1;;"test0";2;56592530
513;-452180286;true;0.004004046605180653;0;1;;"test0";31784;56592530
513;1181508224;true;0.004004046605180653;0;1;;"test0";30719;56592530
513;1181508224;true;0.004004046605180653;0;1;;"test0";25965;56592530
513;847888146;true;0.004004046605180653;0;1;;"test0";29558;56592530
513;-1861045830;true;0.004004046605180653;0;1;;"test0";32816;56592530
514;529374081;true;0.002942137953579601;0;1;;"test0";34515;56800176
514;2104184821;true;0.003003432494279176;0;1;;"test0";31968;56800176
514;883818672;true;0.003003432494279176;0;1;;"test0";38503;56800176
514;-968044632;true;0.003003432494279176;0;1;;"test0";35375;56800176
514;1304661285;true;0.0034425558746185242;0;1;;"test0";27553;56800176
514;425378975;true;0.0035600437799576117;0;1;;"test0";20708;56800176
514;1690700853;true;0.003573841747388412;0;1;;"test0";32858;56800176
514;-47852215;true;0.003576016201066427;0;1;;"test0";33971;56800176
514;-1617537594;true;0.0035774849907312407;0;1;;"test0";30682;56800176
514;59618223;true;0.0035774849907312407;0;1;;"test0";28130;56800176
514;-2117768700;true;0.0035994427202612617;0;1;;"test0";34983;56800176
514;1857561137;true;0.0035994427202612617;0;1;;"test0";32831;56800176
514;1377112908;true;0.003796113882157877;0;1;;"test0";20901;56800176
514;34433044;true;0.003808369304476516;0;1;;"test0";26872;56800176
514;-1470670277;true;0.0038468834222217183;0;1;;"test0";32667;56800176
514;1559846674;true;0.0038468834222217183;0;1;;"test0";39416;56800176
514;200259486;true;0.0038651141425035604;0;1;;"test0";40743;56800176
514;1075452570;true;0.003886592346508793;0;1;;"test0";34176;56800176
514;-292836382;true;0.003971264222600891;0;1;;"test0";33565;56800176
514;330791200;true;0.003971264222600891;0;1;;"test0";26574;56800176
514;976965427;true;0.003978714284137195;0;1;;"test0";36380;56800176
514;-1411934945;true;0.003981412244461138;0;1;;"test0";28818;56800176
514;-1216622710;true;0.003981412244461138;0;1;;"test0";32549;56800176
514;-853731076;true;0.003981412244461138;0;1;;"test0";30451;56800176
514;2145926582;true;0.003984746109336189;0;1;;"test0";38946;56800176
514;-1729261845;true;0.003984746109336189;0;1;;"test0";19681;56800176
514;-2109816366;true;0.003984746109336189;0;1;;"test0";34074;56800176
514;-988896771;true;0.003984746109336189;0;1;;"test0";28799;56800176
514;1606153182;true;0.003996693589983105;0;1;;"test0";32305;56800176
514;2135806995;true;0.003996693589983105;0;1;;"test0";34254;56800176
514;-887497587;true;0.003996693589983105;0;1;;"test0";37370;56800176
514;-263570825;true;0.003996693589983105;0;1;;"test0";38860;56800176
514;449763414;true;0.003996693589983105;0;1;;"test0";31861;56800176
514;2135806995;true;0.003996693589983105;0;1;;"test0";40831;56800176
514;171315271;true;0.004001263105149405;0;1;;"test0";33881;56800176
514;2111922740;true;0.004001263105149405;0;1;;"test0";33155;56800176
514;416021844;true;0.004001263105149405;0;1;;"test0";34187;56800176
514;-311558817;true;0.004002548904623852;0;1;;"test0";37237;56800176
514;-2054931428;true;0.004002548904623852;0;1;;"test0";35545;56800176
514;-1739130592;true;0.004002548904623852;0;1;;"test0";34553;56800176
514;-1153428552;true;0.004002548904623852;0;1;;"test0";37089;56800176
514;-281175081;true;0.004002548904623852;0;1;;"test0";34547;56800176
514;-967378843;true;0.00400278389289044;0;1;;"test0";34906;56800176
514;756122964;true;0.00400278389289044;0;1;;"test0";32907;56800176
514;513566365;true;0.00400278389289044;0;1;;"test0";28760;56800176
514;-1724262298;true;0.00400278389289044;0;1;;"test0";35516;56800176
514;688871078;true;0.00400383042812611;0;1;;"test0";27412;56800176
514;847888146;true;0.004004046605180653;0;1;;"test0";2;56800176
514;-1861045830;true;0.004004046605180653;0;1;;"test0";1;56800176
514;-1978608101;true;0.004004046605180653;0;1;;"test0";30669;56800176
515;-1364289321;true;0.00286427732079906;0;1;;"test0";37077;57007957
515;1889252615;true;0.003003432494279176;0;1;;"test0";37594;57007957
515;315428430;true;0.003573841747388412;0;1;;"test0";24541;57007957
515;1001521092;true;0.0035994427202612617;0;1;;"test0";29643;57007957
515;-1347847834;true;0.0035994427202612617;0;1;;"test0";33419;57007957
515;672681426;true;0.0035994427202612617;0;1;;"test0";34513;57007957
515;1377112908;true;0.003796113882157877;0;1;;"test0";33306;57007957
515;638980798;true;0.003796113882157877;0;1;;"test0";31088;57007957
515;-307434866;true;0.003796113882157877;0;1;;"test0";31198;57007957
515;1213675371;true;0.003796113882157877;0;1;;"test0";35479;57007957
515;-80940907;true;0.003796113882157877;0;1;;"test0";37525;57007957
515;1341161009;true;0.003796113882157877;0;1;;"test0";29059;57007957
515;890555639;true;0.003808369304476516;0;1;;"test0";35843;57007957
515;1704354632;true;0.0038651141425035604;0;1;;"test0";36234;57007957
515;1376704101;true;0.0038651141425035604;0;1;;"test0";34221;57007957
515;1782525099;true;0.0038654305998478307;0;1;;"test0";31399;57007957
515;-918258173;true;0.003875721941553834;0;1;;"test0";37132;57007957
515;1359464353;true;0.003886592346508793;0;1;;"test0";37230;57007957
515;1075452570;true;0.003886592346508793;0;1;;"test0";33047;57007957
515;1135248971;true;0.003886592346508793;0;1;;"test0";29488;57007957
515;1866791508;true;0.003886592346508793;0;1;;"test0";31890;57007957
515;-1198335639;true;0.0038906725830367772;0;1;;"test0";33701;57007957
515;440008819;true;0.0038906725830367772;0;1;;"test0";32697;57007957
515;1366858812;true;0.003968749725498957;0;1;;"test0";31076;57007957
515;209736577;true;0.003971264222600891;0;1;;"test0";28913;57007957
515;-292836382;true;0.003971264222600891;0;1;;"test0";29925;57007957
515;-292836382;true;0.003971264222600891;0;1;;"test0";26105;57007957
515;1931689021;true;0.003971264222600891;0;1;;"test0";36500;57007957
515;-1620089609;true;0.003971264222600891;0;1;;"test0";37613;57007957
515;-859690796;true;0.00397251558624796;0;1;;"test0";36534;57007957
515;976965427;true;0.003978714284137195;0;1;;"test0";36399;57007957
515;976965427;true;0.003978714284137195;0;1;;"test0";33397;57007957
515;738697879;true;0.003978714284137195;0;1;;"test0";34258;57007957
515;-846572933;true;0.003978714284137195;0;1;;"test0";36555;57007957
515;2145926582;true;0.003984746109336189;0;1;;"test0";24174;57007957
515;2145926582;true;0.003984746109336189;0;1;;"test0";29027;57007957
515;-903074550;true;0.003996693589983105;0;1;;"test0";23865;57007957
515;-1445013455;true;0.003996693589983105;0;1;;"test0";31385;57007957
515;51257892;true;0.004001263105149405;0;1;;"test0";41326;57007957
515;709777587;true;0.004001263105149405;0;1;;"test0";37165;57007957
515;171315271;true;0.004001263105149405;0;1;;"test0";40786;57007957
515;2111922740;true;0.004001263105149405;0;1;;"test0";38757;57007957
515;-1000218032;true;0.004002548904623852;0;1;;"test0";26455;57007957
515;217418272;true;0.004002548904623852;0;1;;"test0";36558;57007957
515;-2054931428;true;0.004002548904623852;0;1;;"test0";37150;57007957
515;263123804;true;0.004004046605180653;0;1;;"test0";27185;57007957
515;-1978608101;true;0.004004046605180653;0;1;;"test0";1;57007957
515;1052346821;true;0.004004046605180653;0;1;;"test0";24875;57007957
515;-1861045830;true;0.004004046605180653;0;1;;"test0";2;57007957
515;1905857773;true;0.004004046605180653;0;1;;"test0";26811;57007957
516;-1604993279;false;-1;0;1;;"test0";NaN;57198501
516;1806776447;true;0.002917620137299771;0;1;;"test0";23247;57198501
516;-284856147;true;0.003003432494279176;0;1;;"test0";33094;57198501
516;-240822692;true;0.00345049114166193;0;1;;"test0";35715;57198501
516;-610790827;true;0.003508033667660566;0;1;;"test0";40273;57198501
516;1337075881;true;0.0035849927320058075;0;1;;"test0";22540;57198501
516;-1498060983;true;0.0035994427202612617;0;1;;"test0";27982;57198501
516;1304139386;true;0.0035994427202612617;0;1;;"test0";22622;57198501
516;-460801014;true;0.003796113882157877;0;1;;"test0";22672;57198501
516;-80940907;true;0.003796113882157877;0;1;;"test0";20643;57198501
516;363516682;true;0.003796113882157877;0;1;;"test0";25490;57198501
516;-203780127;true;0.003808369304476516;0;1;;"test0";19844;57198501
516;890555639;true;0.003808369304476516;0;1;;"test0";25224;57198501
516;-24416260;true;0.0038651141425035604;0;1;;"test0";39196;57198501
516;1704354632;true;0.0038651141425035604;0;1;;"test0";35760;57198501
516;1782525099;true;0.0038654305998478307;0;1;;"test0";26244;57198501
516;-1858908801;true;0.0038654305998478307;0;1;;"test0";32071;57198501
516;-2042217437;true;0.0038654305998478307;0;1;;"test0";25480;57198501
516;1782525099;true;0.0038654305998478307;0;1;;"test0";22615;57198501
516;1041977375;true;0.0038654305998478307;0;1;;"test0";19890;57198501
516;1653538682;true;0.0038888146047593147;0;1;;"test0";20437;57198501
516;-990447473;true;0.0038906725830367772;0;1;;"test0";22584;57198501
516;-1198335639;true;0.0038906725830367772;0;1;;"test0";20110;57198501
516;340064920;true;0.0038906725830367772;0;1;;"test0";21353;57198501
516;1977708717;true;0.003967486555095063;0;1;;"test0";26122;57198501
516;-993503658;true;0.003968749725498957;0;1;;"test0";23270;57198501
516;1809182919;true;0.003968749725498957;0;1;;"test0";26449;57198501
516;1366858812;true;0.003968749725498957;0;1;;"test0";26278;57198501
516;1453660865;true;0.003971264222600891;0;1;;"test0";30294;57198501
516;1257013711;true;0.003971264222600891;0;1;;"test0";28741;57198501
516;-292836382;true;0.003971264222600891;0;1;;"test0";29843;57198501
516;1931689021;true;0.003971264222600891;0;1;;"test0";30906;57198501
516;-859690796;true;0.00397251558624796;0;1;;"test0";31303;57198501
516;-859690796;true;0.00397251558624796;0;1;;"test0";26320;57198501
516;1804314148;true;0.003978714284137195;0;1;;"test0";40218;57198501
516;976965427;true;0.003978714284137195;0;1;;"test0";34379;57198501
516;456071327;true;0.003984746109336189;0;1;;"test0";29322;57198501
516;1127155852;true;0.003984746109336189;0;1;;"test0";37191;57198501
516;1848253985;true;0.003996693589983105;0;1;;"test0";39623;57198501
516;-1744763830;true;0.003996693589983105;0;1;;"test0";35663;57198501
516;-1642676888;true;0.003996693589983105;0;1;;"test0";39918;57198501
516;51257892;true;0.004001263105149405;0;1;;"test0";34174;57198501
516;217418272;true;0.004002548904623852;0;1;;"test0";40417;57198501
516;-1000218032;true;0.004002548904623852;0;1;;"test0";23250;57198501
516;-1000218032;true;0.004002548904623852;0;1;;"test0";32379;57198501
516;479494160;true;0.004002548904623852;0;1;;"test0";34488;57198501
516;306321801;true;0.004004046605180653;0;1;;"test0";22230;57198501
516;1905857773;true;0.004004046605180653;0;1;;"test0";2;57198501
516;-1861045830;true;0.004004046605180653;0;1;;"test0";30877;57198501
517;-1995570117;true;0.0028643572950366922;0;1;;"test0";35226;57413180
517;-1593265352;true;0.003003432494279176;0;1;;"test0";32981;57413180
517;2098318737;true;0.003003432494279176;0;1;;"test0";31162;57413180
517;510931677;true;0.003003432494279176;0;1;;"test0";42631;57413180
517;1463632926;true;0.0035753068734544133;0;1;;"test0";33621;57413180
517;-635715317;true;0.0035776696399578353;0;1;;"test0";37458;57413180
517;1609000434;true;0.0035849927320058075;0;1;;"test0";39343;57413180
517;718721166;true;0.0035994427202612617;0;1;;"test0";32920;57413180
517;-1372928446;true;0.0035994427202612617;0;1;;"test0";24615;57413180
517;-506392539;true;0.0035994427202612617;0;1;;"test0";23235;57413180
517;63332952;true;0.003796113882157877;0;1;;"test0";35201;57413180
517;1670805020;true;0.003796113882157877;0;1;;"test0";42307;57413180
517;363516682;true;0.003796113882157877;0;1;;"test0";28944;57413180
517;363516682;true;0.003796113882157877;0;1;;"test0";29572;57413180
517;772823096;true;0.0038651141425035604;0;1;;"test0";35580;57413180
517;-2019494725;true;0.0038906725830367772;0;1;;"test0";32872;57413180
517;1533463966;true;0.0038906725830367772;0;1;;"test0";32848;57413180
517;340064920;true;0.0038906725830367772;0;1;;"test0";32915;57413180
517;-990447473;true;0.0038906725830367772;0;1;;"test0";43197;57413180
517;-320326857;true;0.0038906725830367772;0;1;;"test0";34318;57413180
517;-1336887749;true;0.003967486555095063;0;1;;"test0";33022;57413180
517;-382245690;true;0.003967486555095063;0;1;;"test0";30656;57413180
517;167167990;true;0.003968749725498957;0;1;;"test0";38303;57413180
517;1366858812;true;0.003968749725498957;0;1;;"test0";29264;57413180
517;1366858812;true;0.003968749725498957;0;1;;"test0";40417;57413180
517;-813095616;true;0.003968749725498957;0;1;;"test0";33056;57413180
517;1931689021;true;0.003971264222600891;0;1;;"test0";34141;57413180
517;-720992404;true;0.003971264222600891;0;1;;"test0";38760;57413180
517;1931689021;true;0.003971264222600891;0;1;;"test0";37065;57413180
517;1257013711;true;0.003971264222600891;0;1;;"test0";31097;57413180
517;539035695;true;0.003971264222600891;0;1;;"test0";30105;57413180
517;315534701;true;0.003978714284137195;0;1;;"test0";35108;57413180
517;-470133531;true;0.003978714284137195;0;1;;"test0";31260;57413180
517;976965427;true;0.003978714284137195;0;1;;"test0";35061;57413180
517;968564393;true;0.003984746109336189;0;1;;"test0";23969;57413180
517;1862798616;true;0.003984746109336189;0;1;;"test0";31135;57413180
517;522857711;true;0.003984746109336189;0;1;;"test0";31227;57413180
517;1093382098;true;0.003988937926417031;0;1;;"test0";40339;57413180
517;-1642676888;true;0.003996693589983105;0;1;;"test0";31932;57413180
517;-1642676888;true;0.003996693589983105;0;1;;"test0";32186;57413180
517;51257892;true;0.004001263105149405;0;1;;"test0";31502;57413180
517;51257892;true;0.004001263105149405;0;1;;"test0";40503;57413180
517;685734364;true;0.004001263105149405;0;1;;"test0";37464;57413180
517;-1122203096;true;0.004002548904623852;0;1;;"test0";33147;57413180
517;-730805100;true;0.004002548904623852;0;1;;"test0";37328;57413180
517;-1000218032;true;0.004002548904623852;0;1;;"test0";22036;57413180
517;306321801;true;0.004004046605180653;0;1;;"test0";24790;57413180
517;306321801;true;0.004004046605180653;0;1;;"test0";34569;57413180
517;-1861045830;true;0.004004046605180653;0;1;;"test0";3;57413180
517;1905857773;true;0.004004046605180653;0;1;;"test0";2;57413180
518;-1544945373;false;-1;0;1;;"test0";6;57624293
518;-1861045830;false;-1;0;1;;"test0";3;57624293
518;1905857773;false;-1;0;1;;"test0";NaN;57624293
518;-230340177;true;0.002002288329519451;0;1;;"test0";32111;57624293
518;830861621;true;0.003508033667660566;0;1;;"test0";20748;57624293
518;727060615;true;0.0035994427202612617;0;1;;"test0";32179;57624293
518;1372721968;true;0.0035994427202612617;0;1;;"test0";39619;57624293
518;-9661588;true;0.0035994427202612617;0;1;;"test0";37846;57624293
518;1444373682;true;0.003796113882157877;0;1;;"test0";36441;57624293
518;363516682;true;0.003796113882157877;0;1;;"test0";33130;57624293
518;543609363;true;0.003796113882157877;0;1;;"test0";27697;57624293
518;1774867422;true;0.0038902011410232623;0;1;;"test0";37262;57624293
518;-1260301558;true;0.0038906725830367772;0;1;;"test0";28631;57624293
518;1533463966;true;0.0038906725830367772;0;1;;"test0";24164;57624293
518;-320326857;true;0.0038906725830367772;0;1;;"test0";41434;57624293
518;382262806;true;0.003967486555095063;0;1;;"test0";34832;57624293
518;97682851;true;0.003967486555095063;0;1;;"test0";25310;57624293
518;1027206988;true;0.003967486555095063;0;1;;"test0";36960;57624293
518;2092953680;true;0.003968749725498957;0;1;;"test0";35710;57624293
518;167167990;true;0.003968749725498957;0;1;;"test0";30017;57624293
518;1273218475;true;0.003968749725498957;0;1;;"test0";33036;57624293
518;1366858812;true;0.003968749725498957;0;1;;"test0";24637;57624293
518;-927484945;true;0.003968749725498957;0;1;;"test0";33112;57624293
518;1366858812;true;0.003968749725498957;0;1;;"test0";40612;57624293
518;-1461421872;true;0.003968749725498957;0;1;;"test0";35494;57624293
518;1366858812;true;0.003968749725498957;0;1;;"test0";33094;57624293
518;1305019897;true;0.003968749725498957;0;1;;"test0";33851;57624293
518;539035695;true;0.003971264222600891;0;1;;"test0";37792;57624293
518;1136814308;true;0.003971264222600891;0;1;;"test0";30189;57624293
518;-1796225463;true;0.003978714284137195;0;1;;"test0";37581;57624293
518;122214777;true;0.003978714284137195;0;1;;"test0";32135;57624293
518;140176097;true;0.003978714284137195;0;1;;"test0";37618;57624293
518;968564393;true;0.003984746109336189;0;1;;"test0";28726;57624293
518;968564393;true;0.003984746109336189;0;1;;"test0";39413;57624293
518;-363474372;true;0.003984746109336189;0;1;;"test0";24148;57624293
518;565148677;true;0.003988937926417031;0;1;;"test0";34814;57624293
518;1093382098;true;0.003988937926417031;0;1;;"test0";37405;57624293
518;1093382098;true;0.003988937926417031;0;1;;"test0";34750;57624293
518;-627257024;true;0.003995190996930685;0;1;;"test0";30814;57624293
518;-1642676888;true;0.003996693589983105;0;1;;"test0";31146;57624293
518;-1642676888;true;0.003996693589983105;0;1;;"test0";33492;57624293
518;160554137;true;0.004001263105149405;0;1;;"test0";39535;57624293
518;2074160685;true;0.004001263105149405;0;1;;"test0";36447;57624293
518;-482031818;true;0.004001263105149405;0;1;;"test0";37516;57624293
518;1082981457;true;0.004002548904623852;0;1;;"test0";28077;57624293
518;-1122203096;true;0.004002548904623852;0;1;;"test0";29165;57624293
518;-1426916986;true;0.00400278389289044;0;1;;"test0";32100;57624293
518;1887043193;true;0.004004046605180653;0;1;;"test0";29945;57624293
518;-1833050151;true;0.004004046605180653;0;1;;"test0";29506;57624293
518;-1368758110;true;0.004004046605180653;0;1;;"test0";34396;57624293
